-0.000471979
  0.00173056
  -0.0012306
 -0.00127742
 0.000458277
  0.00133281
 0.000695817
-0.000564426
 -0.00113052
-0.000629599
 0.000303464
 0.000946744
 0.000782386
  1.3741e-05
-0.000736959
-0.000943786
-0.000395005
 0.000430617
  0.00100986
  0.00083853
 1.92623e-07
-0.000872311
 -0.00118711
-0.000618954
 0.000485655
   0.0012958
  0.00120035
 0.000184588
 -0.00102255
 -0.00155753
-0.000910505
 0.000386842
  0.00149334
  0.00148955
 0.000372979
 -0.00107921
 -0.00168204
 -0.00105746
 0.000421796
  0.00158366
  0.00156048
 0.000272534
 -0.00125401
 -0.00178226
 -0.00101156
 0.000675598
  0.00183162
  0.00156442
 9.68682e-05
 -0.00147602
 -0.00190622
-0.000915814
 0.000776731
  0.00189128
  0.00156198
 3.80071e-05
 -0.00139981
 -0.00178937
-0.000876488
 0.000625112
  0.00156413
  0.00134779
 0.000274274
-0.000929525
 -0.00134919
-0.000876262
 0.000121439
 0.000852823
 0.000921973
 0.000509331
-0.000134998
 -0.00056735
-0.000606907
-0.000344156
 1.84093e-05
 0.000296658
 0.000470923
 0.000352438
 0.000125542
-0.000254549
-0.000522935
-0.000427555
 -8.3009e-05
 0.000363016
 0.000574983
 0.000430649
 1.86515e-05
-0.000443834
-0.000624324
-0.000426271
-4.42303e-06
 0.000484876
 0.000657114
  0.00044763
 5.42168e-06
-0.000440702
-0.000677695
-0.000521505
-6.70965e-05
 0.000450919
 0.000753936
 0.000619672
 7.92666e-05
-0.000576025
 -0.00090882
-0.000660669
 2.57628e-05
 0.000803773
  0.00108146
 0.000589382
-0.000305859
 -0.00101608
 -0.00112855
-0.000396257
 0.000648515
   0.0012156
 0.000962245
 4.65044e-06
-0.000938286
 -0.00118741
-0.000606089
 0.000358431
  0.00104101
 0.000941262
 0.000224764
-0.000569417
-0.000889994
-0.000616513
 3.98882e-05
 0.000535313
 0.000659312
 0.000343822
-7.50173e-05
-0.000395208
-0.000472995
-0.000295995
 6.75966e-06
 0.000305983
 0.000442964
 0.000359776
 2.07277e-05
-0.000338684
-0.000555805
-0.000379748
 5.97481e-05
 0.000533632
 0.000640567
 0.000300338
-0.000261079
-0.000695357
-0.000659851
-0.000157964
 0.000454538
 0.000787882
 0.000570563
-3.15174e-05
-0.000545211
-0.000721422
 -0.00036311
 0.000136618
 0.000503845
 0.000495467
 0.000203697
-0.000124984
-0.000345977
-0.000294735
-0.000102106
 5.06797e-05
 0.000133764
 0.000132695
 2.76553e-05
 1.97685e-05
 0.000103374
 6.32445e-05
-8.26744e-07
 -0.00014922
-0.000218791
-0.000236761
-7.27044e-05
 0.000193022
 0.000397799
 0.000406537
 0.000139736
-0.000269654
-0.000594234
-0.000536531
-8.32071e-05
 0.000400043
 0.000662561
 0.000468637
 1.43099e-05
-0.000459459
 -0.00060226
-0.000328757
 0.000121114
 0.000404347
 0.000435756
 0.000137525
-0.000155764
-0.000304616
-0.000256135
-1.25204e-05
 0.000127345
 0.000243903
 0.000128261
-3.41826e-05
-0.000179355
-0.000194167
-3.83777e-05
  0.00014602
 0.000251426
 0.000154867
-0.000107433
-0.000370319
-0.000377243
-4.55347e-05
 0.000440834
 0.000651107
 0.000440695
-0.000209306
-0.000838657
 -0.00091056
-0.000318502
 0.000563727
  0.00115254
 0.000975285
 5.44474e-05
-0.000853777
 -0.00128527
-0.000795836
 0.000196453
  0.00101887
  0.00110466
 0.000531635
-0.000326299
-0.000897825
-0.000821826
-0.000331204
 0.000257096
 0.000623373
  0.00057951
 0.000327227
-8.57421e-05
-0.000344509
-0.000510259
-0.000384713
 -0.00015804
 0.000190069
 0.000499833
 0.000591313
 0.000313474
-0.000199258
-0.000633323
-0.000718564
-0.000309451
 0.000325605
 0.000799078
 0.000739298
 0.000168392
-0.000576005
-0.000917935
 -0.00062274
 0.000146312
  0.00084189
 0.000896165
 0.000349359
-0.000424354
 -0.00102054
-0.000832311
-0.000138348
 0.000697974
  0.00110257
  0.00080706
-1.22845e-05
-0.000826635
  -0.0011933
-0.000782472
 2.90134e-05
 0.000883649
  0.00124748
  0.00086495
-3.88352e-05
-0.000953422
 -0.00128942
-0.000898883
 7.05098e-05
  0.00102289
  0.00130767
 0.000834974
-0.000164567
  -0.0010431
 -0.00123456
-0.000703003
 0.000256258
 0.000991708
  0.00110539
 0.000561588
-0.000284905
-0.000943587
-0.000975602
-0.000402515
 0.000356739
 0.000816945
 0.000797331
 0.000272527
-0.000382784
-0.000753745
-0.000578926
-0.000107353
 0.000410414
 0.000632285
 0.000368704
-7.04225e-05
 -0.00042454
-0.000434337
-0.000139938
 0.000189263
 0.000348938
 0.000210112
-8.21199e-05
 -0.00021566
-0.000121029
 6.13683e-05
 0.000154996
 6.52881e-05
-0.000148348
-0.000273545
-0.000100942
 0.000195065
  0.00042399
 0.000339684
-6.19696e-05
-0.000448584
 -0.00056309
-0.000258237
 0.000228974
 0.000563956
 0.000528457
 0.000129726
-0.000336873
-0.000548347
-0.000363914
-6.08592e-07
 0.000332511
 0.000388409
 0.000237348
-5.20421e-05
-0.000196476
-0.000244407
-0.000147882
-5.60354e-05
 7.80059e-06
 0.000101047
 0.000193981
 0.000241382
 0.000180061
-2.48999e-05
-0.000276782
-0.000455308
-0.000359158
 3.44532e-05
 0.000488341
 0.000629724
 0.000379681
-0.000198712
-0.000680884
-0.000727409
-0.000246472
 0.000495765
 0.000875789
 0.000642084
-6.63766e-05
-0.000774815
-0.000965129
-0.000423263
 0.000452397
 0.000996452
 0.000841811
 5.98579e-05
-0.000757063
 -0.00102525
-0.000527617
 0.000353538
   0.0009059
 0.000734406
 7.71565e-05
-0.000573588
-0.000740061
-0.000312486
  0.00026133
 0.000545442
 0.000336392
-3.23626e-05
-0.000323907
-0.000291484
-2.32177e-05
 0.000176523
 0.000169175
-2.44446e-05
-0.000130222
 8.12107e-06
 0.000155819
 0.000215535
-8.44063e-05
-0.000418952
-0.000482034
-6.70748e-05
 0.000610487
 0.000916455
 0.000544761
-0.000446526
 -0.00130306
 -0.00127027
-0.000197671
  0.00121914
  0.00188434
   0.0012101
-0.000480459
 -0.00192406
 -0.00204245
-0.000702687
  0.00119937
  0.00222162
  0.00168678
-3.00881e-05
 -0.00163145
 -0.00198341
 -0.00095049
 0.000649675
  0.00156874
  0.00129892
 0.000153513
-0.000890397
 -0.00104661
-0.000410181
 0.000382953
 0.000644122
 0.000265677
-0.000293307
 -0.00049962
-0.000129024
 0.000477043
 0.000678264
 0.000267356
-0.000483136
 -0.00093199
-0.000668562
  0.00019091
 0.000922433
 0.000977102
 0.000284469
-0.000638293
 -0.00100612
   -0.000628
 0.000241589
 0.000877812
 0.000739004
 3.66173e-05
-0.000675374
 -0.00083623
-0.000221868
 0.000563599
 0.000931664
 0.000534996
-0.000342961
 -0.00105479
-0.000967165
-0.000109452
 0.000858081
  0.00127002
 0.000806999
-0.000279738
 -0.00118196
 -0.00128214
-0.000528849
 0.000583238
  0.00129486
  0.00114414
 0.000264341
-0.000746918
 -0.00128165
-0.000982588
-7.93097e-05
  0.00082679
  0.00121154
 0.000807389
-3.36452e-05
-0.000845414
 -0.00109777
 -0.00064052
 0.000205596
 0.000790895
  0.00090818
 0.000381407
-0.000321033
-0.000745406
 -0.00061013
 -7.7228e-05
 0.000409516
  0.00057579
 0.000292875
-0.000182974
-0.000426026
-0.000305669
 6.67682e-05
 0.000305231
 0.000242288
-7.88265e-05
-0.000315096
-0.000219964
 0.000166086
 0.000442417
 0.000385668
-0.000100992
-0.000658729
-0.000701962
-0.000160337
 0.000616801
  0.00102932
 0.000631184
-0.000304309
 -0.00111628
 -0.00107855
-0.000203881
 0.000884301
  0.00128482
 0.000744339
-0.000432887
 -0.00127605
 -0.00111156
-3.89781e-05
 0.000993068
  0.00134274
 0.000537083
 -0.00068019
 -0.00136428
-0.000953211
 0.000207135
  0.00121992
  0.00129833
 0.000351209
-0.000853435
 -0.00141507
-0.000914869
 0.000246631
  0.00123321
  0.00126171
 0.000303183
-0.000712639
 -0.00115482
-0.000680802
 0.000215681
 0.000781779
 0.000685167
-2.12831e-05
-0.000544165
-0.000472235
 0.000101867
 0.000602741
 0.000513268
-0.000135492
-0.000786717
-0.000881651
-0.000197478
 0.000750583
  0.00118575
 0.000753411
-0.000349163
 -0.00109754
 -0.00108937
-0.000217915
 0.000769347
  0.00109163
 0.000516525
-0.000441394
 -0.00099356
-0.000613945
 0.000304514
 0.000997395
 0.000802622
-0.000129767
 -0.00109911
 -0.00116736
 -0.00030506
 0.000925167
  0.00149646
  0.00097417
-0.000325711
 -0.00145935
 -0.00155495
-0.000533258
 0.000930317
  0.00176232
  0.00130546
 -9.6504e-05
 -0.00137686
 -0.00170799
-0.000839025
 0.000613542
  0.00159558
  0.00149923
 0.000269948
 -0.00107202
 -0.00163134
 -0.00106232
 0.000301474
  0.00145534
  0.00156031
 0.000456923
-0.000990722
 -0.00178753
 -0.00123411
 0.000292399
  0.00168247
  0.00190402
 0.000650986
 -0.00115374
  -0.0021848
 -0.00162949
 0.000185224
  0.00193687
   0.0022501
  0.00094711
 -0.00107921
 -0.00231936
 -0.00183153
-3.14046e-05
  0.00171698
  0.00219087
 0.000998202
-0.000831164
 -0.00192995
 -0.00153236
 1.21168e-05
  0.00139656
  0.00158678
 0.000551829
-0.000872529
 -0.00146633
-0.000829079
 0.000453374
  0.00130133
  0.00104215
-9.40251e-05
 -0.00116286
 -0.00121375
-0.000242129
 0.000898332
  0.00131329
 0.000631892
-0.000562359
 -0.00127514
-0.000948316
 0.000173316
   0.0011191
  0.00111987
 0.000214442
-0.000891755
 -0.00125284
-0.000565189
 0.000609478
  0.00135759
  0.00099602
-0.000174075
 -0.00125519
 -0.00144285
-0.000561979
  0.00078167
  0.00161114
   0.0012677
 9.26281e-05
 -0.00114612
 -0.00160533
 -0.00100915
 0.000218829
  0.00126348
  0.00145322
  0.00075039
-0.000403298
 -0.00118873
 -0.00120855
-0.000538963
 0.000416967
  0.00103074
  0.00102627
 0.000392059
-0.000402163
-0.000899115
-0.000815754
-0.000306003
 0.000341979
 0.000719808
 0.000635552
 0.000285218
-0.000185495
-0.000522972
-0.000517951
-0.000334145
-1.13439e-06
 0.000279941
 0.000494991
 0.000482032
 0.000249003
-0.000217976
-0.000578333
-0.000715347
 -0.00037945
 0.000315312
 0.000805952
 0.000892975
 0.000342113
-0.000542205
  -0.0010782
-0.000917306
-0.000104443
 0.000829001
     0.00117
 0.000754623
-0.000223458
 -0.00098289
   -0.001082
-0.000384553
  0.00048102
  0.00095188
 0.000667386
 1.82749e-05
-0.000568576
-0.000611798
-0.000199535
 0.000282413
  0.00040666
 8.86845e-05
-0.000325794
-0.000324049
 5.42115e-05
 0.000509855
 0.000630857
 9.69408e-05
 -0.00067292
 -0.00103732
-0.000577199
   0.0004574
  0.00127257
  0.00113967
 0.000162857
 -0.00109331
 -0.00159541
-0.000904827
 0.000512849
  0.00162167
  0.00158305
 0.000330823
 -0.00120321
 -0.00187008
 -0.00116366
 0.000349501
  0.00163399
  0.00168597
 0.000548273
-0.000878903
 -0.00168577
  -0.0012202
 2.54591e-05
  0.00120025
   0.0014466
 0.000689525
-0.000530665
 -0.00126074
 -0.00108691
-0.000162126
 0.000812255
  0.00113574
 0.000669569
-0.000205172
-0.000877138
-0.000906923
-0.000265261
  0.00041049
 0.000758879
 0.000548581
 1.90926e-05
-0.000461341
-0.000513407
-0.000246314
 0.000194253
 0.000325673
 0.000204533
-3.00124e-05
 -0.00019354
-9.85125e-05
 9.22606e-05
 0.000144372
 3.50522e-05
-0.000136467
-0.000206098
 -8.8684e-05
 0.000192588
   0.0002326
 0.000103113
-0.000183581
-0.000293235
-0.000124547
 0.000228187
 0.000457843
 0.000252827
  -0.0002625
-0.000688364
-0.000556415
 9.65365e-05
 0.000828419
 0.000958487
 0.000325248
-0.000627686
 -0.00123905
-0.000904962
 0.000152051
  0.00117459
  0.00130735
 0.000384283
-0.000803194
  -0.0014139
-0.000823093
 0.000392907
  0.00134507
  0.00111762
-1.03219e-05
 -0.00115673
 -0.00139539
-0.000472135
  0.00086753
  0.00157406
  0.00100334
-0.000369657
 -0.00144081
 -0.00147247
-0.000348214
  0.00105195
  0.00163971
  0.00100138
-0.000293355
  -0.0013515
 -0.00146009
-0.000565443
 0.000665319
  0.00133617
  0.00111524
 0.000256314
-0.000676725
 -0.00110209
-0.000830644
 -0.00016495
 0.000522164
 0.000884465
 0.000707741
 0.000130861
-0.000438657
 -0.00074693
-0.000575332
-0.000127682
  0.00039484
 0.000621838
 0.000520218
 8.80302e-05
-0.000346949
-0.000512559
-0.000372751
-0.000102221
 0.000201273
 0.000306524
 0.000282973
 0.000176979
 4.23276e-05
-6.64397e-05
-0.000259584
-0.000388681
-0.000323156
-4.45272e-05
 0.000406613
 0.000644623
 0.000503088
-8.98962e-05
-0.000674389
-0.000859919
-0.000412965
  0.00038923
 0.000947301
 0.000860525
 0.000133242
-0.000740265
 -0.00104175
-0.000592472
 0.000254756
 0.000871781
 0.000826817
 0.000203745
-0.000510984
-0.000755184
-0.000401032
 0.000191039
 0.000475778
 0.000303378
-4.56944e-05
-0.000280063
-0.000134385
 0.000203742
 0.000349566
 0.000105922
 -0.00037576
-0.000625302
-0.000432428
 0.000231638
 0.000855296
 0.000863035
 0.000256818
-0.000586415
 -0.00109322
-0.000858098
-2.30257e-05
 0.000793464
  0.00116686
 0.000721843
 -0.00016998
-0.000942598
 -0.00107775
-0.000523188
 0.000319579
 0.000925683
 0.000979407
 0.000343096
 -0.00044998
 -0.00090741
-0.000740189
-0.000149858
 0.000531799
 0.000776677
 0.000446877
-0.000100973
-0.000540171
-0.000561726
-0.000136816
 0.000340358
 0.000547577
 0.000326254
-0.000114401
-0.000521317
 -0.00057962
-0.000218799
  0.00033064
 0.000658069
 0.000634909
 0.000173842
-0.000463062
 -0.00080953
-0.000713303
-9.13908e-05
 0.000585373
 0.000977716
 0.000712762
-4.04316e-05
 -0.00076818
 -0.00105267
-0.000662061
 0.000262918
 0.000955618
  0.00105394
 0.000394926
 -0.00052219
 -0.00106606
-0.000818043
-5.13652e-05
 0.000768138
   0.0010109
  0.00047072
-0.000377628
-0.000928071
-0.000793168
 -3.3351e-05
 0.000694329
 0.000942431
 0.000456638
-0.000298669
-0.000837573
-0.000718054
-0.000172198
 0.000433013
   0.0006568
 0.000439872
 3.40825e-05
-0.000329078
-0.000377528
-0.000213899
 3.14607e-06
 0.000139531
 0.000106182
 8.91252e-05
 5.44593e-05
 4.59545e-05
-3.43033e-06
-5.61412e-05
-0.000135317
-0.000116798
 3.38114e-06
 6.31285e-05
 0.000140441
  9.6865e-05
 2.23992e-05
-7.56689e-05
-5.20907e-05
-4.57347e-05
-7.31939e-05
-0.000110614
-6.34979e-05
 9.94539e-05
 0.000311795
 0.000338832
 9.58689e-05
-0.000306927
-0.000606328
-0.000541681
  1.8015e-06
  0.00062942
  0.00089361
 0.000572476
-0.000274917
 -0.00096283
 -0.00105509
-0.000384254
 0.000616796
  0.00125265
  0.00101851
 4.94317e-05
-0.000992555
 -0.00139912
-0.000813942
 0.000380262
  0.00130413
  0.00136707
 0.000448137
 -0.00082348
 -0.00148361
 -0.00114857
 1.07125e-05
  0.00116972
  0.00151333
 0.000807511
-0.000508005
 -0.00142356
 -0.00133094
 -0.00028443
 0.000878229
  0.00145005
 0.000993912
-0.000149028
 -0.00119388
 -0.00134417
-0.000634794
 0.000598331
  0.00135262
  0.00116551
 0.000152437
-0.000940773
 -0.00129376
-0.000791799
 0.000239758
   0.0010452
  0.00107968
 0.000415699
-0.000492736
-0.000993322
-0.000765403
-4.01596e-05
   0.0005821
 0.000741091
 0.000381237
-0.000224216
-0.000504738
-0.000405372
 1.62272e-05
 0.000350091
 0.000310428
 2.91136e-05
-0.000245827
-0.000336626
-5.03368e-05
 0.000199242
 0.000306495
 0.000152169
-0.000119305
-0.000257955
-0.000196669
 4.53949e-05
 0.000225087
 0.000194889
-4.59268e-05
-0.000232596
-0.000206778
 7.16672e-07
 0.000246833
 0.000282872
 0.000131751
-0.000163644
 -0.00038006
-0.000315617
-2.88614e-05
 0.000281173
 0.000452068
 0.000326842
-3.47437e-06
-0.000371961
-0.000520295
-0.000384873
 1.93384e-05
 0.000437117
 0.000611193
 0.000453437
-4.22443e-05
-0.000501165
-0.000676655
-0.000488364
 4.77171e-05
 0.000555706
 0.000751871
 0.000448839
-8.29205e-05
-0.000545011
-0.000694786
-0.000431896
 4.05147e-05
 0.000408967
 0.000544241
 0.000399342
 0.000111599
-0.000190605
-0.000355259
-0.000370402
-0.000258176
 -4.4733e-05
 0.000232308
 0.000389377
 0.000334773
 0.000115446
-0.000194188
-0.000402358
-0.000364509
-5.44287e-05
 0.000276439
 0.000415324
 0.000293333
-7.93878e-05
-0.000379997
-0.000414762
 -0.00013695
 0.000243203
 0.000437046
 0.000326495
-2.56729e-05
-0.000319359
-0.000398417
-0.000203923
 0.000113446
 0.000296638
  0.00027546
 6.50957e-05
-9.60609e-05
-0.000149449
-0.000122684
   -3.74e-05
-6.07472e-06
-9.65062e-06
 8.28594e-06
 8.96941e-05
 8.92509e-05
 0.000112071
 2.85059e-05
 -0.00012379
-0.000138526
 -9.7546e-05
 -2.2817e-05
 7.28668e-05
 6.14824e-05
-9.60422e-07
 1.37509e-05
  0.00012012
 0.000200586
 0.000140411
-0.000139658
-0.000480426
-0.000514894
-0.000203675
 0.000397403
 0.000832693
 0.000754645
 0.000154887
-0.000689941
 -0.00112367
-0.000821322
 6.19175e-05
 0.000953447
  0.00126355
 0.000712943
-0.000345124
 -0.00118892
 -0.00127366
-0.000506134
 0.000622098
  0.00129914
  0.00117907
 0.000258881
 -0.00080777
 -0.00130309
-0.000976324
 5.05375e-05
 0.000910719
  0.00113822
 0.000578601
-0.000293347
-0.000891181
-0.000867181
-0.000233937
 0.000518633
 0.000814727
 0.000607563
 1.60817e-05
-0.000618809
-0.000743686
 -0.00043112
 0.000182368
 0.000600755
 0.000566938
 0.000255294
-0.000180898
-0.000440523
-0.000425131
-0.000251919
 9.87246e-05
 0.000283599
 0.000354318
 0.000259886
 5.02813e-05
 -0.00018343
-0.000353433
-0.000350766
-0.000150755
  0.00019764
 0.000438932
 0.000446686
 0.000114088
-0.000324408
-0.000569862
-0.000442942
 1.08449e-05
 0.000508801
 0.000678518
 0.000338657
-0.000246125
-0.000682234
-0.000671998
 -0.00011602
 0.000514307
 0.000761422
 0.000509641
-0.000165093
-0.000716988
-0.000755801
-0.000287808
 0.000466089
 0.000869754
 0.000643109
 8.45976e-07
-0.000648925
-0.000876044
-0.000523588
 0.000187362
  0.00073028
 0.000802719
 0.000404088
 -0.00025172
 -0.00065492
-0.000635642
-0.000303192
 0.000158767
 0.000440388
 0.000403452
 0.000154472
-0.000118242
-0.000198039
-0.000116548
 1.31922e-05
 9.36586e-05
 8.27257e-05
-8.35685e-05
-0.000114137
-7.29602e-05
 4.59426e-05
 0.000123044
 0.000143302
 0.000104933
-7.79702e-05
-0.000197277
-0.000232282
 -8.6967e-05
 0.000116738
 0.000260969
 0.000254947
 0.000128964
-0.000206799
-0.000361538
-0.000332553
-6.76474e-05
 0.000288624
 0.000475999
 0.000347811
-1.91233e-05
-0.000368889
  -0.0005275
-0.000314823
 8.37457e-05
 0.000413963
 0.000468363
 0.000224154
-9.41252e-05
-0.000341265
 -0.00035403
-0.000161868
 6.58538e-05
 0.000228054
  0.00020118
 0.000112647
  5.4896e-06
-4.49806e-05
-9.12464e-05
 -0.00015016
-0.000158152
 -6.3655e-05
  6.5007e-05
 0.000255394
 0.000298523
   0.0001578
-0.000143811
-0.000374792
-0.000405995
-0.000165305
 0.000185303
 0.000445613
  0.00037295
 0.000113638
-0.000184884
-0.000313063
-0.000226975
-2.22735e-05
 0.000135592
 0.000164074
  1.5338e-05
-0.000135998
-0.000131854
-4.08958e-05
 8.91481e-05
 0.000168182
  0.00013074
 2.14588e-05
-0.000113298
-0.000113675
-4.36926e-05
 4.14058e-05
  6.6884e-05
   4.198e-05
-1.43757e-05
-3.83822e-05
-4.24654e-05
  6.6928e-06
 1.61484e-05
 5.97864e-05
-2.23199e-05
-4.39058e-05
-4.27781e-05
-1.88766e-05
 5.57141e-05
  5.3864e-05
 2.80064e-05
-6.05259e-05
 -8.4755e-05
-6.02231e-05
 2.69745e-05
 0.000130682
 0.000142207
 1.70921e-05
-0.000125993
-0.000179854
-0.000103486
 3.77035e-05
 0.000167967
 0.000181207
  6.6832e-05
-9.22401e-05
-0.000191651
-0.000128597
-5.33116e-06
 0.000126831
 0.000142528
 7.39234e-05
-4.84833e-05
-0.000132843
-0.000118347
-7.62073e-06
 8.83953e-05
 0.000122149
 8.46757e-05
-3.21763e-05
 -0.00010967
-0.000122109
-4.41974e-05
 5.30357e-05
 0.000116528
 0.000105551
  4.1898e-05
-8.97713e-05
-0.000143313
-0.000113754
 6.99333e-06
 0.000123259
 0.000175873
 9.00692e-05
-3.79673e-05
-0.000245286
-0.000235399
-4.39968e-05
 0.000242025
 0.000373719
 0.000297187
-0.000101957
-0.000573231
-0.000593304
-0.000239822
 0.000482964
 0.000975935
 0.000721135
-0.000140988
 -0.00113627
 -0.00137634
-0.000517846
  0.00100427
   0.0020296
  0.00150689
-0.000423704
  -0.0024457
  -0.0028352
-0.000848733
  0.00241735
  0.00433146
  0.00295659
 -0.00138461
   -0.005552
 -0.00592932
 -0.00111432
  0.00583716
  0.00942825
  0.00559921
 -0.00415779
   -0.012697
  -0.0122109
-0.000840083
   0.0141806
   0.0205068
   0.0103744
  -0.0115365
  -0.0288481
  -0.0251001
  0.00170673
     0.03391
   0.0443675
   0.0183219
   -0.030565
  -0.0649635
  -0.0507364
   0.0120114
   0.0802381
   0.0949254
   0.0292212
  -0.0794167
    -0.14559
  -0.0991954
   0.0479992
    0.190875
    0.199715
   0.0301662
   -0.212843
   -0.327069
   -0.169474
    0.193027
    0.477929
    0.382042
   -0.130356
   -0.682477
   -0.689097
    0.111775
     1.14698
     1.09348
   -0.919496
    -2.87351
     3.32359
  0.00861006
