 2.21048e-09
 -4.4267e-11
 8.78956e-12
-2.94377e-11
 1.22898e-11
-4.49218e-11
 -2.1831e-11
 2.88912e-12
 5.92937e-11
 2.96569e-12
-4.54826e-13
-9.31597e-11
-9.01751e-11
 7.12251e-11
 4.40756e-11
-2.93513e-11
 -2.6544e-11
-5.63201e-13
-4.12238e-12
-3.42643e-12
 7.38896e-11
 1.33935e-12
 9.72997e-11
 7.78436e-12
 4.12994e-11
 2.64402e-11
-5.86153e-11
-1.95923e-12
 7.63959e-11
 1.89788e-10
-8.67371e-12
 6.35389e-11
-6.14582e-11
-1.84933e-11
-6.00424e-12
 1.12865e-11
-1.09128e-10
-2.95334e-11
  2.2911e-11
 1.24591e-10
 4.90953e-11
-6.11568e-11
-1.47483e-10
-5.05028e-13
 7.65289e-10
-3.47208e-12
 2.57751e-10
 1.96633e-12
-3.50271e-11
-1.50523e-10
 -1.8089e-10
 2.57078e-11
-6.72943e-11
  2.0862e-11
 4.04122e-11
 1.33444e-10
-2.43147e-10
 -1.8052e-10
 3.37968e-10
-5.50427e-12
-3.55502e-10
-4.12193e-11
 1.09732e-09
-1.44912e-10
-3.43433e-10
 1.74716e-10
-2.53469e-10
-4.90663e-10
-2.02119e-10
 7.13569e-10
 2.72042e-10
  5.0913e-09
 9.27554e-10
 5.50226e-10
-5.10666e-10
 5.01818e-12
  -1.493e-10
 5.46958e-10
 6.66741e-10
 2.76807e-09
-1.24923e-10
 1.11607e-09
-3.00456e-09
 -2.2032e-09
 2.16793e-10
 1.03343e-09
-1.00247e-09
 3.15392e-10
-1.27425e-09
-2.26853e-09
  7.9355e-09
 9.97048e-09
-1.96469e-09
 4.50072e-09
-4.79246e-10
-4.98235e-11
 6.14896e-09
-2.27285e-10
 8.78752e-10
-1.68967e-09
-2.72501e-11
 1.09315e-09
-5.91815e-09
 1.42498e-09
 4.47188e-09
 1.66353e-09
 1.28048e-08
 9.31621e-09
-7.63154e-10
 5.51729e-10
 4.56557e-10
-1.40105e-09
 2.24541e-10
 -9.2602e-10
-5.52117e-10
-3.17217e-10
  -4.039e-10
-3.40693e-09
-1.59421e-10
-1.17351e-08
-6.98988e-10
 -2.2444e-10
 1.85125e-10
-1.42483e-10
-6.76882e-10
 7.05583e-11
-1.30569e-09
 -6.5749e-10
-1.90065e-09
-2.29443e-09
 1.39857e-09
 1.15174e-07
  1.0626e-09
-7.23113e-10
-3.78464e-09
 1.63057e-09
  3.3792e-09
-3.96778e-10
-2.17377e-09
 -4.2248e-09
-1.29906e-09
 8.76196e-10
-1.69399e-08
 3.95503e-09
 2.60494e-08
-1.51866e-09
-1.08088e-09
-1.17879e-08
 1.72661e-09
 3.81383e-10
-1.17258e-09
-9.72971e-08
-5.30059e-09
-6.49528e-09
-7.77751e-09
 1.01924e-08
-2.91207e-09
 1.06082e-08
-1.34672e-09
-1.27686e-08
  1.5146e-08
-5.74894e-09
 7.96339e-08
-1.30817e-08
-2.20448e-08
-1.41826e-08
-1.19185e-08
-1.77664e-08
 -7.3015e-08
 -3.4585e-08
-2.31996e-08
-1.53699e-08
 -1.2631e-08
-3.17725e-08
-2.00025e-08
-3.07311e-08
 -2.6296e-08
-2.87528e-08
-5.00663e-08
-2.83276e-08
-3.22465e-08
-2.25004e-08
-6.21309e-08
-6.90083e-08
-7.53698e-08
-5.46663e-09
-2.28798e-08
-1.43215e-07
-1.31413e-07
-1.03824e-07
 -8.6313e-08
-6.95051e-08
-2.47791e-07
 -1.3702e-07
 -1.7981e-07
-1.42524e-07
-2.13653e-07
-1.98837e-07
-2.12169e-07
-7.87388e-07
 1.22148e-08
-1.77858e-08
 1.70157e-08
-6.45862e-09
-3.14314e-09
 1.00428e-08
           0
-2.10167e-10
 5.74863e-09
-1.77747e-09
 2.53904e-09
-9.37797e-10
-5.27257e-09
 9.80359e-09
-7.73121e-09
           0
  3.1682e-10
-1.11768e-09
-3.53548e-09
 3.15672e-09
  7.8561e-09
 -8.5099e-09
   5.406e-09
  1.7396e-09
-1.67131e-08
 1.70941e-08
 -1.7361e-09
-9.60923e-09
 5.75798e-09
-4.28657e-09
           0
-6.83204e-09
 8.60218e-09
-1.72848e-09
 -1.3349e-08
 1.65629e-08
-1.81224e-08
 2.10366e-08
-1.82845e-08
 6.72668e-09
  4.4673e-10
 3.15632e-09
 1.72368e-10
-7.66098e-09
 1.24311e-08
-9.14131e-09
 4.77503e-09
-7.24696e-09
 2.46534e-09
-6.43251e-09
 1.28631e-08
 -3.5719e-09
-4.23057e-09
 1.77713e-08
-2.72005e-08
 1.90138e-08
-2.40239e-09
-1.60306e-08
 1.56166e-08
-8.44833e-09
 2.42994e-09
 1.21236e-08
-1.25711e-08
 4.83999e-09
-6.90602e-09
 6.67739e-09
 5.17481e-11
 1.77289e-09
-7.53482e-09
 1.46904e-09
-1.05089e-09
  7.3163e-09
-9.32484e-09
 1.01927e-08
-6.05221e-10
 -1.1573e-08
 1.68573e-08
-1.19409e-08
  2.2603e-09
 -1.0249e-09
-1.66909e-09
-7.22806e-09
 1.80432e-08
 2.85505e-09
-2.09445e-08
 1.73518e-08
-9.82245e-09
-2.26539e-09
 6.27749e-09
 2.33111e-09
-7.46306e-09
 1.63108e-08
-2.89851e-08
 1.98226e-08
-7.16469e-09
 9.67888e-09
-9.75091e-09
 1.53654e-08
-2.27452e-08
 2.64513e-08
-2.75352e-08
 1.08443e-08
 2.54575e-09
-2.14015e-09
-4.14574e-09
 9.10322e-09
 6.14677e-09
-1.99991e-08
 2.08582e-08
-2.01616e-08
 1.53969e-08
-5.29181e-09
-1.17871e-08
 1.11984e-08
-1.49504e-09
 5.55218e-09
 4.04693e-09
-1.38549e-08
 9.21961e-09
-7.84368e-09
 2.84309e-09
 2.25269e-09
 1.79673e-09
-7.83898e-09
 4.14395e-09
-6.87262e-11
 7.15809e-09
-9.96922e-09
 1.02893e-08
-1.07552e-08
 5.05225e-09
-4.75999e-09
 9.55379e-09
-8.25585e-09
 1.03159e-09
 5.29627e-10
 6.38743e-09
-1.06316e-08
 4.39183e-09
 7.33631e-09
-9.44845e-09
 2.70727e-09
 2.85612e-09
 2.45315e-09
-1.36607e-08
 9.64873e-09
-4.71191e-09
 4.47018e-09
 7.00892e-09
-9.92575e-09
-1.50311e-09
 3.52969e-09
 3.51365e-09
 5.02458e-09
-2.21255e-08
  2.5576e-08
-2.83864e-08
 2.87917e-08
-1.53098e-08
-5.39928e-10
-9.75961e-10
  1.9975e-08
-1.79457e-08
 3.42663e-09
-7.13572e-09
 6.02436e-09
 5.30296e-09
-1.62443e-08
 2.30622e-08
 -2.1956e-08
 2.06633e-08
 -1.9541e-08
 1.04205e-08
 6.55694e-09
-5.32652e-09
           1
-3.81601e-09
 8.02767e-09
 5.85688e-09
-1.23589e-08
 1.45192e-08
-1.43808e-08
 1.06199e-08
-4.56818e-09
-2.35267e-10
 2.74318e-09
-3.58984e-09
 3.95153e-09
-1.26587e-08
 1.30556e-08
-8.18979e-10
-1.85055e-10
-1.01948e-08
 2.01783e-08
 -1.9318e-08
 1.72665e-08
-1.67256e-08
 3.81383e-09
 1.86649e-09
 4.42622e-09
-2.40499e-09
 -5.5863e-09
  3.2828e-09
 6.33479e-09
-4.41581e-09
 3.42883e-09
-6.00633e-09
-2.21644e-09
 5.82388e-09
 -1.1088e-09
-4.81578e-09
 4.90212e-09
 2.72133e-09
-3.09913e-09
 6.30217e-11
-1.29684e-09
 4.69267e-09
-6.51904e-09
 1.94498e-09
-8.27185e-10
 6.65473e-09
-9.60237e-09
 8.54675e-09
-8.11906e-09
 5.11917e-09
 1.55128e-10
 3.85229e-09
-9.57495e-09
 3.15656e-09
 2.68549e-09
 3.39317e-09
-7.50872e-09
 4.94755e-09
-5.60613e-09
  9.6024e-10
 2.86289e-09
 2.46223e-09
 2.68394e-09
-8.62007e-09
 4.83485e-10
 9.81788e-09
-1.37982e-08
 1.17619e-08
-1.03784e-08
 2.88561e-09
 6.61727e-09
-4.97003e-09
 2.01861e-09
-4.36659e-10
 7.27478e-09
-2.17679e-08
 2.47723e-08
-1.87538e-08
 1.16959e-08
-1.11376e-08
 1.00118e-08
-1.06157e-09
 4.42552e-09
 -1.0859e-08
 5.24907e-09
-1.91458e-09
-4.17282e-10
 5.17797e-09
-2.04756e-09
-5.61341e-09
 1.01853e-08
-1.36234e-08
 5.74446e-09
 5.78099e-09
-3.58232e-10
-9.04857e-10
-4.28765e-09
 8.59398e-10
-3.85532e-09
 6.45838e-09
 4.74712e-10
-5.76881e-09
 7.51539e-09
-5.60489e-09
 3.08463e-10
 4.22767e-09
-2.45971e-09
 -3.9659e-09
  6.7568e-09
-3.31501e-09
 4.83728e-10
-1.35644e-09
 8.81289e-10
-2.92791e-09
 2.01066e-09
 2.86398e-09
-1.93766e-09
 7.30208e-09
-8.29012e-09
-6.15831e-09
 1.41238e-08
-1.23632e-08
 6.46036e-09
-1.24593e-09
-4.49316e-09
 1.17696e-08
-8.97084e-09
 8.83874e-10
 5.81137e-09
-3.73474e-09
-6.07126e-09
 8.96464e-09
-7.62659e-09
 1.17721e-09
 2.97163e-09
-9.83685e-10
 6.63429e-09
-1.07623e-08
 9.48929e-09
-6.78578e-09
 5.54149e-09
-5.35398e-09
-1.83883e-09
 2.88044e-10
   4.812e-09
 7.71354e-10
-3.01438e-09
 3.33095e-09
-2.05145e-12
-7.85198e-09
 1.14724e-08
-8.64602e-09
-9.99046e-10
 4.02808e-09
-3.47583e-09
 4.52174e-09
 1.04753e-09
-1.56005e-09
-5.62772e-11
-2.40795e-09
 4.07134e-10
 -1.5953e-09
 6.36333e-09
-4.34897e-09
-4.33631e-10
-9.00427e-10
 4.03597e-09
 -2.7602e-09
 4.19766e-09
-8.28762e-09
  7.2207e-09
-4.24944e-09
-2.28711e-09
 1.24072e-08
-1.11477e-08
 4.69889e-09
-5.07692e-10
 -7.2544e-09
 3.87079e-09
 5.19869e-09
-7.78422e-09
 6.10156e-09
 6.33843e-09
-8.43553e-09
-3.54311e-09
  1.0682e-08
-1.61588e-08
 1.51502e-08
-1.38619e-08
  9.7533e-09
 2.20622e-09
-4.57718e-09
 3.35752e-09
-1.81723e-09
 3.11959e-09
 -7.8054e-09
 3.48555e-09
-2.07823e-09
 7.49208e-10
 5.81966e-09
-6.90345e-09
 1.17188e-09
 7.31392e-09
-4.42158e-09
-9.35059e-10
 1.50056e-09
-5.39775e-09
 1.94866e-09
 4.08084e-09
-7.51369e-09
 7.76405e-09
-6.12633e-09
 9.68573e-09
-2.92399e-09
-2.80133e-09
-2.76708e-09
-8.62715e-10
-1.02597e-09
   7.879e-09
  2.5078e-09
-1.09333e-08
  8.1459e-09
-1.00612e-08
 1.03274e-08
-5.61291e-09
 1.40264e-09
 5.19574e-09
-1.54332e-09
-9.37609e-09
 1.33988e-08
-9.00311e-09
-6.36629e-09
 7.03546e-09
 3.66943e-09
 1.66133e-09
-6.40481e-09
 3.73703e-09
 6.35446e-09
-1.10028e-08
 3.30887e-09
-5.93077e-09
 2.48648e-09
 6.53694e-09
-4.77018e-09
 1.65109e-09
 2.50298e-09
-8.74178e-10
 6.49936e-09
-1.41933e-08
 3.45292e-09
 5.38698e-09
-9.29303e-09
 4.16639e-09
 6.90512e-09
-7.02027e-09
 5.29915e-09
-8.06559e-10
 7.17656e-10
 2.72894e-10
-1.33185e-08
 1.26985e-08
-1.89552e-09
  2.1891e-09
-1.36759e-08
 1.95424e-08
 -1.0569e-08
 5.14691e-09
-2.03595e-09
-1.15176e-09
 -2.2711e-09
 1.85924e-09
-1.20018e-09
 5.13403e-09
-7.06713e-09
 2.41665e-09
 8.57911e-09
-1.38937e-08
 6.88865e-09
 2.93632e-09
-6.16613e-09
 3.14188e-09
 6.91369e-10
 4.32822e-10
-5.22498e-11
-1.02495e-09
-1.07069e-08
 1.56154e-08
-5.83802e-09
 3.05468e-09
-7.04281e-09
 1.11219e-08
 -5.7871e-09
 1.89068e-09
-9.52585e-09
 6.00584e-09
 9.94011e-11
 3.53083e-09
 -8.6576e-09
 7.68221e-09
 3.34204e-09
-3.99999e-09
-5.83508e-10
-6.46386e-10
-6.50283e-09
 1.18741e-08
-7.36488e-09
 -8.0884e-10
 4.32605e-09
-1.50873e-09
-1.37903e-09
 4.67944e-09
-2.50675e-09
-6.62867e-11
 1.02837e-09
-5.19758e-09
 4.98165e-09
 -1.3908e-09
-6.97386e-09
 1.06303e-08
-4.15493e-09
-3.95469e-09
 1.12543e-08
-4.23592e-09
 1.00277e-09
-6.46696e-09
-1.64132e-09
 1.00355e-09
 4.81014e-09
-3.78535e-09
 3.93685e-09
 2.05389e-09
-6.18441e-10
-5.50287e-09
 6.72299e-09
-1.05758e-08
 4.87226e-09
 4.18247e-09
-6.35145e-11
  -7.771e-09
 8.35045e-09
-2.44687e-09
-5.52552e-09
  6.6211e-09
-1.42533e-09
  5.6554e-09
-9.07829e-09
 4.85849e-09
 -8.4436e-09
 1.03363e-08
-5.45782e-09
 6.10563e-10
 3.75363e-09
-7.48418e-09
 9.01397e-09
-4.53963e-10
-3.15036e-09
-5.10645e-09
 7.79468e-09
-9.86591e-09
 8.94917e-09
 1.88237e-09
-1.08598e-08
 1.47647e-08
-1.61726e-08
  8.8903e-09
 3.62495e-09
-1.43776e-09
-7.77493e-09
 8.57347e-09
-8.52075e-09
 5.76081e-09
-6.09657e-10
-3.11816e-09
 8.78471e-10
 5.12647e-09
-2.65139e-09
 1.22278e-09
 -2.6657e-09
 6.67702e-09
-1.15933e-08
 1.87854e-09
 6.60312e-09
-6.15473e-09
 3.61492e-09
-2.29065e-09
 3.68614e-09
 7.84241e-09
-1.07458e-08
 1.32546e-09
-6.62185e-09
 6.54162e-09
-2.70031e-09
  3.4328e-09
 5.64034e-09
-1.26406e-08
 9.71121e-09
-5.42403e-09
 9.37739e-09
-9.52924e-09
-6.59679e-09
 1.32302e-08
-1.11446e-09
-6.12297e-09
 1.28396e-11
 6.77681e-09
-6.04841e-09
 2.06007e-10
 2.47993e-09
 5.26186e-09
-1.23029e-08
 8.75084e-09
 1.87797e-09
-1.04667e-08
 8.19766e-09
-3.76527e-09
 2.74587e-09
 -3.1419e-09
  3.0511e-09
 1.60589e-09
 -4.5034e-09
 4.42728e-09
-2.74509e-09
 3.28456e-09
-6.56453e-09
 7.47388e-10
 5.86887e-09
-8.15294e-09
 1.05562e-08
-1.07857e-08
 7.79561e-09
 1.73125e-09
-2.12627e-09
 9.85928e-10
-1.18311e-08
 6.84896e-09
 4.42521e-09
-5.90937e-09
 8.89832e-09
 -9.5942e-09
 4.77724e-09
 7.33405e-09
 -1.0369e-08
-4.38862e-09
 1.57368e-08
-1.65272e-08
 9.59913e-09
-1.71664e-09
-4.89717e-09
  9.1459e-09
-8.58955e-09
 1.16399e-08
-1.35473e-08
 1.14504e-08
-8.61089e-09
 6.31458e-09
 -7.7309e-09
  4.8524e-09
 -4.5189e-09
 1.26587e-08
-1.72528e-08
 1.50806e-08
-5.16361e-09
 -6.7697e-09
 8.92801e-09
-2.31149e-09
-2.31341e-10
  1.4207e-09
-5.90223e-09
 2.19697e-09
-3.23063e-10
-1.67828e-09
 9.65341e-09
-3.38466e-09
-3.77317e-09
 1.93572e-09
-1.79162e-09
 2.10482e-09
 -2.8122e-09
 -1.2201e-09
-2.44503e-09
 1.08213e-08
 2.09674e-10
-1.39444e-08
 1.58831e-08
-1.25532e-08
 7.28331e-09
-3.56925e-09
  2.1448e-09
 7.40823e-10
-8.35222e-09
 7.20368e-09
-4.03538e-10
-8.89399e-10
 3.81903e-09
 5.09157e-09
-1.32838e-08
 3.19656e-09
-4.73425e-09
 9.96018e-09
-2.51125e-09
 5.56621e-10
-8.00566e-10
 1.57224e-09
-8.52167e-09
 9.39524e-09
 3.27215e-10
-6.58007e-09
-2.72889e-09
 1.21006e-08
-3.11292e-09
-4.34654e-09
 -2.7432e-09
 9.30804e-09
 -1.1794e-08
 1.04515e-08
 -1.0089e-08
   1.112e-08
-1.98906e-09
-8.50891e-09
 1.29906e-08
-7.89678e-09
 -5.1015e-09
 5.50604e-09
 7.55067e-10
-3.31749e-12
 -4.7818e-09
 5.55366e-09
 3.63877e-09
-1.07516e-08
 1.24237e-08
-6.29116e-09
-3.23392e-09
-1.39288e-10
 4.58209e-09
-7.35533e-09
 1.06106e-08
-1.02252e-08
 1.01758e-08
-2.01401e-09
 2.18304e-09
-1.30189e-08
 6.17821e-09
  3.7502e-09
-1.35426e-09
-2.21642e-09
 4.81545e-11
 2.72419e-09
-3.77361e-10
-6.49477e-10
 1.99512e-09
 -4.7707e-09
  5.2885e-09
-8.18364e-10
-9.18659e-09
 8.30849e-09
 2.31869e-09
-4.28871e-09
-2.18518e-10
-1.47406e-10
 5.34301e-09
-3.23727e-09
-5.72483e-09
 7.50918e-09
 1.23399e-09
-4.92188e-09
-4.72134e-09
 9.45675e-09
-5.85108e-09
  6.5675e-09
-1.28347e-08
 1.16721e-08
 5.30761e-09
-1.18573e-08
 1.19177e-09
 5.40084e-09
-6.89884e-09
 4.43114e-09
-1.17822e-09
 -3.9256e-09
 5.94686e-09
 2.19157e-09
-3.77354e-09
-1.61093e-09
 4.43371e-09
 4.12529e-09
-1.44421e-08
 4.37763e-09
-5.24788e-10
 7.80507e-09
-9.25813e-09
 1.42456e-08
-1.25108e-08
 6.70906e-09
-4.86787e-10
-6.86673e-09
 -1.3342e-09
 1.30307e-08
-1.57463e-08
 1.10705e-08
-2.70232e-09
 -8.9735e-10
 1.07763e-09
 1.86206e-10
  3.1496e-09
-6.13633e-09
 2.20776e-09
 4.15054e-11
-2.29004e-10
 -4.9325e-09
  9.8694e-09
-5.65546e-09
 1.66489e-09
-3.60609e-09
 9.03018e-09
-6.96458e-09
 1.17132e-09
-6.14475e-09
  1.0001e-08
-3.07712e-09
-2.27578e-09
-2.39016e-09
 6.87798e-09
-1.98725e-09
-4.83466e-09
 7.19393e-09
-6.84805e-09
 1.06793e-09
  9.6239e-09
-7.23909e-09
-1.89624e-09
 2.97291e-10
-3.58031e-09
 5.25464e-09
 3.19416e-09
-7.00919e-09
 1.10671e-08
-1.13025e-08
 5.07546e-09
 -2.5029e-09
 1.96434e-09
-2.05671e-11
-5.75383e-09
 1.20726e-08
-1.39093e-08
  1.7379e-10
  1.4548e-08
-4.30318e-09
-1.39341e-09
-2.78576e-09
-3.93065e-09
 4.72485e-09
 3.41054e-09
-7.50939e-09
-2.29019e-09
 8.96673e-09
 3.46611e-10
-3.88327e-09
  7.0916e-09
-7.09721e-09
-3.20549e-09
  4.0691e-09
-2.55589e-09
 4.88806e-09
-3.31649e-09
-1.34216e-09
  6.7048e-09
-1.38061e-08
  1.6978e-08
-7.34207e-09
 3.34078e-09
-5.63108e-09
 1.16975e-09
-2.84163e-09
 8.61007e-09
-1.31379e-08
 1.32265e-08
-9.19041e-09
 4.80423e-09
 4.56794e-09
-6.56216e-09
 6.94472e-09
 -1.2913e-08
 8.93833e-09
 7.86525e-10
-5.56205e-09
-1.36787e-09
 7.80897e-09
 -7.3405e-09
 8.79026e-09
-5.62049e-09
 3.09387e-09
 3.98211e-09
-1.02463e-08
 2.85509e-09
 -3.5111e-09
  3.1129e-10
 1.19508e-08
-1.29303e-08
  1.0406e-08
-5.61323e-09
 1.55535e-09
 2.59478e-09
-8.48217e-09
 5.44347e-09
-8.80239e-10
 3.08409e-09
-7.97693e-09
  1.5092e-09
  8.3812e-09
-3.62425e-09
 1.47235e-09
-7.50803e-09
 1.32739e-08
-1.09147e-08
-1.74867e-09
 6.48457e-09
-6.39803e-09
 6.26667e-09
-9.89988e-10
-1.12806e-09
-1.54309e-09
 3.75659e-09
 1.25876e-09
-4.84231e-09
-3.16263e-09
 1.09383e-08
-5.89808e-09
 -8.5587e-09
 1.15893e-08
-6.11136e-09
 8.24567e-09
  -8.818e-09
 2.41152e-09
 3.29548e-09
-2.24643e-09
 3.96286e-09
-4.19043e-09
 -1.4191e-09
-7.17044e-09
 8.51101e-09
 4.00045e-09
-5.34253e-09
 5.71538e-09
-3.57528e-09
-7.06751e-10
 5.13332e-09
-1.06968e-08
-3.85207e-11
 8.58695e-09
-2.84098e-09
-4.35825e-09
 5.38499e-09
-2.85088e-09
 2.29719e-09
-1.11768e-08
 1.81328e-08
-1.83967e-08
 2.06917e-08
-1.73665e-08
 -5.7881e-10
 2.20654e-09
 1.67632e-08
-2.55723e-08
 2.38891e-08
-1.54801e-08
  1.5919e-10
 1.56197e-08
 -2.1712e-08
 1.58031e-08
-4.97264e-09
-5.27959e-09
-5.31702e-09
 2.36688e-08
-1.30718e-08
-6.66517e-09
 7.87553e-09
-5.26409e-09
 1.01933e-08
-7.51302e-09
 1.73414e-09
-8.68357e-09
 6.59234e-09
-3.28699e-09
 1.34139e-08
-1.01653e-08
 -1.7037e-09
  7.6879e-09
-6.49901e-09
-8.10929e-09
 1.44351e-08
-3.21976e-09
-1.52141e-09
 6.00898e-09
-1.51028e-08
 6.73176e-09
 8.40857e-10
 2.23086e-09
-1.72733e-09
-2.63135e-09
 1.34009e-08
-8.44848e-09
-9.41772e-09
 4.92061e-09
-7.50863e-09
  1.7808e-08
-5.69635e-09
-5.32338e-09
  1.1251e-08
-6.19473e-09
-1.44839e-08
 1.92031e-08
-8.66227e-09
 9.45809e-09
 -1.9242e-08
 1.15541e-08
 7.08378e-09
-1.34625e-08
 1.04425e-08
-2.02477e-09
-9.03038e-09
 9.35223e-09
-5.15457e-10
-8.44329e-09
-3.48846e-09
 7.21248e-09
-1.66654e-08
 1.42359e-08
 7.59993e-09
-1.55353e-08
 9.75527e-09
-8.99649e-09
 8.92873e-09
 -1.2037e-08
 1.18961e-08
-1.34632e-08
 1.73007e-08
-7.42936e-09
 4.23946e-10
-4.94787e-09
 2.84556e-08
-3.39322e-08
-7.59437e-09
 2.81587e-09
-3.76523e-09
 3.69216e-09
  8.1872e-09
 -2.3417e-08
 9.80874e-09
 4.50002e-09
 -1.1159e-08
 5.12864e-09
 5.18986e-09
 -5.2182e-09
 8.42051e-09
-1.25232e-08
 4.95017e-09
-1.24606e-08
-8.39849e-09
-1.08174e-08
 6.78885e-09
-3.53241e-09
 1.72875e-08
-2.03407e-08
 6.53839e-09
-1.96667e-10
 2.00037e-08
-2.55671e-08
 1.27311e-08
 2.31368e-09
 1.76147e-09
 1.37241e-08
-1.26313e-08
  7.7887e-09
 9.41452e-09
-1.12692e-08
 3.02635e-10
 1.44292e-08
-2.05503e-08
 1.04693e-08
-6.47564e-10
  5.7989e-09
-1.18108e-07
-4.31103e-09
 7.24351e-09
  1.0758e-08
-1.91157e-08
 1.28152e-08
-2.16644e-08
 1.41509e-08
 1.15946e-08
-5.37261e-09
-6.85505e-09
 2.48801e-08
 1.71919e-09
-3.33544e-08
 -6.9992e-10
  6.4252e-09
 9.35975e-09
-1.30752e-08
 1.53196e-08
-3.48434e-09
 9.85706e-08
 1.06254e-08
-1.01375e-08
 2.63459e-08
-2.70418e-08
 6.70388e-09
-3.80004e-09
 4.44783e-09
 1.40968e-08
 -2.6402e-08
 9.28273e-09
-8.80457e-08
 2.68865e-08
 1.36073e-08
 2.40171e-08
 1.91862e-09
 2.54226e-08
 7.43145e-08
  2.8727e-08
 2.10311e-08
 1.71616e-08
 7.67544e-09
 4.23375e-08
 1.75109e-08
 2.93999e-08
 2.17484e-08
 3.75565e-08
 4.33959e-08
 3.39141e-08
 2.66732e-08
 2.35728e-08
 6.59771e-08
 6.14287e-08
 7.65832e-08
 6.95816e-09
 3.44212e-08
  1.2177e-07
 1.59932e-07
 7.81073e-08
 1.01742e-07
 6.14257e-08
 2.37673e-07
 1.52536e-07
 1.79743e-07
 1.34751e-07
 2.22406e-07
 1.95339e-07
 2.10851e-07
 7.82627e-07
           0
           0
           0
           0
           0
           0
-1.10677e-08
           0
           0
           0
           0
           0
           0
           0
           0
 1.64835e-09
           0
           0
           0
           0
           0
           0
           0
           0
           0
           0
           0
           0
           0
           0
 8.78252e-09
           0
           0
           0
           0
           0
           0
           0
           0
           0
           0
           0
           0
           0
           0
           0
           0
           0
           0
           0
           0
           0
           0
           0
           0
           0
           0
           0
           0
           0
           0
           0
           0
           0
           0
           0
           0
           0
           0
           0
           0
           0
           0
           0
           0
           0
           0
           0
           0
           0
           0
           0
           0
           0
           0
           0
           0
           0
           0
           0
           0
           0
           0
           0
           0
           0
           0
           0
           0
           0
           0
           0
           0
           0
           0
           0
           0
           0
           0
           0
           0
           0
           0
           0
           0
           0
           0
           0
           0
           0
           0
           0
           0
           0
           0
           0
           0
           0
           0
           0
           0
           0
           0
           0
           0
           0
           0
           0
           0
           0
           0
           0
           0
           0
           0
           0
           0
           0
           0
           0
           0
           0
           0
           0
           0
           0
           0
           0
           0
           0
           0
           0
           0
           0
           0
           0
           0
           0
           0
           0
           0
           0
           0
           0
           0
           0
