-0.000429411
-0.000422157
 -0.00042185
-0.000421869
-0.000421899
-0.000421943
 -0.00042199
 -0.00042204
-0.000422095
-0.000422154
 -0.00042221
-0.000422267
-0.000422319
-0.000422367
-0.000422412
-0.000422447
-0.000422476
-0.000422499
-0.000422508
-0.000422512
-0.000422506
 -0.00042249
-0.000422469
-0.000422436
-0.000422398
-0.000422357
-0.000422307
-0.000422258
-0.000422204
-0.000422155
-0.000422106
-0.000422057
-0.000422018
-0.000421981
-0.000421954
-0.000421931
-0.000421925
-0.000421916
-0.000421928
-0.000421946
-0.000421969
-0.000422005
-0.000422049
-0.000422097
-0.000422153
-0.000422212
-0.000422273
-0.000422339
-0.000422399
 -0.00042246
-0.000422517
 -0.00042257
-0.000422615
-0.000422653
-0.000422683
-0.000422702
-0.000422711
-0.000422713
-0.000422703
-0.000422685
-0.000422659
-0.000422622
-0.000422581
-0.000422535
-0.000422486
 -0.00042243
-0.000422379
-0.000422325
-0.000422279
-0.000422232
-0.000422199
-0.000422168
-0.000422146
-0.000422137
-0.000422133
-0.000422149
-0.000422172
  -0.0004222
-0.000422249
  -0.0004223
-0.000422367
-0.000422434
-0.000422511
-0.000422594
-0.000422678
-0.000422761
-0.000422845
-0.000422929
-0.000423002
-0.000423073
-0.000423131
-0.000423184
-0.000423226
-0.000423256
-0.000423274
-0.000423281
-0.000423271
 -0.00042326
-0.000423222
 -0.00042319
-0.000423141
-0.000423086
 -0.00042303
-0.000422966
-0.000422903
-0.000422837
-0.000422779
 -0.00042272
-0.000422671
-0.000422629
-0.000422597
-0.000422574
-0.000422563
-0.000422561
-0.000422577
-0.000422599
-0.000422637
-0.000422684
-0.000422739
-0.000422803
-0.000422876
-0.000422949
 -0.00042303
 -0.00042311
-0.000423187
-0.000423262
-0.000423333
-0.000423394
-0.000423449
-0.000423491
-0.000423525
 -0.00042354
-0.000423553
-0.000423541
-0.000423525
-0.000423491
 -0.00042345
-0.000423392
-0.000423332
 -0.00042326
-0.000423185
-0.000423105
-0.000423024
-0.000422947
 -0.00042287
-0.000422801
-0.000422732
-0.000422683
-0.000422635
-0.000422602
-0.000422582
-0.000422574
-0.000422581
-0.000422601
-0.000422627
-0.000422671
-0.000422726
-0.000422785
-0.000422852
-0.000422927
-0.000422997
-0.000423078
-0.000423147
-0.000423216
-0.000423277
 -0.00042333
-0.000423373
-0.000423404
-0.000423418
-0.000423424
-0.000423412
-0.000423386
-0.000423345
-0.000423291
-0.000423223
-0.000423143
-0.000423058
-0.000422961
 -0.00042286
-0.000422758
-0.000422653
-0.000422553
-0.000422454
-0.000422365
-0.000422281
-0.000422217
-0.000422154
-0.000422112
-0.000422085
 -0.00042207
-0.000422072
-0.000422089
-0.000422122
-0.000422165
-0.000422223
-0.000422284
-0.000422359
-0.000422438
-0.000422516
-0.000422596
-0.000422674
-0.000422743
-0.000422807
 -0.00042286
-0.000422901
-0.000422927
-0.000422941
-0.000422932
-0.000422917
-0.000422878
-0.000422825
-0.000422761
-0.000422681
-0.000422592
-0.000422492
-0.000422387
-0.000422282
-0.000422171
-0.000422069
-0.000421966
-0.000421877
-0.000421799
-0.000421732
-0.000421683
-0.000421654
-0.000421642
-0.000421645
-0.000421675
-0.000421724
-0.000421788
-0.000421869
-0.000421969
-0.000422079
-0.000422199
-0.000422326
-0.000422458
-0.000422584
-0.000422709
 -0.00042283
-0.000422934
-0.000423024
-0.000423095
 -0.00042315
-0.000423179
-0.000423185
-0.000423168
 -0.00042312
-0.000423054
-0.000422962
 -0.00042285
 -0.00042272
-0.000422571
 -0.00042241
-0.000422248
-0.000422073
-0.000421906
 -0.00042174
-0.000421587
-0.000421452
-0.000421331
-0.000421235
-0.000421166
-0.000421128
-0.000421118
-0.000421142
  -0.0004212
-0.000421289
 -0.00042141
-0.000421561
-0.000421735
-0.000421933
-0.000422147
-0.000422375
-0.000422607
-0.000422842
 -0.00042307
 -0.00042329
-0.000423484
-0.000423662
-0.000423808
-0.000423921
-0.000423992
-0.000424032
-0.000424021
-0.000423969
 -0.00042387
-0.000423736
-0.000423553
-0.000423342
-0.000423092
-0.000422819
-0.000422534
-0.000422224
-0.000421922
-0.000421619
 -0.00042133
-0.000421067
 -0.00042083
-0.000420634
-0.000420483
-0.000420383
-0.000420343
-0.000420366
-0.000420449
-0.000420601
-0.000420816
-0.000421092
-0.000421432
-0.000421818
-0.000422256
-0.000422724
-0.000423225
-0.000423738
-0.000424249
-0.000424754
-0.000425234
-0.000425676
-0.000426062
-0.000426388
-0.000426633
-0.000426792
-0.000426849
-0.000426807
-0.000426652
-0.000426379
-0.000425994
-0.000425496
-0.000424894
-0.000424184
-0.000423398
-0.000422528
-0.000421604
-0.000420647
-0.000419667
  -0.0004187
-0.000417765
-0.000416896
-0.000416116
-0.000415454
-0.000414943
-0.000414607
-0.000414479
-0.000414577
-0.000414933
 -0.00041556
-0.000416482
-0.000417707
-0.000419253
 -0.00042111
-0.000423291
-0.000425786
-0.000428581
-0.000431663
-0.000435001
 -0.00043858
-0.000442349
-0.000446281
-0.000450324
-0.000454428
-0.000458546
-0.000462608
-0.000466568
-0.000470353
-0.000473902
-0.000477155
-0.000480041
-0.000482512
-0.000484494
-0.000485947
-0.000486815
-0.000486987
-0.000484642
-0.000434601
  0.00080849
   0.0323052
    0.831815
   0.0596589
  0.00355414
-0.000534889
-0.000851324
-0.000897598
-0.000927133
-0.000957587
-0.000989544
 -0.00102236
 -0.00105538
 -0.00108798
  -0.0011196
 -0.00114977
 -0.00117806
 -0.00120413
 -0.00122772
 -0.00124862
 -0.00126672
 -0.00128195
 -0.00129431
 -0.00130387
 -0.00131072
 -0.00131503
 -0.00131699
 -0.00131682
 -0.00131477
 -0.00131109
 -0.00130608
 -0.00129999
 -0.00129311
  -0.0012857
 -0.00127802
  -0.0012703
 -0.00126277
  -0.0012556
 -0.00124897
 -0.00124301
 -0.00123784
 -0.00123352
 -0.00123011
 -0.00122764
 -0.00122609
 -0.00122545
 -0.00122565
 -0.00122665
 -0.00122835
 -0.00123063
 -0.00123344
 -0.00123662
 -0.00124007
 -0.00124369
 -0.00124735
 -0.00125095
 -0.00125439
 -0.00125759
 -0.00126047
 -0.00126296
 -0.00126502
 -0.00126661
 -0.00126772
 -0.00126833
 -0.00126845
 -0.00126812
 -0.00126735
 -0.00126619
  -0.0012647
 -0.00126291
 -0.00126091
 -0.00125875
 -0.00125651
 -0.00125424
 -0.00125202
 -0.00124989
 -0.00124792
 -0.00124615
 -0.00124462
 -0.00124337
 -0.00124241
 -0.00124176
 -0.00124142
 -0.00124141
 -0.00124169
 -0.00124224
 -0.00124305
 -0.00124408
 -0.00124529
 -0.00124664
 -0.00124808
 -0.00124959
  -0.0012511
 -0.00125258
 -0.00125398
 -0.00125527
 -0.00125642
  -0.0012574
 -0.00125818
 -0.00125876
 -0.00125912
 -0.00125927
 -0.00125919
 -0.00125891
 -0.00125843
 -0.00125779
 -0.00125699
 -0.00125608
 -0.00125507
   -0.001254
 -0.00125291
 -0.00125182
 -0.00125077
 -0.00124978
 -0.00124888
  -0.0012481
 -0.00124745
 -0.00124694
  -0.0012466
 -0.00124643
 -0.00124641
 -0.00124656
 -0.00124687
 -0.00124731
 -0.00124789
 -0.00124856
 -0.00124933
 -0.00125016
 -0.00125102
  -0.0012519
 -0.00125277
 -0.00125359
 -0.00125438
 -0.00125507
 -0.00125567
 -0.00125616
 -0.00125654
 -0.00125679
 -0.00125691
  -0.0012569
 -0.00125676
 -0.00125651
 -0.00125616
  -0.0012557
 -0.00125517
 -0.00125459
 -0.00125396
 -0.00125331
 -0.00125267
 -0.00125205
 -0.00125145
 -0.00125092
 -0.00125046
 -0.00125008
 -0.00124979
 -0.00124961
 -0.00124954
 -0.00124957
 -0.00124971
 -0.00124995
 -0.00125028
  -0.0012507
 -0.00125119
 -0.00125174
 -0.00125232
 -0.00125294
 -0.00125357
 -0.00125418
 -0.00125478
 -0.00125534
 -0.00125583
 -0.00125627
 -0.00125662
  -0.0012569
 -0.00125708
 -0.00125717
 -0.00125717
 -0.00125708
  -0.0012569
 -0.00125664
 -0.00125631
 -0.00125592
 -0.00125548
 -0.00125502
 -0.00125453
 -0.00125404
 -0.00125356
  -0.0012531
 -0.00125268
 -0.00125231
   -0.001252
 -0.00125175
 -0.00125159
 -0.00125149
 -0.00125148
 -0.00125155
  -0.0012517
 -0.00125191
  -0.0012522
 -0.00125254
 -0.00125293
 -0.00125335
  -0.0012538
 -0.00125426
 -0.00125473
 -0.00125517
  -0.0012556
 -0.00125598
 -0.00125633
 -0.00125662
 -0.00125685
 -0.00125701
  -0.0012571
 -0.00125712
 -0.00125707
 -0.00125695
 -0.00125678
 -0.00125653
 -0.00125625
 -0.00125593
 -0.00125557
 -0.00125519
  -0.0012548
 -0.00125441
 -0.00125404
 -0.00125369
 -0.00125336
 -0.00125308
 -0.00125284
 -0.00125265
 -0.00125252
 -0.00125244
 -0.00125243
 -0.00125247
 -0.00125257
  -0.0012527
  -0.0012529
 -0.00125312
 -0.00125337
 -0.00125365
 -0.00125393
 -0.00125422
  -0.0012545
 -0.00125477
   -0.001255
 -0.00125522
 -0.00125538
 -0.00125551
 -0.00125558
 -0.00125561
 -0.00125558
  -0.0012555
 -0.00125536
 -0.00125519
 -0.00125497
 -0.00125471
 -0.00125442
 -0.00125412
 -0.00125379
 -0.00125346
 -0.00125313
 -0.00125281
 -0.00125251
 -0.00125224
   -0.001252
  -0.0012518
 -0.00125164
 -0.00125153
 -0.00125145
 -0.00125144
 -0.00125147
 -0.00125155
 -0.00125166
 -0.00125182
   -0.001252
 -0.00125222
 -0.00125245
 -0.00125269
 -0.00125294
 -0.00125317
 -0.00125342
 -0.00125362
 -0.00125381
 -0.00125396
 -0.00125408
 -0.00125416
  -0.0012542
 -0.00125419
 -0.00125414
 -0.00125405
 -0.00125392
 -0.00125374
 -0.00125353
 -0.00125331
 -0.00125305
 -0.00125277
 -0.00125249
 -0.00125222
 -0.00125193
 -0.00125167
 -0.00125142
  -0.0012512
   -0.001251
 -0.00125084
 -0.00125072
 -0.00125063
 -0.00125058
 -0.00125058
 -0.00125061
 -0.00125068
 -0.00125078
 -0.00125092
 -0.00125107
 -0.00125126
 -0.00125145
 -0.00125164
 -0.00125185
 -0.00125205
 -0.00125224
 -0.00125242
 -0.00125257
 -0.00125271
 -0.00125281
 -0.00125289
 -0.00125294
 -0.00125296
 -0.00125294
 -0.00125289
 -0.00125282
 -0.00125272
 -0.00125261
 -0.00125247
 -0.00125233
 -0.00125217
 -0.00125202
 -0.00125186
 -0.00125172
 -0.00125159
 -0.00125148
 -0.00125138
 -0.00125131
 -0.00125127
 -0.00125125
 -0.00125126
  -0.0012513
 -0.00125137
 -0.00125146
 -0.00125158
 -0.00125171
 -0.00125185
 -0.00125201
 -0.00125218
 -0.00125235
 -0.00125251
 -0.00125267
 -0.00125282
 -0.00125295
 -0.00125307
 -0.00125316
 -0.00125322
 -0.00125327
 -0.00125328
 -0.00125327
 -0.00125325
 -0.00125318
 -0.00125311
 -0.00125302
 -0.00125292
  -0.0012528
 -0.00125268
 -0.00125256
 -0.00125245
 -0.00125234
 -0.00125225
 -0.00125217
 -0.00125212
 -0.00125209
 -0.00125209
 -0.00125211
 -0.00125216
 -0.00125224
 -0.00125234
 -0.00125248
 -0.00125263
  -0.0012528
 -0.00125299
  -0.0012532
  -0.0012534
 -0.00125361
 -0.00125383
 -0.00125403
 -0.00125423
  -0.0012544
 -0.00125455
 -0.00125469
 -0.00125479
 -0.00125487
 -0.00125492
 -0.00125493
 -0.00125492
 -0.00125488
  -0.0012548
 -0.00125471
  -0.0012546
 -0.00125446
 -0.00125432
 -0.00125416
 -0.00125401
 -0.00125386
 -0.00125371
 -0.00125358
 -0.00125346
 -0.00125335
 -0.00125328
 -0.00125322
 -0.00125321
 -0.00125321
 -0.00125325
 -0.00125332
 -0.00125342
 -0.00125354
 -0.00125369
 -0.00125386
 -0.00125404
 -0.00125423
 -0.00125444
 -0.00125465
 -0.00125485
 -0.00125504
 -0.00125523
  -0.0012554
 -0.00125554
 -0.00125565
 -0.00125575
 -0.00125582
 -0.00125585
 -0.00125585
 -0.00125583
 -0.00125576
 -0.00125568
 -0.00125556
 -0.00125542
 -0.00125526
  -0.0012551
 -0.00125491
 -0.00125472
 -0.00125453
 -0.00125434
 -0.00125416
 -0.00125399
 -0.00125383
  -0.0012537
 -0.00125358
 -0.00125349
 -0.00125343
 -0.00125338
 -0.00125337
 -0.00125337
  -0.0012534
 -0.00125346
 -0.00125352
 -0.00125361
  -0.0012537
 -0.00125381
 -0.00125392
 -0.00125403
 -0.00125412
 -0.00125422
  -0.0012543
 -0.00125437
 -0.00125441
 -0.00125444
 -0.00125445
 -0.00125443
 -0.00125439
 -0.00125433
 -0.00125426
 -0.00125415
 -0.00125404
 -0.00125391
 -0.00125377
 -0.00125361
 -0.00125346
 -0.00125331
 -0.00125316
 -0.00125301
 -0.00125288
 -0.00125276
 -0.00125266
 -0.00125257
  -0.0012525
 -0.00125246
 -0.00125243
 -0.00125243
 -0.00125245
 -0.00125248
 -0.00125253
  -0.0012526
 -0.00125267
 -0.00125276
 -0.00125285
 -0.00125294
 -0.00125303
 -0.00125311
 -0.00125318
 -0.00125323
 -0.00125328
  -0.0012533
  -0.0012533
 -0.00125329
 -0.00125324
 -0.00125319
  -0.0012531
   -0.001253
 -0.00125288
 -0.00125274
  -0.0012526
 -0.00125243
 -0.00125227
  -0.0012521
 -0.00125193
 -0.00125177
 -0.00125161
 -0.00125147
 -0.00125135
 -0.00125123
 -0.00125114
 -0.00125108
 -0.00125103
 -0.00125101
 -0.00125101
 -0.00125103
 -0.00125108
 -0.00125115
 -0.00125123
 -0.00125133
 -0.00125144
 -0.00125156
 -0.00125168
 -0.00125181
 -0.00125193
 -0.00125205
 -0.00125215
 -0.00125225
 -0.00125233
  -0.0012524
 -0.00125244
 -0.00125247
 -0.00125248
 -0.00125247
 -0.00125244
  -0.0012524
 -0.00125233
 -0.00125225
 -0.00125217
 -0.00125207
 -0.00125197
 -0.00125186
 -0.00125176
 -0.00125166
 -0.00125157
 -0.00125149
 -0.00125142
 -0.00125137
 -0.00125134
 -0.00125132
 -0.00125132
 -0.00125133
 -0.00125137
 -0.00125143
 -0.00125149
 -0.00125157
 -0.00125167
 -0.00125177
 -0.00125188
 -0.00125199
  -0.0012521
 -0.00125221
 -0.00125232
 -0.00125242
  -0.0012525
 -0.00125258
 -0.00125264
 -0.00125268
 -0.00125272
 -0.00125274
 -0.00125273
 -0.00125272
  -0.0012527
 -0.00125266
 -0.00125262
 -0.00125257
 -0.00125251
 -0.00125247
 -0.00125241
 -0.00125237
 -0.00125234
 -0.00125231
  -0.0012523
  -0.0012523
 -0.00125232
 -0.00125236
 -0.00125242
 -0.00125249
 -0.00125258
 -0.00125269
 -0.00125281
 -0.00125294
 -0.00125309
 -0.00125324
  -0.0012534
 -0.00125355
 -0.00125371
 -0.00125386
 -0.00125399
 -0.00125412
 -0.00125423
 -0.00125432
 -0.00125439
 -0.00125445
 -0.00125448
 -0.00125448
 -0.00125448
 -0.00125444
 -0.00125439
 -0.00125432
 -0.00125424
 -0.00125414
 -0.00125404
 -0.00125393
 -0.00125383
 -0.00125372
 -0.00125363
 -0.00125354
 -0.00125348
 -0.00125342
 -0.00125339
 -0.00125338
 -0.00125339
 -0.00125343
 -0.00125349
 -0.00125358
 -0.00125369
 -0.00125382
 -0.00125397
 -0.00125414
 -0.00125431
  -0.0012545
 -0.00125468
 -0.00125488
 -0.00125506
 -0.00125523
 -0.00125539
 -0.00125554
 -0.00125565
 -0.00125575
 -0.00125582
 -0.00125586
 -0.00125587
 -0.00125585
  -0.0012558
 -0.00125571
 -0.00125561
 -0.00125546
 -0.00125531
 -0.00125513
 -0.00125493
 -0.00125472
 -0.00125451
  -0.0012543
 -0.00125408
 -0.00125387
 -0.00125368
  -0.0012535
 -0.00125333
  -0.0012532
 -0.00125308
 -0.00125299
 -0.00125294
 -0.00125289
  -0.0012529
 -0.00125291
 -0.00125296
 -0.00125303
 -0.00125312
 -0.00125322
 -0.00125334
 -0.00125346
 -0.00125359
 -0.00125372
 -0.00125385
 -0.00125397
 -0.00125408
 -0.00125416
 -0.00125424
 -0.00125429
 -0.00125432
 -0.00125432
 -0.00125431
 -0.00125427
  -0.0012542
 -0.00125411
 -0.00125401
 -0.00125389
 -0.00125375
  -0.0012536
 -0.00125345
 -0.00125329
 -0.00125313
 -0.00125298
 -0.00125283
 -0.00125269
 -0.00125257
 -0.00125246
 -0.00125237
 -0.00125229
 -0.00125224
 -0.00125221
  -0.0012522
  -0.0012522
 -0.00125221
 -0.00125226
  -0.0012523
 -0.00125235
 -0.00125242
 -0.00125248
 -0.00125255
 -0.00125261
 -0.00125266
 -0.00125271
 -0.00125274
 -0.00125276
 -0.00125277
 -0.00125275
 -0.00125272
 -0.00125268
 -0.00125261
 -0.00125253
 -0.00125244
 -0.00125233
 -0.00125222
 -0.00125209
 -0.00125197
 -0.00125184
 -0.00125172
  -0.0012516
 -0.00125149
 -0.00125141
 -0.00125132
 -0.00125122
 -0.00125026
  -0.0012313
 -0.00084258
-0.000829321
-0.000828717
-0.000828727
-0.000828793
-0.000828877
-0.000828967
-0.000829071
-0.000829181
-0.000829294
-0.000829405
-0.000829515
-0.000829616
-0.000829709
-0.000829803
-0.000829869
-0.000829927
-0.000829971
-0.000829988
-0.000829997
-0.000829984
-0.000829954
-0.000829907
-0.000829846
-0.000829772
 -0.00082969
 -0.00082959
-0.000829496
 -0.00082939
-0.000829294
-0.000829198
-0.000829102
-0.000829025
-0.000828952
  -0.0008289
-0.000828853
-0.000828843
-0.000828825
-0.000828848
-0.000828883
 -0.00082893
-0.000828999
-0.000829085
 -0.00082918
 -0.00082929
-0.000829406
-0.000829527
-0.000829655
-0.000829775
-0.000829893
-0.000830006
-0.000830109
-0.000830198
-0.000830272
-0.000830332
-0.000830368
-0.000830387
-0.000830391
-0.000830371
-0.000830336
-0.000830285
-0.000830212
 -0.00083013
 -0.00083004
-0.000829945
-0.000829834
-0.000829735
-0.000829629
-0.000829538
-0.000829447
 -0.00082938
 -0.00082932
-0.000829276
-0.000829259
 -0.00082925
-0.000829282
-0.000829328
-0.000829383
-0.000829478
 -0.00082958
 -0.00082971
-0.000829842
-0.000829994
-0.000830157
-0.000830323
-0.000830485
 -0.00083065
-0.000830815
-0.000830958
-0.000831097
-0.000831213
-0.000831317
-0.000831398
-0.000831458
-0.000831492
-0.000831505
-0.000831486
-0.000831464
-0.000831391
-0.000831327
-0.000831231
-0.000831124
-0.000831012
-0.000830888
-0.000830763
-0.000830634
 -0.00083052
-0.000830405
-0.000830308
-0.000830225
-0.000830163
-0.000830118
-0.000830095
-0.000830092
-0.000830123
-0.000830167
-0.000830242
-0.000830333
-0.000830442
-0.000830568
-0.000830712
-0.000830854
-0.000831013
-0.000831171
-0.000831322
 -0.00083147
-0.000831609
-0.000831729
-0.000831837
-0.000831919
-0.000831986
-0.000832016
-0.000832041
-0.000832017
-0.000831985
-0.000831919
-0.000831837
-0.000831725
-0.000831607
-0.000831465
-0.000831319
-0.000831161
-0.000831002
 -0.00083085
-0.000830699
-0.000830563
-0.000830427
-0.000830332
-0.000830238
-0.000830173
-0.000830133
-0.000830118
-0.000830132
-0.000830171
-0.000830222
-0.000830309
-0.000830417
-0.000830532
-0.000830664
-0.000830812
-0.000830948
-0.000831107
-0.000831243
-0.000831378
-0.000831498
-0.000831603
-0.000831688
-0.000831749
-0.000831776
-0.000831788
-0.000831763
-0.000831713
-0.000831631
-0.000831526
-0.000831393
-0.000831236
-0.000831068
-0.000830878
 -0.00083068
-0.000830479
-0.000830272
-0.000830076
-0.000829882
-0.000829706
-0.000829541
-0.000829416
-0.000829291
 -0.00082921
-0.000829157
-0.000829128
 -0.00082913
-0.000829164
 -0.00082923
-0.000829315
-0.000829427
-0.000829547
-0.000829695
-0.000829851
-0.000830004
 -0.00083016
-0.000830314
 -0.00083045
-0.000830575
 -0.00083068
-0.000830761
-0.000830811
-0.000830838
 -0.00083082
-0.000830792
-0.000830715
 -0.00083061
-0.000830485
-0.000830328
-0.000830152
-0.000829956
 -0.00082975
-0.000829544
-0.000829325
-0.000829125
-0.000828922
-0.000828748
-0.000828594
-0.000828464
-0.000828366
-0.000828309
-0.000828286
-0.000828292
-0.000828351
-0.000828447
-0.000828574
-0.000828732
 -0.00082893
-0.000829145
-0.000829381
-0.000829629
 -0.00082989
-0.000830137
-0.000830383
-0.000830619
-0.000830824
-0.000831002
 -0.00083114
 -0.00083125
-0.000831305
-0.000831317
-0.000831284
-0.000831189
 -0.00083106
 -0.00083088
 -0.00083066
-0.000830403
-0.000830111
-0.000829795
-0.000829478
-0.000829132
-0.000828805
-0.000828479
-0.000828179
-0.000827913
-0.000827676
-0.000827486
-0.000827351
-0.000827277
-0.000827258
-0.000827304
-0.000827419
-0.000827594
-0.000827831
-0.000828127
-0.000828468
-0.000828859
-0.000829279
-0.000829726
-0.000830182
-0.000830644
-0.000831092
-0.000831524
-0.000831905
-0.000832256
-0.000832542
-0.000832764
-0.000832904
-0.000832982
-0.000832959
-0.000832858
-0.000832663
  -0.0008324
 -0.00083204
-0.000831627
-0.000831136
-0.000830599
-0.000830039
 -0.00082943
-0.000828837
-0.000828242
-0.000827673
-0.000827157
-0.000826691
-0.000826307
-0.000826009
-0.000825813
-0.000825736
 -0.00082578
-0.000825943
-0.000826242
-0.000826665
-0.000827207
-0.000827874
-0.000828633
-0.000829493
-0.000830411
-0.000831396
-0.000832403
-0.000833408
  -0.0008344
-0.000835344
 -0.00083621
-0.000836969
-0.000837609
-0.000838092
-0.000838404
-0.000838515
-0.000838433
-0.000838127
-0.000837592
-0.000836836
-0.000835858
-0.000834675
 -0.00083328
-0.000831736
-0.000830028
-0.000828212
-0.000826331
-0.000824408
-0.000822507
-0.000820671
-0.000818964
-0.000817431
 -0.00081613
-0.000815127
-0.000814466
-0.000814215
-0.000814407
-0.000815106
-0.000816339
 -0.00081815
-0.000820556
-0.000823593
-0.000827241
-0.000831527
-0.000836428
-0.000841918
-0.000847972
-0.000854529
-0.000861559
-0.000868963
-0.000876687
 -0.00088463
-0.000892693
-0.000900782
-0.000908761
-0.000916541
-0.000923975
-0.000930948
-0.000937337
-0.000943007
-0.000947861
-0.000951754
 -0.00095461
-0.000956315
-0.000956652
-0.000952046
-0.000853744
  0.00158822
   0.0634613
     33.2219
