-8.40553e-05
 6.83374e-05
-6.78652e-05
-0.000306117
-0.000516811
-0.000606752
-0.000557991
-0.000427027
-0.000301565
-0.000243722
 -0.00025764
-0.000300013
-0.000321032
-0.000302741
-0.000268127
 -0.00025846
-0.000299583
-0.000381692
-0.000464701
-0.000502859
-0.000471469
-0.000380269
-0.000267653
-0.000181016
-0.000154594
-0.000195773
-0.000284742
-0.000385673
 -0.00046273
-0.000493222
 -0.00047325
-0.000415165
 -0.00034007
-0.000269629
-0.000220563
-0.000202657
-0.000219103
-0.000267055
-0.000337437
-0.000414528
-0.000477233
-0.000503559
-0.000478244
-0.000400867
-0.000290272
-0.000181863
 -0.00011669
 -0.00012564
-0.000214856
-0.000359374
-0.000509134
-0.000606457
-0.000608843
-0.000507737
-0.000334831
-0.000152338
-3.00624e-05
-1.81549e-05
-0.000126373
-0.000318538
-0.000524862
-0.000667762
-0.000691245
-0.000582852
-0.000379435
-0.000154608
 7.98974e-06
 4.57937e-05
-5.86164e-05
-0.000269575
-0.000510151
-0.000690022
-0.000739502
-0.000637027
-0.000419064
-0.000167706
  2.0263e-05
 7.11607e-05
-3.57562e-05
-0.000259026
 -0.00051083
-0.000691905
-0.000731706
-0.000616857
-0.000396098
-0.000159434
-6.82154e-07
 2.08277e-05
-9.70172e-05
-0.000300744
 -0.00050581
-0.000632405
-0.000637198
-0.000527936
-0.000356327
-0.000193832
-0.000101686
-0.000107721
-0.000198709
-0.000329742
-0.000445473
-0.000503571
-0.000490448
-0.000423255
 -0.00033846
-0.000273154
-0.000248558
-0.000263202
-0.000298156
-0.000330136
-0.000344851
-0.000343259
-0.000338173
-0.000343859
-0.000365355
-0.000393685
-0.000410081
-0.000396818
-0.000348992
-0.000280302
 -0.00021935
-0.000197353
-0.000232639
-0.000319598
-0.000427733
-0.000512419
-0.000533576
-0.000474275
-0.000350852
-0.000209243
-0.000107666
 -9.2482e-05
-0.000177093
-0.000333645
-0.000501937
-0.000612949
-0.000617598
-0.000508718
-0.000326186
-0.000142402
-3.30774e-05
-4.54244e-05
-0.000177169
-0.000375886
-0.000559812
-0.000651935
-0.000613088
-0.000459517
-0.000256677
-9.13565e-05
-3.39237e-05
-0.000107322
-0.000277056
-0.000466831
-0.000593034
-0.000602366
-0.000495162
 -0.00032399
-0.000168248
-9.71345e-05
-0.000138379
-0.000267168
-0.000419795
-0.000524782
-0.000536329
-0.000454273
 -0.00032197
-0.000203923
-0.000154729
-0.000194086
-0.000299331
-0.000418033
-0.000493839
 -0.00049294
-0.000418884
-0.000309364
-0.000217272
 -0.00018538
-0.000226677
-0.000319261
-0.000417787
-0.000475445
-0.000466003
 -0.00039547
-0.000298317
-0.000220579
 -0.00019813
-0.000240407
-0.000326785
-0.000416933
-0.000469543
-0.000461211
-0.000396534
-0.000305668
-0.000230425
-0.000205205
  -0.0002413
-0.000321596
-0.000408246
 -0.00046024
-0.000452787
-0.000389432
-0.000300724
-0.000229882
-0.000211862
-0.000256195
-0.000341847
-0.000426959
-0.000468973
-0.000445461
 -0.00036562
-0.000266696
 -0.00019674
-0.000191733
-0.000257895
-0.000367593
-0.000471169
-0.000519382
-0.000486315
 -0.00038218
-0.000250029
-0.000147512
-0.000121673
-0.000187847
-0.000321932
-0.000469637
-0.000568939
-0.000576153
-0.000484851
-0.000329425
-0.000171717
-7.60999e-05
-8.30417e-05
-0.000192108
-0.000361337
-0.000523637
-0.000613743
-0.000594752
-0.000473618
-0.000298615
-0.000139938
 -6.0901e-05
-9.19947e-05
-0.000218589
 -0.00038757
-0.000530073
-0.000590264
-0.000547977
-0.000425512
  -0.0002764
-0.000161625
-0.000124187
-0.000172763
-0.000280847
-0.000400443
-0.000483333
-0.000500599
-0.000452286
-0.000364517
-0.000276471
-0.000223359
-0.000222779
-0.000269177
-0.000337975
-0.000397073
-0.000420788
 -0.00040089
-0.000350073
-0.000296168
-0.000268816
-0.000284189
-0.000335259
-0.000393785
-0.000424609
 -0.00040562
-0.000341914
-0.000264877
-0.000215676
-0.000222504
-0.000285363
-0.000376679
-0.000456201
-0.000490384
-0.000465835
-0.000391836
-0.000294085
-0.000204924
-0.000154191
-0.000162137
-0.000233537
-0.000353321
-0.000486202
-0.000583742
-0.000599915
-0.000511721
-0.000335743
-0.000131088
 1.76107e-05
 3.39217e-05
-0.000112164
-0.000380092
-0.000664095
-0.000832897
-0.000790722
-0.000532174
-0.000159298
 0.000156662
 0.000257343
 8.24202e-05
-0.000291819
-0.000687185
-0.000915414
-0.000874638
-0.000596684
-0.000222474
 7.46129e-05
 0.000172294
 4.84347e-05
-0.000221817
-0.000510961
-0.000699457
-0.000723691
-0.000593957
-0.000380215
-0.000176303
-5.98823e-05
-6.42447e-05
-0.000171358
 -0.00032575
-0.000461281
-0.000528435
-0.000511662
-0.000430929
-0.000328971
 -0.00025084
-0.000224986
-0.000253287
-0.000313329
-0.000370875
-0.000396616
-0.000379693
-0.000332336
-0.000283643
-0.000265022
-0.000293795
-0.000362494
 -0.00043974
-0.000483548
 -0.00046205
-0.000371781
-0.000243751
-0.000132685
-9.31479e-05
-0.000153551
-0.000300688
-0.000482481
-0.000628127
-0.000676469
-0.000600942
-0.000420509
-0.000193304
 4.24187e-06
 0.000104093
 6.91055e-05
-9.68094e-05
-0.000353241
 -0.00063942
-0.000894029
 -0.00107035
 -0.00114177
 -0.00109789
-0.000932924
-0.000554528
  0.00182695
   0.0394363
    0.725278
   0.0930774
   0.0142339
  0.00445562
  0.00248297
 0.000713364
 -0.00140835
 -0.00338907
 -0.00464173
 -0.00479975
 -0.00386756
  -0.0022202
-0.000461443
 0.000801099
  0.00117508
 0.000612568
-0.000595202
 -0.00194905
 -0.00294198
 -0.00324883
  -0.0028332
 -0.00193622
-0.000957102
-0.000280656
-0.000124461
-0.000468962
 -0.00109425
 -0.00169878
 -0.00203996
 -0.00203072
  -0.0017536
 -0.00139595
  -0.0011463
 -0.00110479
 -0.00124747
 -0.00145428
 -0.00158108
 -0.00153765
  -0.0013343
 -0.00107694
 -0.00091419
-0.000961938
 -0.00124075
 -0.00165565
 -0.00202983
 -0.00217947
 -0.00199877
 -0.00151762
 -0.00090427
   -0.000407
-0.000254993
 -0.00055663
 -0.00123866
 -0.00205588
 -0.00267548
 -0.00280908
 -0.00234322
 -0.00141228
-0.000373128
 0.000324053
 0.000328766
-0.000431361
  -0.0016775
 -0.00287015
 -0.00344663
 -0.00310208
 -0.00196399
-0.000550192
 0.000482775
 0.000668744
-4.35155e-05
  -0.0012868
 -0.00247963
 -0.00311432
 -0.00297765
 -0.00220972
 -0.00119791
-0.000379807
-5.37082e-05
-0.000277483
-0.000882352
  -0.0015778
 -0.00208768
 -0.00225608
 -0.00208422
 -0.00169757
 -0.00127156
  -0.0009569
-0.000834112
-0.000905909
 -0.00111643
 -0.00137977
 -0.00160596
 -0.00172297
 -0.00169675
 -0.00154626
 -0.00134287
 -0.00118426
  -0.0011475
 -0.00124467
 -0.00141117
  -0.0015401
 -0.00154616
 -0.00141944
 -0.00123407
  -0.0011056
  -0.0011232
 -0.00129723
 -0.00155106
 -0.00175931
 -0.00181038
 -0.00166147
 -0.00136089
 -0.00102931
-0.000809536
-0.000806231
 -0.00103994
 -0.00143377
 -0.00183894
 -0.00209067
 -0.00207432
 -0.00177589
 -0.00129532
-0.000814379
-0.000527909
-0.000564491
-0.000928683
 -0.00149086
 -0.00203299
 -0.00233418
 -0.00226241
 -0.00183318
 -0.00120886
-0.000636161
-0.000346754
 -0.00046166
-0.000939976
 -0.00159368
 -0.00216288
 -0.00242086
 -0.00226536
 -0.00175974
 -0.00110688
-0.000567393
-0.000354939
 -0.00055099
 -0.00107303
 -0.00170869
 -0.00220201
 -0.00235668
 -0.00211484
 -0.00157944
-0.000970844
-0.000536129
-0.000447868
-0.000734546
 -0.00127121
 -0.00183369
 -0.00219317
   -0.002211
 -0.00189359
 -0.00138519
-0.000902816
-0.000642543
-0.000698067
 -0.00102615
 -0.00147198
 -0.00184118
 -0.00198518
 -0.00186198
  -0.0015469
 -0.00119153
-0.000951669
-0.000919031
 -0.00108638
 -0.00135959
 -0.00160764
 -0.00172422
 -0.00167264
 -0.00149519
 -0.00128639
 -0.00114549
 -0.00113135
  -0.0012388
 -0.00140562
 -0.00154493
 -0.00158763
 -0.00151517
 -0.00136811
 -0.00122518
  -0.0011636
  -0.0012188
 -0.00136473
 -0.00152545
 -0.00161326
 -0.00157515
 -0.00142311
 -0.00123191
 -0.00110328
 -0.00111363
 -0.00127135
 -0.00150658
 -0.00170122
 -0.00174638
 -0.00160016
  -0.0013162
 -0.00102582
-0.000878678
-0.000968242
 -0.00127828
 -0.00167943
 -0.00198232
 -0.00202572
  -0.0017592
 -0.00127839
-0.000791824
-0.000529873
-0.000636101
 -0.00109231
 -0.00171574
 -0.00223388
 -0.00240557
 -0.00213362
 -0.00151561
-0.000807837
-0.000315815
-0.000260176
-0.000677538
 -0.00140117
 -0.00213034
 -0.00255825
 -0.00250244
 -0.00198239
 -0.00121108
-0.000505407
-0.000154169
-0.000299095
-0.000878245
 -0.00165377
 -0.00231127
 -0.00258873
 -0.00238136
 -0.00178077
 -0.00103345
-0.000438046
 -0.00022456
-0.000464792
 -0.00104936
 -0.00173785
  -0.0022591
 -0.00241953
 -0.00217553
  -0.0016429
 -0.00104281
-0.000608717
-0.000493906
-0.000716716
 -0.00116326
 -0.00164328
  -0.0019725
 -0.00204548
 -0.00186929
 -0.00154666
 -0.00122125
 -0.00101224
-0.000969326
 -0.00106516
 -0.00122459
 -0.00137042
 -0.00146065
 -0.00149913
 -0.00151782
 -0.00154492
 -0.00157987
 -0.00159035
 -0.00153303
 -0.00138593
 -0.00117354
-0.000969139
-0.000869264
-0.000949496
 -0.00122103
 -0.00161001
  -0.0019744
 -0.00215654
 -0.00205207
 -0.00166467
 -0.00111894
-0.000620148
-0.000374307
-0.000500601
-0.000975137
 -0.00163188
 -0.00222351
 -0.00251785
 -0.00239089
 -0.00187799
 -0.00116296
-0.000509289
-0.000161278
-0.000252558
 -0.00075638
 -0.00149485
 -0.00220269
 -0.00262236
 -0.00259688
 -0.00212768
 -0.00137731
-0.000614296
-0.000118085
-7.66995e-05
-0.000514005
 -0.00127542
 -0.00208077
 -0.00262741
 -0.00270604
 -0.00228391
 -0.00152062
-0.000707899
-0.000155972
-7.14988e-05
-0.000477444
 -0.00120722
 -0.00197462
  -0.0024898
 -0.00257216
 -0.00221491
 -0.00157735
-0.000912385
-0.000462832
-0.000370513
-0.000632881
 -0.00111987
 -0.00163732
 -0.00200649
 -0.00212601
 -0.00199533
  -0.0016964
 -0.00134906
 -0.00106263
-0.000903555
-0.000887363
-0.000990718
 -0.00117136
 -0.00138382
 -0.00158579
 -0.00173781
 -0.00180404
 -0.00175964
 -0.00160418
 -0.00137217
 -0.00113117
-0.000961607
-0.000924296
 -0.00103137
 -0.00123782
  -0.0014624
 -0.00162893
 -0.00170402
 -0.00170555
 -0.00167371
 -0.00162407
 -0.00152297
  -0.0013161
-0.000999651
-0.000679229
-0.000550658
-0.000787813
 -0.00139976
 -0.00216345
 -0.00270182
 -0.00268129
 -0.00201529
-0.000948126
 3.93529e-05
 0.000458941
 6.13482e-05
 -0.00102681
 -0.00234536
 -0.00330448
 -0.00345508
 -0.00269972
 -0.00134535
 2.78291e-05
 0.000822507
 0.000690059
-0.000314983
 -0.00176033
 -0.00302859
 -0.00358873
 -0.00322361
 -0.00211444
-0.000748953
   0.0002991
 0.000617257
 0.000119355
-0.000938869
 -0.00208999
 -0.00286547
 -0.00298946
 -0.00247529
 -0.00159205
-0.000727856
 -0.00021842
-0.000216602
-0.000653182
 -0.00129436
 -0.00185988
 -0.00214387
 -0.00208749
 -0.00177919
 -0.00139316
 -0.00110094
-0.000998576
  -0.0010786
 -0.00125236
 -0.00140615
 -0.00146075
 -0.00140701
 -0.00130314
 -0.00123827
 -0.00128157
 -0.00144155
 -0.00165515
 -0.00181235
 -0.00180698
  -0.0015919
 -0.00121372
-0.000808918
-0.000557072
-0.000606526
 -0.00100022
 -0.00163558
 -0.00228196
 -0.00265878
 -0.00255095
 -0.00191724
-0.000942008
 3.99005e-06
 0.000494923
 0.000232879
-0.000789517
 -0.00222782
 -0.00347989
 -0.00392796
 -0.00324318
 -0.00160743
 0.000292371
  0.00154842
  0.00148877
 6.55368e-05
 -0.00207073
  -0.0038876
 -0.00451277
 -0.00368564
  -0.0018634
 5.53581e-05
  0.00120358
    0.001149
 3.92915e-05
 -0.00153793
 -0.00286971
 -0.00343826
 -0.00311048
 -0.00213841
 -0.00100106
-0.000176867
 5.08498e-05
-0.000318732
 -0.00104413
 -0.00177544
 -0.00221447
 -0.00223139
 -0.00189451
 -0.00141175
 -0.00101976
-0.000875192
-0.000996072
 -0.00127331
 -0.00153961
 -0.00165754
 -0.00158388
 -0.00138168
 -0.00117896
 -0.00109799
 -0.00119125
 -0.00141573
 -0.00165554
 -0.00178101
 -0.00171405
 -0.00146871
 -0.00114776
-0.000897097
-0.000839106
 -0.00101528
 -0.00136384
 -0.00174284
 -0.00198955
 -0.00199057
 -0.00173335
 -0.00131556
-0.000907442
-0.000681272
-0.000737245
 -0.00105808
 -0.00151338
 -0.00191333
 -0.00208989
 -0.00196981
 -0.00160698
 -0.00115881
-0.000816949
-0.000722908
-0.000906869
 -0.00127686
 -0.00166327
 -0.00189695
 -0.00188534
 -0.00165082
 -0.00131519
 -0.00103874
-0.000943971
 -0.00106066
 -0.00131707
 -0.00157967
 -0.00172033
 -0.00167766
 -0.00148338
 -0.00124254
 -0.00107914
 -0.00107474
 -0.00122934
 -0.00146313
 -0.00165659
 -0.00170935
 -0.00158938
 -0.00134975
 -0.00110453
-0.000975622
 -0.00103401
 -0.00126359
 -0.00156487
 -0.00179877
 -0.00185135
 -0.00168946
 -0.00137959
 -0.00105901
-0.000871784
-0.000901042
 -0.00113116
 -0.00145789
 -0.00173946
 -0.00186137
 -0.00178335
 -0.00154953
  -0.0012622
 -0.00103539
-0.000950041
 -0.00102734
 -0.00122723
 -0.00146889
   -0.001663
 -0.00174372
  -0.0016895
 -0.00152695
 -0.00131827
 -0.00113791
 -0.00104717
 -0.00107493
 -0.00120993
  -0.0014051
 -0.00159251
 -0.00170433
 -0.00169554
 -0.00156221
 -0.00134795
 -0.00113294
 -0.00100541
 -0.00102418
 -0.00118912
 -0.00143582
 -0.00166038
 -0.00176512
 -0.00170365
  -0.0015033
 -0.00125338
  -0.0010648
 -0.00101987
 -0.00113521
 -0.00135479
 -0.00157583
 -0.00169604
  -0.0016604
 -0.00148714
 -0.00125963
 -0.00108809
 -0.00105763
 -0.00118692
 -0.00141714
  -0.0016382
 -0.00174022
  -0.0016672
 -0.00144625
 -0.00117759
-0.000988758
-0.000974005
 -0.00114801
 -0.00143659
 -0.00170956
 -0.00184082
 -0.00176718
 -0.00151808
 -0.00120264
-0.000959959
 -0.00089639
 -0.00103836
 -0.00132228
 -0.00162453
  -0.0018172
 -0.00182342
 -0.00164808
  -0.0013714
 -0.00111077
-0.000969266
-0.000994514
 -0.00116405
  -0.0014007
 -0.00160846
 -0.00171184
 -0.00168263
 -0.00154566
 -0.00136349
  -0.0012086
 -0.00113458
 -0.00115746
 -0.00125346
 -0.00137317
 -0.00146506
 -0.00149857
 -0.00147562
 -0.00142614
 -0.00138931
 -0.00139012
 -0.00142384
 -0.00145701
 -0.00144673
 -0.00136839
 -0.00123749
 -0.00111167
 -0.00106797
 -0.00116328
 -0.00139664
 -0.00169383
 -0.00192719
 -0.00196747
 -0.00174779
 -0.00131029
-0.000809579
-0.000462797
-0.000459897
-0.000869111
 -0.00158069
 -0.00232303
 -0.00275833
 -0.00262929
 -0.00189833
 -0.00081007
 0.000172021
 0.000553456
 5.48184e-05
 -0.00120288
 -0.00269116
 -0.00369157
 -0.00365681
 -0.00252587
-0.000797019
 0.000709125
  0.00127377
 0.000647019
-0.000845936
 -0.00249896
 -0.00358735
 -0.00369672
 -0.00286889
 -0.00152817
  -0.0002576
 0.000456782
 0.000405183
-0.000301409
 -0.00131787
 -0.00222881
 -0.00271562
 -0.00266161
  -0.0021648
 -0.00146807
-0.000846504
-0.000502404
-0.000505665
-0.000793349
 -0.00121729
 -0.00161227
 -0.00185654
 -0.00190426
 -0.00178484
 -0.00157612
 -0.00136611
 -0.00121922
 -0.00115818
 -0.00116608
 -0.00120475
 -0.00123984
 -0.00126059
 -0.00128418
  -0.0013424
 -0.00145611
 -0.00161168
 -0.00175357
  -0.0018018
 -0.00169064
 -0.00141149
 -0.00103741
-0.000710402
-0.000589283
-0.000775745
 -0.00125194
 -0.00186359
 -0.00236613
 -0.00252256
 -0.00221446
 -0.00151432
 -0.00067858
-5.43568e-05
 6.76405e-05
-0.000409898
 -0.00132863
 -0.00232382
 -0.00297196
  -0.0029759
 -0.00230485
 -0.00122168
-0.000178829
 0.000375787
 0.000197759
-0.000640984
 -0.00177923
 -0.00272518
 -0.00307648
 -0.00270141
 -0.00179677
-0.000797848
-0.000257839
 0.000210715
-0.000209123
-0.000943442
 -0.00159278
 -0.00186997
  -0.0017197
 -0.00131608
-0.000929413
-0.000751141
-0.000794033
-0.000924615
-0.000989409
-0.000933033
-0.000826353
-0.000796561
-0.000923297
 -0.00117636
 -0.00143219
 -0.00154979
 -0.00145305
 -0.00117197
-0.000824892
-0.000557884
-0.000476451
-0.000603363
-0.000877561
 -0.00118862
 -0.00142611
 -0.00152008
 -0.00145853
 -0.00127952
 -0.00104808
-0.000830982
-0.000679763
-0.000624578
-0.000675264
-0.000823052
 -0.00103997
 -0.00127756
 -0.00147081
 -0.00155194
 -0.00147392
 -0.00123545
  -0.0008946
-0.000560492
-0.000359635
-0.000387215
-0.000662176
 -0.00110757
 -0.00156913
 -0.00186907
 -0.00187642
 -0.00156482
 -0.00103193
-0.000469499
-9.26507e-05
-5.59525e-05
-0.000389476
-0.000981719
  -0.0016176
 -0.00205801
 -0.00213038
 -0.00179632
  -0.0011694
-0.000476494
 2.46238e-05
 0.000141134
-0.000180653
-0.000830816
 -0.00157226
 -0.00212661
 -0.00227911
 -0.00196329
 -0.00129154
-0.000516862
 6.24497e-05
 0.000219314
-0.000110199
-0.000798305
 -0.00157435
 -0.00213242
 -0.00225508
 -0.00190112
 -0.00122075
-0.000491369
-2.10234e-06
 6.41899e-05
-0.000299002
-0.000926877
 -0.00155888
 -0.00194904
 -0.00196381
 -0.00162707
 -0.00109818
-0.000597381
 -0.00031339
-0.000331991
 -0.00061241
 -0.00101625
 -0.00137293
 -0.00155198
 -0.00151154
 -0.00130445
 -0.00104312
-0.000841846
-0.000766043
-0.000811175
-0.000918902
 -0.00101746
 -0.00106282
 -0.00105791
 -0.00104223
 -0.00105976
 -0.00112601
 -0.00121332
 -0.00126385
 -0.00122297
 -0.00107557
-0.000863876
-0.000676027
-0.000608232
-0.000716981
-0.000984986
 -0.00131825
 -0.00157925
 -0.00164446
 -0.00146169
 -0.00108131
-0.000644876
-0.000331821
-0.000285025
-0.000545791
 -0.00102828
 -0.00154695
 -0.00188908
 -0.00190341
 -0.00156785
 -0.00100529
-0.000438875
-0.000101943
-0.000139996
-0.000546026
 -0.00115846
 -0.00172531
 -0.00200923
 -0.00188951
 -0.00141621
-0.000791066
-0.000281556
-0.000104551
-0.000330763
-0.000853874
 -0.00143875
  -0.0018277
 -0.00185646
 -0.00152606
-0.000998523
-0.000518532
-0.000299364
-0.000426477
  -0.0008234
 -0.00129379
 -0.00161735
 -0.00165294
 -0.00140005
-0.000992297
-0.000628481
-0.000476868
-0.000598164
-0.000922522
 -0.00128836
 -0.00152199
 -0.00151922
 -0.00129098
-0.000953445
-0.000669622
-0.000571331
-0.000698607
-0.000983948
  -0.0012876
  -0.0014653
  -0.0014362
 -0.00121882
-0.000919398
-0.000679813
-0.000610628
-0.000740921
 -0.00100713
 -0.00128497
 -0.00144711
 -0.00142143
  -0.0012221
-0.000942054
-0.000710158
-0.000632432
-0.000743673
-0.000991143
 -0.00125819
 -0.00141844
 -0.00139547
 -0.00120021
-0.000926817
-0.000708485
 -0.00065295
-0.000789582
 -0.00105356
 -0.00131587
 -0.00144535
 -0.00137289
 -0.00112682
-0.000821944
-0.000606342
-0.000590912
 -0.00079482
  -0.0011329
 -0.00145212
 -0.00160071
  -0.0014988
 -0.00117786
-0.000770577
-0.000454626
-0.000374991
-0.000578937
-0.000992179
  -0.0014474
 -0.00175344
 -0.00177568
 -0.00149429
 -0.00101527
-0.000529225
-0.000234536
-0.000255931
-0.000592066
 -0.00111362
 -0.00161382
 -0.00189153
   -0.001833
 -0.00145967
-0.000920318
-0.000431282
-0.000187694
-0.000283523
-0.000673679
 -0.00119447
 -0.00163366
 -0.00181917
 -0.00168884
 -0.00131141
 -0.00085185
-0.000498119
-0.000382739
-0.000532448
-0.000865556
 -0.00123415
 -0.00148961
 -0.00154282
 -0.00139392
 -0.00112342
-0.000852069
-0.000688383
-0.000686595
 -0.00082959
 -0.00104162
 -0.00122376
 -0.00129685
 -0.00123552
 -0.00107891
-0.000912776
-0.000828478
-0.000875857
 -0.00103325
 -0.00121363
 -0.00130863
  -0.0012501
 -0.00105376
-0.000816336
-0.000664703
-0.000685747
-0.000879474
 -0.00116091
 -0.00140599
 -0.00151134
 -0.00143568
 -0.00120762
-0.000906357
-0.000631564
-0.000475208
-0.000499698
-0.000719749
 -0.00108892
 -0.00149845
 -0.00179906
 -0.00184891
  -0.0015771
 -0.00103475
-0.000404006
 5.42752e-05
 0.000104545
-0.000345683
 -0.00117143
 -0.00204671
 -0.00256695
 -0.00243697
 -0.00164013
-0.000490949
 0.000482825
 0.000793117
 0.000254015
-0.000899371
 -0.00211787
 -0.00282126
 -0.00269559
 -0.00183895
-0.000685655
 0.000229953
 0.000531002
 0.000149273
-0.000683628
 -0.00157476
 -0.00215569
 -0.00223038
 -0.00183055
  -0.0011718
-0.000543357
-0.000184554
-0.000197999
-0.000528118
 -0.00100395
 -0.00142164
 -0.00162861
 -0.00157692
  -0.0013281
 -0.00101387
-0.000773075
-0.000693396
-0.000780619
-0.000965664
 -0.00114302
 -0.00122235
  -0.0011702
 -0.00102424
-0.000874173
-0.000816784
-0.000905462
 -0.00111719
 -0.00135526
 -0.00149027
 -0.00142402
 -0.00114581
-0.000751228
-0.000408928
-0.000287077
-0.000473235
-0.000926705
 -0.00148698
 -0.00193586
 -0.00208484
 -0.00185208
 -0.00129599
-0.000595754
 1.30732e-05
 0.000320811
  0.00021298
-0.000298362
 -0.00108867
 -0.00197066
 -0.00275535
 -0.00329875
 -0.00351888
 -0.00338365
 -0.00287523
 -0.00170903
  0.00563057
    0.121541
     36.4858
