 -0.00121331
 0.000240499
 0.000249937
 0.000203965
 0.000176404
 0.000170407
  0.00012865
 0.000103267
 0.000142183
 5.33798e-05
 5.36372e-05
 7.29384e-05
 3.68782e-06
 4.43909e-05
 1.16777e-05
 -3.3299e-06
 -3.4082e-06
 8.04919e-06
-3.60766e-05
-2.14682e-05
-3.32675e-05
 1.43553e-06
-4.49659e-05
-3.20344e-05
-5.16798e-05
-1.15576e-05
-5.16497e-05
-2.41111e-05
-5.46954e-05
-1.72395e-05
-2.42034e-05
 -4.2442e-05
-1.91376e-05
-4.52206e-05
-1.07805e-05
-1.63854e-05
-2.36411e-05
-3.79574e-05
 6.78775e-06
-1.83327e-05
 4.13987e-06
-2.11829e-05
-9.98208e-06
-1.14048e-08
 9.67056e-06
-3.20235e-05
 2.37524e-05
-9.89055e-06
 2.93102e-05
-1.67722e-05
 3.50063e-06
 6.16809e-06
 1.76183e-05
 1.69409e-05
-1.12025e-05
 1.76051e-05
 2.32858e-05
-1.66679e-05
 5.06471e-05
-2.83097e-05
 3.26363e-05
 6.47161e-06
-1.14298e-06
 3.80847e-06
 2.62039e-05
 8.96247e-06
-1.53811e-05
 4.18201e-05
-1.79089e-05
 3.03241e-05
-7.72293e-06
-2.15288e-06
 2.70629e-05
 -1.8206e-05
 2.91747e-05
-2.03897e-05
 1.68969e-05
 6.62916e-06
-2.77954e-06
 4.12667e-06
 2.03579e-05
-2.31496e-05
 8.92209e-06
 1.80706e-05
-8.10617e-06
-5.07747e-06
 1.02016e-05
-2.59074e-06
 3.19554e-06
  1.9176e-05
-1.49583e-05
 2.33036e-06
 1.14287e-05
-1.56965e-05
  1.8543e-05
-7.92499e-06
 1.97653e-05
-2.32511e-05
 2.68875e-05
-1.47375e-05
 3.80677e-06
-7.90918e-07
 5.27495e-07
-7.41396e-07
 1.42512e-05
  -2.863e-05
 2.16962e-05
-5.42733e-06
-7.20475e-07
 3.20813e-06
-2.31562e-05
  1.6386e-05
-6.65439e-06
 1.31302e-05
-2.07702e-05
-1.57611e-05
  9.9754e-06
-1.02549e-05
-1.85164e-05
 1.52137e-05
-1.98901e-05
 2.45736e-06
-3.13843e-05
 1.18239e-05
-1.07063e-05
  -3.577e-05
 2.99732e-05
-4.50458e-05
 2.59221e-05
-3.41926e-05
 6.77389e-06
-2.38596e-05
-5.23013e-06
-3.37874e-06
-2.25945e-05
-9.05364e-06
-1.88269e-06
 3.04982e-06
-4.66001e-05
 3.38073e-05
-2.62358e-05
-1.51357e-06
-7.74806e-06
-4.83103e-06
  5.8713e-07
 2.23851e-05
-3.45099e-05
 7.09018e-06
 -1.8271e-08
  3.7932e-06
 1.02634e-05
 2.08526e-06
 8.37771e-06
 3.73216e-07
-5.46921e-06
 2.16236e-05
 3.03116e-05
-1.79266e-05
 1.87051e-05
 7.93166e-06
  2.2327e-05
 1.27588e-05
 1.67121e-05
 1.60757e-05
 2.35392e-06
 1.95936e-05
  7.2719e-06
 2.54509e-05
  3.0881e-05
 2.31493e-06
 3.24121e-06
 4.39589e-05
-1.22439e-05
 3.25803e-05
 8.26687e-07
 4.23767e-05
-2.90269e-05
 3.68365e-05
 1.58761e-05
 4.06971e-06
-4.19646e-06
 1.96289e-05
  1.2584e-05
-9.23015e-06
-9.44806e-07
 8.54442e-06
 1.96944e-06
 -7.0035e-06
 1.21874e-05
-3.18657e-05
 9.96986e-06
  1.3286e-06
-1.30506e-05
-2.48298e-05
 3.50028e-08
-1.59594e-05
-1.38968e-06
-2.69019e-05
-8.65811e-06
-2.41988e-05
-1.24243e-05
-2.60081e-05
-1.83832e-05
-1.68632e-05
-2.08316e-05
-1.55637e-05
-2.69439e-05
-1.30312e-05
-1.80504e-05
-4.43146e-05
-7.75168e-07
-7.41811e-06
-3.48977e-05
-2.14157e-05
 1.26142e-05
-4.41848e-05
 8.93924e-06
-5.33334e-05
 4.12287e-05
-3.78481e-05
-1.22514e-05
 9.01579e-06
-3.40685e-05
 2.92666e-05
-2.15094e-05
 2.13049e-05
-1.21558e-05
-6.04748e-06
 2.23657e-05
 9.91741e-06
-2.31796e-05
 5.19735e-05
-7.06923e-06
 9.44155e-06
 2.84702e-05
 1.56288e-06
 2.66673e-05
-4.23821e-06
 5.74996e-05
-4.46988e-06
 3.39492e-05
 2.61085e-05
 1.47146e-05
 9.03823e-07
 5.90449e-05
 1.79325e-05
 5.59038e-07
 3.74236e-05
 3.47441e-05
-2.64463e-06
 2.60868e-05
  2.8784e-05
 1.13167e-05
   2.237e-05
 4.88089e-06
 2.38717e-05
 1.43619e-05
 1.61397e-05
-6.32573e-06
 2.26575e-05
 4.80083e-06
 -4.9806e-06
 1.92148e-05
-1.76563e-05
  1.4524e-05
 -1.9424e-05
 1.00015e-05
-1.64138e-05
-7.60255e-06
-2.18849e-05
 5.60205e-06
-3.12374e-05
-3.53263e-06
-1.98851e-05
-3.00752e-05
-6.33149e-06
-2.99244e-05
 -2.7827e-05
-6.96838e-06
-2.57657e-05
-4.64775e-05
-1.34017e-05
-2.88559e-05
-1.50717e-05
-2.72287e-05
-2.15028e-05
-4.10289e-05
-8.76212e-06
-2.87029e-05
-1.19255e-05
-4.46242e-05
  2.8115e-06
-1.93824e-05
-2.17805e-05
-3.00054e-05
 1.21056e-05
-3.48163e-05
 5.35186e-06
-3.85819e-07
-1.85876e-05
 1.34104e-05
-2.46023e-05
 2.70567e-05
-8.33783e-06
-1.73173e-06
 3.29517e-05
-2.14031e-05
 3.37169e-05
 1.80424e-05
  1.8078e-05
 6.89937e-06
 8.69154e-06
 3.18493e-05
 2.35956e-05
 2.92685e-05
 1.62036e-05
  4.0958e-05
 8.20099e-06
 4.47975e-05
 1.64272e-05
 4.14169e-05
  1.3282e-05
 2.60672e-05
 5.01605e-05
 4.73502e-06
 2.97137e-05
 2.55412e-05
 1.83157e-05
 2.43926e-05
 2.56391e-05
 1.45259e-05
 3.60713e-05
 -6.7056e-06
 2.73907e-05
-4.20372e-06
 2.19714e-05
 7.00706e-06
-7.01598e-06
 9.82512e-06
-5.19108e-06
    1.52e-05
-2.53519e-05
 2.75944e-06
-1.54296e-05
-7.98869e-06
-2.28896e-05
-2.44497e-05
 6.18471e-06
 -3.6921e-05
-1.38278e-05
-3.26628e-05
-7.84096e-06
 -4.4656e-05
 -2.9297e-05
-2.69798e-05
-3.06355e-05
-1.99993e-05
-2.48218e-05
-4.33081e-05
-2.07896e-05
-4.17784e-05
 -2.7488e-05
 -9.4282e-06
-4.23131e-05
-2.21462e-05
 -3.0491e-05
 -7.0784e-06
  -3.659e-05
-1.18905e-05
-1.93405e-05
-9.64805e-06
-1.10926e-05
-2.65066e-05
 1.24035e-06
 1.06182e-05
-4.59359e-06
-1.93502e-05
 1.56686e-05
 -9.5321e-06
  3.5992e-05
-1.04364e-05
 1.12045e-05
 2.90343e-05
 5.99431e-06
 2.32157e-05
 2.35967e-05
 2.01144e-05
 3.18369e-05
 1.43648e-05
 2.92029e-05
 2.99538e-05
  3.8499e-05
 1.72589e-05
  4.6459e-05
 2.28237e-05
 1.99248e-05
 3.83621e-05
 3.72596e-05
 1.37792e-05
 3.76427e-05
 3.53183e-05
 1.32554e-05
 2.90727e-05
 2.19475e-05
 1.90118e-05
 1.51469e-05
  2.2573e-05
 9.61636e-07
  2.7877e-05
 7.07987e-06
-1.09778e-05
 2.64924e-05
-1.34569e-05
 1.77211e-06
 2.69627e-06
-2.32685e-05
 1.00573e-05
  -1.073e-05
-2.34321e-05
-1.77948e-05
-7.49267e-06
-3.78047e-05
-1.48218e-05
-2.77577e-06
 -5.3355e-05
-4.14395e-06
 -5.0566e-05
-4.34445e-06
-4.26859e-05
 -3.1776e-05
-3.16401e-05
 -1.6789e-05
-2.23998e-05
-3.80835e-05
 -3.7124e-05
-2.91425e-05
-6.97647e-08
-3.69495e-05
-3.64989e-05
-2.09804e-05
-1.41521e-06
-3.99422e-05
-5.63663e-06
 -1.0567e-05
 2.87893e-06
-2.54558e-05
-1.02302e-05
-1.38794e-05
 2.18298e-05
-1.79715e-05
 1.89813e-05
 4.30081e-06
-1.20477e-05
 3.27792e-05
 1.20304e-05
-3.46036e-06
 2.50328e-05
 2.90457e-05
-2.10671e-06
 4.34857e-05
 8.48953e-07
 3.08161e-05
 3.72422e-05
 1.83834e-05
  4.8533e-06
 5.57217e-05
 1.28511e-05
 3.27598e-05
 2.31109e-05
  1.2355e-05
 3.67694e-05
 3.46862e-05
 1.94323e-05
 1.92591e-05
 1.54737e-05
 3.22327e-05
 6.41893e-06
 2.49636e-05
 7.55037e-06
 1.24862e-05
 1.32941e-05
 5.16653e-06
 1.01185e-05
 2.51892e-05
-1.93409e-05
-7.77788e-06
 3.82777e-06
-3.40914e-06
 1.78623e-05
-3.86905e-05
 2.27786e-05
-4.27947e-05
  -5.906e-06
-2.29677e-06
-2.99442e-05
 -4.6216e-06
-3.49729e-05
-1.05663e-05
-1.97837e-05
 -2.0505e-05
-2.72955e-05
-2.29013e-05
-2.16438e-05
-2.96552e-05
-1.32847e-05
-3.04006e-05
-2.56973e-05
-2.17597e-05
-6.51943e-06
-3.05049e-05
-3.63579e-05
-8.68028e-06
-1.08091e-05
-1.41741e-05
-3.91351e-05
 8.31004e-06
-2.65701e-05
-1.50109e-05
-6.89102e-06
-4.62033e-06
-9.85552e-07
-9.07333e-06
  1.0068e-05
-2.17804e-05
 5.69503e-06
 1.89874e-06
 1.80101e-05
 1.03508e-05
-2.41908e-06
-1.08643e-05
 4.67894e-05
 7.56059e-06
-9.26275e-06
 3.80132e-05
   9.242e-07
  3.3423e-05
 1.56606e-05
 1.29774e-05
 2.16291e-05
 4.00111e-05
 6.12526e-06
 2.78202e-05
 2.93905e-05
 2.51727e-05
 7.60809e-06
 3.40887e-05
 3.31223e-05
 7.04555e-07
 3.98425e-05
 8.48163e-06
 5.40525e-05
-1.48716e-05
 4.11889e-05
-3.90965e-06
 3.39471e-05
 2.37228e-05
 -8.4706e-07
 9.97958e-06
 2.39756e-05
-7.45064e-06
  2.2205e-05
-1.06997e-05
 2.09505e-05
-9.41512e-06
 1.59855e-05
-3.21541e-05
  1.8114e-05
-9.30091e-06
 -1.8109e-05
-1.96129e-06
-2.34873e-05
 -1.0887e-05
-1.47863e-05
-1.03037e-05
-4.18924e-05
-7.23951e-06
-1.90266e-05
-4.57411e-05
 -1.2742e-05
-3.27288e-05
-2.44972e-05
-2.84222e-05
-3.47091e-05
-4.02636e-06
 -6.2979e-05
-4.85002e-05
-2.17037e-07
-2.32422e-05
-4.42952e-05
-3.96814e-05
-1.72018e-05
-2.82291e-05
-1.72562e-05
-3.40619e-05
-3.44196e-05
-2.29879e-05
-8.23447e-06
-1.55181e-05
-1.95046e-05
-1.29094e-05
-1.75225e-05
 1.33953e-05
-1.87199e-05
-6.90565e-06
 1.23634e-05
-1.28321e-05
 2.86217e-05
-4.71635e-06
 1.44388e-05
  2.4903e-05
-2.35273e-06
 2.68571e-05
 4.02209e-05
  2.0304e-05
 2.46147e-05
 5.24471e-05
-4.85326e-07
 5.97613e-05
 4.75459e-05
 2.92106e-05
 3.97698e-05
  3.6264e-05
 6.55156e-05
 2.79268e-05
 3.07912e-05
 6.22466e-05
 5.02844e-05
 3.50006e-05
 6.61826e-05
 1.33703e-05
 3.62757e-05
 5.95758e-05
 4.87709e-05
 4.77875e-06
 5.38278e-05
 6.84649e-06
 4.43558e-05
 2.66536e-05
-1.91851e-06
 2.69288e-05
 1.63038e-05
 1.26958e-05
-1.57375e-05
   1.369e-05
-2.27493e-05
 1.52727e-05
-2.93548e-05
-2.54494e-05
 -1.6952e-05
-1.44759e-05
-5.72998e-05
-7.31512e-06
 -6.7429e-05
-2.66334e-05
-7.20819e-05
-1.33161e-05
-5.73653e-05
-6.96729e-05
-7.31681e-05
-5.00649e-05
-4.39936e-05
 -6.9703e-05
-6.79972e-05
-5.80325e-05
-6.87338e-05
-6.60629e-05
-4.98721e-05
-7.15447e-05
-4.54107e-05
-6.05784e-05
-5.67621e-05
 -3.1963e-05
-6.67004e-05
-3.85472e-05
-3.35626e-05
-3.63543e-05
-9.47391e-06
-5.63618e-05
 1.24983e-05
-3.00236e-05
 3.28844e-07
 2.39656e-05
-3.27474e-05
 4.85053e-05
-9.90091e-06
 3.89079e-05
 3.26672e-05
 2.60103e-05
  5.1094e-05
 3.00703e-05
 5.99237e-05
 6.97171e-05
  7.7323e-05
 3.39015e-05
 9.21449e-05
 5.70794e-05
 9.58421e-05
 6.81751e-05
 8.37969e-05
 8.51141e-05
 6.13031e-05
 0.000107774
 8.09716e-05
 6.50993e-05
 8.61221e-05
 7.19038e-05
 7.64703e-05
 7.14776e-05
 8.36352e-05
  3.6265e-05
 5.89907e-05
 7.57998e-05
 1.81249e-05
 6.02109e-05
  1.3777e-05
 3.24444e-05
 1.86458e-05
 1.25753e-05
 2.29219e-06
 4.63824e-06
-2.41674e-05
-2.12508e-05
-2.75321e-05
-4.28747e-05
-2.69108e-05
-5.01658e-05
-6.60384e-05
-6.13022e-05
-6.39461e-05
-9.59001e-05
-5.40768e-05
 -0.00010608
-8.21053e-05
-9.36596e-05
-9.44306e-05
-9.61264e-05
 -8.9924e-05
-0.000104172
 -0.00010149
-0.000120062
-9.36949e-05
-6.05351e-05
-0.000110509
-0.000101844
-5.94509e-05
-9.74477e-05
-6.39731e-05
-5.92086e-05
-8.16394e-05
-3.32746e-05
-4.62636e-05
-4.58479e-05
-1.48482e-05
-3.05211e-05
-1.04432e-05
 1.09957e-05
-2.21407e-05
 4.82211e-05
 1.70525e-05
  4.2928e-05
 2.59057e-05
 5.74205e-05
 8.51273e-05
 3.68709e-05
 6.47542e-05
 0.000102171
 0.000100265
 7.36255e-05
 9.07975e-05
 0.000115944
 9.92087e-05
 0.000112642
 0.000116675
 8.14202e-05
 0.000144633
 7.90669e-05
 0.000110568
 0.000121145
 8.84315e-05
 0.000118539
       7e-05
 8.75954e-05
 8.92432e-05
 6.30308e-05
 0.000103286
 8.22513e-06
  8.7266e-05
 1.47582e-05
 4.21535e-05
 3.85356e-05
  2.6761e-06
 9.70057e-06
-4.20973e-06
-3.56356e-05
-1.64209e-05
-9.62928e-06
-5.71133e-05
-4.66921e-05
-7.22956e-05
-4.94735e-05
-6.32376e-05
-0.000124726
-6.36851e-05
-7.03685e-05
-0.000139419
-7.89201e-05
-9.83574e-05
-0.000112988
-0.000102404
-0.000114918
-9.62277e-05
  -0.0001189
-0.000109633
-9.20576e-05
-0.000101062
-9.08826e-05
-9.47491e-05
-8.59589e-05
-7.98297e-05
-6.25797e-05
-8.30828e-05
-4.18771e-05
-5.94768e-05
-2.83435e-05
-2.49492e-05
-6.52716e-05
 2.88708e-05
-2.80253e-05
 1.17835e-05
  1.0453e-05
  1.6701e-05
 1.78665e-05
 4.40631e-05
 5.16791e-05
  4.4497e-05
 5.95122e-05
 6.29803e-05
 6.80069e-05
 8.87285e-05
 7.32744e-05
 9.41554e-05
 3.85695e-05
 0.000148237
 8.30365e-05
  7.1038e-05
  8.6964e-05
 0.000104413
 9.99228e-05
 8.23536e-05
 0.000101833
 6.93597e-05
 9.15638e-05
 7.17578e-05
 6.84056e-05
 8.00204e-05
 8.27487e-05
 1.12135e-05
 7.80261e-05
 2.24703e-05
  7.3587e-05
-4.59679e-06
 4.47126e-05
 1.35609e-06
 1.48818e-05
 4.49605e-06
-1.59864e-05
-2.46972e-08
-1.37093e-05
-3.33311e-05
 -4.9153e-05
-9.61194e-06
-6.73003e-05
-2.25354e-05
-5.39723e-05
-6.87889e-05
-7.76813e-05
-5.01468e-05
-3.46248e-05
-9.92869e-05
 -6.5545e-05
-6.39006e-05
-7.92004e-05
-8.49936e-05
-4.05479e-05
-9.06411e-05
-7.05997e-05
-6.43278e-05
-6.25546e-05
-5.61946e-05
-8.32802e-05
-2.61925e-05
-5.86691e-05
-7.07588e-05
-2.70472e-05
 -2.7919e-05
-3.18406e-05
-4.69636e-05
-1.92454e-05
-1.83155e-05
 6.96781e-06
-1.55987e-05
-1.44929e-05
 9.63718e-06
 7.12447e-06
  5.9763e-06
 2.67163e-05
 8.59412e-06
 4.87899e-05
 3.37491e-05
 1.74579e-06
 5.58424e-05
 4.56173e-05
  2.3429e-05
 6.36878e-05
  4.0328e-05
 4.19441e-05
 6.65242e-05
 5.11452e-05
 3.08762e-05
 7.44473e-05
 5.26639e-05
 5.30051e-05
 4.24568e-05
 5.18593e-05
 5.04392e-05
 3.65594e-05
 5.91923e-05
 5.20435e-05
 4.82405e-06
 5.38806e-05
  3.0816e-05
 3.24044e-05
 3.88727e-05
 7.27413e-06
 3.29148e-05
 3.28233e-06
 2.02525e-05
 1.74708e-05
-2.16688e-05
 1.51173e-05
 1.14714e-05
-1.48566e-05
-2.02068e-05
 5.10913e-06
-4.17876e-05
  6.7566e-06
-4.45808e-05
-1.39823e-05
-2.95814e-05
-2.80848e-05
-4.74794e-05
-3.90094e-06
-5.40855e-05
-4.67318e-05
 -2.0634e-05
-4.18538e-05
-4.93548e-05
-2.67493e-05
-5.58212e-05
-1.94101e-05
-4.96535e-05
-2.78559e-05
-5.77615e-05
-2.21642e-05
-3.35802e-05
-2.02538e-05
-5.49795e-05
-3.93983e-06
-4.70516e-05
-1.79526e-05
  -1.932e-05
-7.15769e-06
-4.21516e-05
 6.40217e-06
-6.00898e-06
-1.01969e-05
-2.43225e-05
 1.79049e-05
 1.28231e-05
-2.29133e-05
 2.68329e-05
 -2.6339e-06
 3.68073e-06
 3.79561e-05
 1.34769e-05
 2.91505e-05
-1.43472e-08
 2.33668e-05
 2.08995e-05
 5.11002e-05
 1.79314e-05
 2.74352e-05
 4.67372e-05
 1.28579e-05
 1.94075e-05
 7.39509e-05
-1.10154e-05
 4.99222e-05
 4.11301e-05
 1.94091e-05
 2.43812e-05
 4.94928e-05
 2.60393e-05
 3.67717e-06
 5.04109e-05
 1.92106e-05
 3.12041e-05
-6.03429e-06
 4.35834e-05
 9.34246e-07
 2.93466e-05
 -1.7121e-06
 1.15225e-05
 1.25014e-05
 1.35642e-05
-1.60344e-05
 1.08549e-05
-4.58858e-06
-1.58454e-05
  9.3302e-06
-3.07395e-05
    6.31e-06
-2.79627e-05
  1.2316e-06
-2.93318e-05
-2.62597e-05
-6.19864e-06
-3.07761e-05
 -4.0383e-05
-2.32173e-05
-1.00145e-05
-2.13224e-05
-6.52704e-05
-6.81321e-06
-2.28969e-05
 -4.6919e-05
-1.42439e-05
-3.75688e-05
-2.83365e-05
-2.27259e-05
-3.13166e-05
-2.03839e-05
 -3.4775e-05
-1.79134e-05
-2.09243e-05
-3.27975e-05
-1.05639e-05
-1.48249e-05
-5.55272e-06
-1.81685e-05
-2.78148e-05
 1.37155e-05
  -1.439e-05
-2.57651e-07
-6.34038e-06
 9.99107e-06
  1.8724e-06
 8.12239e-06
-1.58736e-06
 1.58717e-05
 1.48629e-05
  9.8546e-06
 3.34731e-05
 5.53008e-06
 3.61859e-05
-4.60321e-06
 4.18023e-05
 2.65343e-05
 3.54541e-05
 2.43074e-05
 1.47737e-05
 3.38125e-05
 3.51068e-05
 3.28152e-05
 1.32773e-05
 5.46048e-05
 2.63194e-05
 2.64344e-05
 1.39043e-05
 4.42766e-05
 2.25474e-05
 1.84695e-05
 3.86099e-05
  4.4633e-06
 3.56288e-05
 7.06118e-06
 3.77506e-05
-9.22814e-06
 1.92094e-05
 2.11142e-05
  -1.468e-05
 2.24936e-05
  9.6241e-06
-1.05403e-05
-1.08623e-06
-7.34278e-06
-9.84263e-06
-1.11258e-05
 5.45787e-06
-4.85462e-05
 7.98151e-06
-2.58124e-05
-2.47271e-05
-2.30561e-05
-2.91853e-05
-1.70877e-05
-2.87257e-05
-4.51475e-05
-1.93496e-05
 -3.7043e-05
-3.40423e-05
-2.10071e-05
-3.93058e-05
 -6.5277e-05
 4.57666e-08
-3.27954e-05
-4.56146e-05
-2.60228e-05
-4.06791e-05
-2.95938e-05
-2.42883e-05
-3.16179e-05
-3.55935e-05
 -6.8515e-06
-2.72902e-05
-3.30229e-05
 2.55337e-06
-2.33785e-05
-1.34565e-05
-1.21815e-05
-9.18857e-06
 6.58231e-06
-1.10113e-05
 3.58752e-06
-3.44402e-06
 1.56114e-05
 3.30538e-05
-1.84761e-05
  4.5478e-05
-3.64916e-06
 1.86321e-05
 5.62456e-05
-2.06746e-06
  4.3792e-05
 3.44607e-05
 3.16348e-05
 2.36404e-05
 4.86973e-05
 3.92262e-05
 3.06213e-05
 6.35765e-05
 3.07022e-05
  1.6883e-05
 7.83111e-05
 3.35772e-05
 1.94574e-05
 7.00609e-05
 2.74077e-05
 4.73691e-05
 3.48678e-05
   3.236e-05
  3.9682e-05
  3.4656e-05
 2.69674e-05
 2.23789e-05
 3.24436e-05
 2.29244e-05
 2.77889e-05
 1.29843e-07
 9.08558e-06
 1.71537e-05
 7.80299e-06
 5.87307e-06
-9.80192e-06
-9.54174e-06
 1.69428e-06
-1.29801e-05
-3.44281e-05
-2.38056e-05
-1.25907e-05
-2.67434e-05
-5.53361e-05
-2.19538e-06
-5.87717e-05
-3.74799e-05
-6.50814e-05
-1.55448e-05
-6.66624e-05
-5.39858e-05
-4.46795e-05
-6.97242e-05
-4.86558e-05
-5.33703e-05
-7.16202e-05
-5.31942e-05
-3.82532e-05
-9.05616e-05
-3.67941e-05
-5.83661e-05
 -7.5348e-05
-1.01824e-05
-7.63003e-05
-5.44056e-05
-2.27197e-05
-5.92834e-05
-3.39227e-05
-3.23744e-05
-2.34708e-05
 -2.7761e-05
-1.93184e-05
-2.47386e-05
 6.57494e-06
-1.20296e-05
 5.56331e-06
 1.25505e-05
 6.32735e-07
 2.11182e-05
 3.64511e-05
 1.64647e-05
  4.6805e-05
 3.17555e-05
 4.32772e-05
 6.37553e-05
   4.685e-05
 5.73757e-05
  7.6691e-05
  6.7256e-05
 7.80214e-05
 7.09731e-05
 8.09603e-05
 9.94548e-05
 4.98157e-05
 0.000112789
 0.000101144
 7.33525e-05
 7.49062e-05
 0.000111269
 7.58492e-05
 9.33282e-05
 7.47709e-05
 8.15933e-05
 7.50182e-05
 9.42758e-05
 4.51835e-05
 7.27308e-05
  4.6922e-05
 6.70429e-05
 3.12591e-05
 4.13473e-05
  3.4313e-05
  3.1644e-05
-1.10741e-05
 1.26367e-05
 2.03149e-05
-2.57713e-05
-3.52999e-05
-1.07981e-05
-4.72458e-05
-6.29197e-05
-4.37905e-05
-6.18183e-05
-9.30633e-05
-5.25603e-05
-0.000120384
-9.53675e-05
-9.46714e-05
-0.000132169
-0.000112632
 -0.00011467
-0.000135719
-0.000140262
-0.000126068
-0.000151441
-0.000132487
-0.000144014
-0.000146074
 -0.00013637
-0.000130148
-0.000145977
-0.000126378
 -0.00013408
-0.000108207
-0.000130207
-7.69384e-05
-0.000116844
-7.19492e-05
-9.24692e-05
-3.65528e-05
-7.00612e-05
-4.70441e-05
-3.12241e-05
 1.22652e-05
-4.80135e-06
 1.72705e-05
 8.83363e-06
 6.25053e-05
 4.59636e-05
   0.0001122
 5.55106e-05
 0.000126868
 0.000114515
 0.000126938
  0.00014415
 0.000170292
 0.000161969
 0.000191799
 0.000160474
 0.000252976
 0.000160762
 0.000250985
 0.000200144
 0.000230402
 0.000224062
 0.000229183
 0.000224954
 0.000226601
  0.00021542
  0.00020791
 0.000247683
 0.000186903
 0.000164947
 0.000209441
  0.00016421
 0.000145827
 0.000108401
 0.000151836
 9.52975e-05
 6.95811e-05
 6.37163e-05
 4.08721e-05
 9.22743e-06
-5.64656e-06
-3.21474e-05
-4.72594e-05
-0.000113126
-5.35087e-05
-0.000156681
-0.000158457
-0.000159401
-0.000211961
-0.000230989
-0.000241367
-0.000266336
-0.000251728
-0.000333989
-0.000310596
-0.000332718
-0.000322179
-0.000359693
-0.000383675
-0.000328426
-0.000398935
-0.000343674
-0.000393154
-0.000359468
-0.000345731
-0.000354042
-0.000321567
-0.000342075
-0.000275905
-0.000302862
-0.000234262
-0.000249942
-0.000206333
-0.000165492
-0.000155443
-9.89027e-05
-8.87391e-05
-3.70987e-05
 1.43471e-05
 3.35944e-05
 8.18192e-05
 0.000104683
 0.000174157
  0.00019842
 0.000243532
 0.000278874
 0.000319968
 0.000355396
 0.000397756
 0.000412861
 0.000505192
 0.000455637
 0.000538411
 0.000527639
 0.000584012
 0.000551048
 0.000627321
 0.000613272
  0.00058865
 0.000619932
  0.00063445
 0.000611069
 0.000565035
 0.000613306
 0.000538784
  0.00055316
 0.000488852
 0.000488098
 0.000397929
 0.000404843
 0.000355752
 0.000253748
  0.00024103
 0.000185426
  0.00010631
  4.6106e-05
-4.88103e-06
-0.000141646
-0.000132126
-0.000230461
-0.000325715
-0.000360631
-0.000483612
-0.000487229
 -0.00063405
-0.000645057
-0.000746744
-0.000774049
-0.000867025
-0.000897521
-0.000957239
 -0.00100468
 -0.00104157
 -0.00105007
 -0.00110192
 -0.00110026
 -0.00114192
 -0.00107137
 -0.00113914
 -0.00108018
 -0.00104461
  -0.0010319
-0.000970626
-0.000873897
-0.000886592
 -0.00075588
-0.000689005
-0.000564932
-0.000503171
-0.000338145
-0.000242053
-0.000102131
 2.92167e-05
 0.000177128
 0.000362361
  0.00044219
 0.000677324
 0.000810925
 0.000953542
  0.00115242
  0.00128637
  0.00148626
  0.00160695
  0.00177378
  0.00190282
  0.00206191
  0.00216175
  0.00226508
  0.00239851
  0.00241265
  0.00252116
  0.00253271
  0.00255909
  0.00252436
  0.00247458
  0.00243778
  0.00228096
  0.00219228
  0.00193741
  0.00177656
  0.00152498
  0.00113224
 0.000840127
 0.000412416
 -1.9045e-05
-0.000571582
 -0.00109912
 -0.00176643
 -0.00241068
 -0.00318082
 -0.00398102
 -0.00485945
 -0.00579553
 -0.00680953
 -0.00789515
  -0.0090199
  -0.0102293
  -0.0115608
    -0.01288
   -0.014331
  -0.0158385
  -0.0173894
  -0.0190926
  -0.0207536
  -0.0225854
  -0.0244741
  -0.0263554
  -0.0284034
     1.23644
 0.000346231
