-0.000304806
-0.000169415
-4.93474e-05
 5.14661e-05
 0.000132026
 0.000192051
 0.000230294
 0.000243881
 0.000228707
 0.000180526
 9.63272e-05
-2.41934e-05
-0.000177102
-0.000352696
-0.000534364
-0.000698626
-0.000817206
-0.000861562
-0.000809401
-0.000651713
-0.000398228
-7.92132e-05
 0.000257632
 0.000555126
 0.000757896
 0.000824409
 0.000736769
 0.000505752
 0.000169688
-0.000212656
 -0.00057362
-0.000850005
-0.000995295
-0.000988227
-0.000836076
-0.000572288
-0.000249267
 7.20237e-05
 0.000333514
 0.000490421
  0.00051886
 0.000419537
 0.000217081
-4.47654e-05
-0.000311288
-0.000527014
-0.000646366
-0.000642954
-0.000515739
-0.000290608
-1.65604e-05
 0.000243351
 0.000425028
 0.000477902
  0.00037794
 0.000135792
-0.000202492
-0.000563307
-0.000860933
 -0.00101755
-0.000983203
-0.000750466
 -0.00035964
 0.000107849
 0.000546964
 0.000853684
 0.000950741
 0.000807768
 0.000450335
-4.48888e-05
 -0.00056796
 -0.00100206
 -0.00125166
 -0.00126525
  -0.0010467
-0.000652831
-0.000178041
 0.000269498
 0.000593731
 0.000732217
 0.000668249
 0.000431378
 8.71626e-05
-0.000280519
-0.000589758
-0.000778612
-0.000816949
 -0.00071015
-0.000494722
-0.000227671
 2.74153e-05
 0.000214298
 0.000295153
  0.00025687
 0.000111842
-0.000106315
-0.000350785
-0.000571478
-0.000724851
  -0.0007819
-0.000733007
 -0.00058898
-0.000378276
-0.000141037
 7.88648e-05
 0.000242256
 0.000321914
 0.000307246
  0.00020551
 3.94287e-05
-0.000158174
 -0.00035145
-0.000508736
-0.000608332
-0.000641721
-0.000613721
-0.000539816
-0.000441514
-0.000340982
-0.000256244
-0.000197987
-0.000168541
-0.000162979
-0.000171833
-0.000184503
-0.000192436
-0.000191265
-0.000181487
-0.000167669
-0.000156595
-0.000154967
-0.000167376
-0.000195076
-0.000235839
-0.000284814
-0.000336016
-0.000383913
-0.000424567
-0.000455962
 -0.00047748
-0.000488757
-0.000488442
-0.000473442
-0.000439141
-0.000380753
-0.000295616
-0.000185786
-6.01006e-05
 6.51962e-05
 0.000167873
 0.000223307
 0.000209778
 0.000114357
-6.20362e-05
-0.000301916
 -0.00057197
-0.000827634
 -0.00102097
 -0.00111039
  -0.0010701
 -0.00089706
-0.000613516
-0.000264219
  9.1439e-05
 0.000390835
 0.000580655
 0.000627744
 0.000525816
 0.000296485
-1.55852e-05
 -0.00035224
-0.000653877
-0.000871218
-0.000974263
-0.000956606
-0.000834517
-0.000641367
-0.000419061
 -0.00020866
-4.23701e-05
 6.14483e-05
 9.95033e-05
 8.12708e-05
  2.4256e-05
-5.16284e-05
   -0.000129
 -0.00019611
-0.000247645
-0.000283518
 -0.00030648
-0.000319655
-0.000324927
-0.000322663
-0.000312658
-0.000295673
-0.000274694
-0.000255148
-0.000243747
-0.000246205
-0.000264595
 -0.00029538
-0.000329022
-0.000351645
-0.000348537
-0.000308669
-0.000228915
-0.000116662
 1.01963e-05
 0.000126185
 0.000203594
 0.000219019
 0.000159471
 2.64747e-05
-0.000162963
 -0.00037887
-0.000583786
-0.000739996
-0.000816913
-0.000797038
-0.000679328
-0.000479415
-0.000226805
 4.02312e-05
 0.000281018
 0.000458951
 0.000547062
 0.000531913
  0.00041541
 0.000214391
-4.18481e-05
-0.000315771
-0.000567016
-0.000758341
-0.000861297
-0.000860782
-0.000757683
-0.000569033
-0.000325464
-6.62282e-05
 0.000167459
 0.000339589
 0.000425687
 0.000417044
 0.000321942
 0.000163615
-2.46793e-05
-0.000206462
-0.000349279
  -0.0004309
-0.000443201
-0.000392979
-0.000299614
 -0.00019017
-9.30458e-05
 -3.1579e-05
  -1.898e-05
-5.56611e-05
-0.000129495
-0.000218903
-0.000298063
-0.000343071
 -0.00033769
-0.000277391
-0.000170768
-3.79637e-05
 9.35987e-05
 0.000195265
  0.00024363
 0.000225955
 0.000143207
 9.93098e-06
-0.000149061
-0.000304399
-0.000428774
-0.000502737
-0.000518161
-0.000478615
-0.000396863
-0.000290597
-0.000177919
-7.39304e-05
 1.08761e-05
 7.05236e-05
 0.000102479
 0.000106495
  8.4005e-05
 3.82343e-05
-2.53354e-05
-9.87282e-05
-0.000172003
-0.000234735
-0.000278195
-0.000297555
-0.000293357
-0.000271566
-0.000241998
-0.000215451
-0.000200341
-0.000199956
-0.000211318
-0.000226196
-0.000234084
-0.000226205
-0.000199106
-0.000156414
-0.000107914
-6.61761e-05
 -4.1997e-05
-4.05314e-05
 -5.9765e-05
-9.19447e-05
-0.000127247
-0.000157976
-0.000181429
 -0.00020032
-0.000220786
-0.000249026
-0.000288038
-0.000335686
-0.000384678
-0.000424301
-0.000443232
-0.000432524
-0.000387991
-0.000311474
-0.000210839
-9.88774e-05
 8.59086e-06
 9.49865e-05
 0.000145278
 0.000148065
 9.72718e-05
-6.62255e-06
-0.000155902
-0.000335565
 -0.00052406
-0.000694951
 -0.00081966
-0.000871273
-0.000829183
-0.000684061
-0.000442321
-0.000129004
  0.00021205
  0.00052172
 0.000733304
 0.000784136
 0.000629829
   0.0002588
-0.000296185
-0.000953188
 -0.00158636
 -0.00204333
 -0.00217422
 -0.00186875
 -0.00109431
 7.43367e-05
  0.00144398
  0.00271849
  0.00354463
  0.00358467
  0.00260495
 0.000562751
 -0.00232961
 -0.00558357
    -0.00847
  -0.0101149
 -0.00964491
 -0.00635974
  0.00010217
  0.00963983
   0.0216395
   0.0350166
   0.0483489
   0.0600843
   0.0687832
   0.0728653
   0.0721899
   0.0668093
   0.0573851
   0.0450732
   0.0313316
   0.0176892
  0.00551975
 -0.00414098
  -0.0107063
  -0.0140669
  -0.0145414
  -0.0127667
 -0.00955585
 -0.00575042
 -0.00209383
 0.000858445
   0.0027833
  0.00359055
  0.00338797
  0.00242339
  0.00101742
-0.000500926
 -0.00184699
 -0.00281618
 -0.00330108
 -0.00329135
 -0.00285936
 -0.00213627
 -0.00128312
-0.000461743
 0.000190435
 0.000578736
  0.00066095
 0.000448104
-2.74422e-06
-0.000601743
 -0.00124295
 -0.00182172
 -0.00225036
 -0.00246983
 -0.00245638
  -0.0022226
 -0.00181304
 -0.00129559
 -0.00074996
-0.000255155
 0.000122168
 0.000336825
 0.000370399
  0.00023207
-4.49631e-05
-0.000410659
-0.000807457
 -0.00117994
 -0.00148301
 -0.00168708
  -0.0017796
 -0.00176324
 -0.00165176
 -0.00146538
 -0.00122714
-0.000961182
-0.000692589
-0.000447546
 -0.00025218
-0.000129191
-9.27335e-05
-0.000143422
-0.000265867
 -0.00043052
-0.000599977
-0.000738111
-0.000819258
-0.000834589
-0.000793794
-0.000721671
-0.000650779
-0.000612298
-0.000627607
-0.000702681
-0.000826526
-0.000973762
 -0.00111043
 -0.00120145
 -0.00121794
 -0.00114289
-0.000974294
 -0.00072562
-0.000423903
-0.000106274
 0.000184508
 0.000405109
 0.000517129
 0.000492911
 0.000321193
 1.16254e-05
-0.000403274
-0.000870119
 -0.00132132
 -0.00168586
 -0.00190234
 -0.00193129
 -0.00176379
 -0.00142427
-0.000966423
-0.000463457
 5.53548e-06
 0.000369954
 0.000580042
  0.00061484
 0.000484394
 0.000226045
 -0.00010424
-0.000443615
-0.000734789
 -0.00093666
 -0.00103111
 -0.00102474
-0.000945277
-0.000833735
-0.000733879
-0.000681513
-0.000695809
-0.000774606
-0.000894684
 -0.00101697
 -0.00109555
 -0.00108859
-0.000968778
-0.000731105
-0.000396262
-8.87781e-06
 0.000369142
 0.000668989
  0.00082713
  0.00079714
 0.000559088
 0.000124908
-0.000461194
 -0.00112745
 -0.00178373
 -0.00233415
 -0.00269123
 -0.00278987
 -0.00259892
  -0.0021286
   -0.001432
 -0.00060019
 0.000249437
  0.00099001
  0.00150514
  0.00170867
  0.00156075
  0.00107669
 0.000326592
-0.000575092
 -0.00148854
 -0.00227278
 -0.00281057
 -0.00302889
 -0.00291079
  -0.0024963
 -0.00187228
 -0.00115375
-0.000460901
 0.000103086
 0.000468736
 0.000608535
 0.000535825
 0.000295754
-4.86247e-05
-0.000431269
-0.000795575
 -0.00110199
 -0.00133014
 -0.00147638
 -0.00154861
 -0.00156065
 -0.00152785
  -0.0014647
 -0.00138428
 -0.00129841
 -0.00121767
 -0.00115036
  -0.0011006
 -0.00106627
 -0.00103808
 -0.00100079
-0.000936968
-0.000832872
-0.000684949
-0.000504937
-0.000321582
-0.000177659
-0.000122132
-0.000198734
-0.000433437
-0.000823962
 -0.00133434
 -0.00189666
 -0.00242048
 -0.00280863
 -0.00297646
 -0.00287041
 -0.00248182
 -0.00185246
 -0.00107021
 -0.00025512
 0.000461394
 0.000960316
  0.00115677
  0.00101546
 0.000556688
-0.000147932
-0.000988991
 -0.00183901
 -0.00257432
 -0.00309487
  -0.0033385
 -0.00328769
 -0.00296822
 -0.00244109
 -0.00178975
 -0.00110578
-0.000475299
 3.14923e-05
 0.000366867
 0.000507903
 0.000455358
 0.000230158
-0.000131343
-0.000582418
 -0.00107084
 -0.00154347
 -0.00195061
 -0.00225036
  -0.0024128
 -0.00242361
 -0.00228648
 -0.00202348
 -0.00167284
 -0.00128394
-0.000909938
-0.000599255
-0.000387433
-0.000291124
-0.000305686
-0.000407118
-0.000558162
-0.000717345
 -0.00084895
-0.000931549
 -0.00096292
-0.000959987
-0.000953576
-0.000979129
 -0.00106558
 -0.00122526
 -0.00144748
  -0.0016978
 -0.00192356
 -0.00206475
 -0.00206797
 -0.00190029
 -0.00155972
 -0.00107963
-0.000525716
 1.42782e-05
 0.000446233
 0.000687765
 0.000685173
 0.000425792
-5.68213e-05
-0.000686256
 -0.00135498
 -0.00194276
  -0.0023389
 -0.00246416
 -0.00228832
 -0.00183938
 -0.00120167
-0.000502189
 0.000113163
 0.000509489
 0.000592912
 0.000334091
 -0.00022072
-0.000954835
 -0.00170283
 -0.00228521
 -0.00254896
 -0.00240492
 -0.00185263
-0.000985945
 2.33237e-05
 0.000961089
  0.00161843
  0.00183987
  0.00156096
 0.000825496
-0.000222109
  -0.0013682
 -0.00237758
 -0.00304609
 -0.00324541
 -0.00294927
 -0.00223552
 -0.00126439
 -0.00023933
 0.000639339
  0.00121661
  0.00141154
  0.00122717
  0.00074142
 8.29918e-05
-0.000600755
 -0.00117598
 -0.00154785
 -0.00167493
 -0.00157097
 -0.00129529
-0.000935198
-0.000584685
-0.000323832
-0.000202828
-0.000233177
-0.000387323
-0.000606437
-0.000814681
-0.000937193
-0.000918256
-0.000735959
-0.000410074
 -1.0211e-06
 0.000400571
 0.000692204
 0.000782345
 0.000612989
 0.000176754
-0.000475955
 -0.00124224
 -0.00198432
 -0.00255628
 -0.00283443
 -0.00274457
 -0.00227957
 -0.00150321
 -0.00053886
 0.000454349
  0.00131254
  0.00189815
  0.00212435
  0.00196774
  0.00146784
 0.000714666
-0.000171351
 -0.00106199
 -0.00184156
 -0.00242173
 -0.00274975
 -0.00281041
 -0.00262322
 -0.00223582
 -0.00171482
 -0.00113457
-0.000565635
-6.46272e-05
 0.000331934
 0.000608437
 0.000765645
 0.000812864
 0.000759963
 0.000612395
 0.000371014
  3.6589e-05
-0.000382956
-0.000865592
 -0.00137157
 -0.00184519
 -0.00222229
 -0.00244224
 -0.00246144
 -0.00226497
 -0.00187309
 -0.00134047
-0.000747658
-0.000186422
 0.000257992
 0.000523576
 0.000583271
 0.000448842
 0.000165961
-0.000198243
-0.000571944
-0.000895377
 -0.00113326
 -0.00127976
 -0.00135501
 -0.00139438
  -0.0014339
  -0.0014962
 -0.00158122
  -0.0016646
 -0.00170445
 -0.00165474
 -0.00148165
 -0.00117812
-0.000772099
-0.000325612
 7.60225e-05
 0.000342713
  0.00040159
 0.000216939
-0.000197267
-0.000776049
 -0.00141449
 -0.00198922
 -0.00238573
 -0.00252485
 -0.00238213
 -0.00199471
 -0.00145372
-0.000883464
-0.000412337
-0.000142288
-0.000124566
-0.000347801
-0.000741544
 -0.00119453
 -0.00158318
 -0.00180313
 -0.00179607
 -0.00156471
 -0.00117247
-0.000727402
-0.000354603
-0.000163892
-0.000220997
-0.000529754
 -0.00103008
 -0.00161247
 -0.00214524
 -0.00250731
 -0.00261751
 -0.00245239
 -0.00204822
 -0.00148771
-0.000877021
-0.000320951
 9.62652e-05
  0.00032089
  0.00033105
 0.000133285
-0.000241753
 -0.00074266
 -0.00130063
 -0.00183518
 -0.00226414
  -0.0025173
 -0.00255106
 -0.00235962
  -0.0019788
 -0.00148039
-0.000957745
 -0.00050596
-0.000201597
-8.70115e-05
-0.000163056
-0.000391603
-0.000706775
 -0.00103167
 -0.00129628
 -0.00145227
 -0.00148166
 -0.00139782
 -0.00123934
 -0.00105883
-0.000909538
-0.000832868
-0.000849408
-0.000955142
 -0.00112328
 -0.00131105
 -0.00146987
 -0.00155661
 -0.00154375
 -0.00142593
  -0.0012218
 -0.00097018
 -0.00072141
 -0.00052547
-0.000419532
-0.000417995
-0.000507776
-0.000650629
-0.000792658
-0.000879251
-0.000871921
-0.000762479
 -0.00058004
-0.000387744
-0.000268588
-0.000302852
-0.000542415
-0.000989014
 -0.00158332
 -0.00220968
 -0.00271736
 -0.00295481
 -0.00280907
 -0.00224021
 -0.00130103
-0.000135309
  0.00104689
  0.00201217
  0.00255518
  0.00254613
  0.00196242
 0.000896559
-0.000461754
 -0.00186496
 -0.00305892
 -0.00383413
 -0.00406561
 -0.00373333
 -0.00292026
 -0.00179017
-0.000551538
 0.000584028
  0.00143998
  0.00190289
  0.00193619
   0.0015788
 0.000930649
  0.00012904
-0.000678905
 -0.00136271
 -0.00182949
 -0.00203622
 -0.00199194
 -0.00175005
 -0.00139276
 -0.00101095
-0.000683738
-0.000462157
-0.000360411
-0.000356695
-0.000403121
-0.000442035
 -0.00042428
-0.000324467
-0.000149121
 6.43907e-05
 0.000257729
 0.000367453
 0.000342627
 0.000159546
-0.000170151
-0.000599979
 -0.00105757
 -0.00145997
 -0.00173157
 -0.00182072
 -0.00171091
 -0.00142434
 -0.00101681
-0.000565323
-0.000151267
 0.000156925
   0.0003176
 0.000323045
 0.000198489
-6.50192e-06
-0.000231844
-0.000422338
-0.000540811
-0.000575936
-0.000543169
-0.000479015
 -0.00043033
-0.000441363
 -0.00054147
-0.000736166
 -0.00100339
 -0.00129588
 -0.00154946
 -0.00169593
 -0.00167829
 -0.00146535
 -0.00106265
-0.000516681
 8.91832e-05
 0.000647429
  0.00104604
  0.00119152
  0.00103058
  0.00056517
-0.000143073
-0.000981181
  -0.0018051
 -0.00246791
 -0.00284998
 -0.00288395
 -0.00256862
 -0.00196833
   -0.001198
 -0.00039768
 0.000297038
 0.000781572
 0.000999803
 0.000949186
 0.000673618
 0.000247291
 -0.00024531
-0.000727843
 -0.00114474
 -0.00146604
 -0.00168484
  -0.0018098
 -0.00185593
 -0.00183703
 -0.00176164
 -0.00163328
 -0.00145392
 -0.00122877
-0.000970372
-0.000700174
-0.000447016
-0.000242758
-0.000116311
-8.76401e-05
-0.000163241
 -0.00033414
-0.000576808
-0.000856735
 -0.00113394
  -0.0013694
 -0.00153135
 -0.00160045
  -0.0015731
 -0.00146225
 -0.00129554
  -0.0011108
-0.000949394
-0.000848472
-0.000833259
-0.000911047
 -0.00106824
 -0.00127153
 -0.00147337
 -0.00162129
 -0.00166912
 -0.00158817
 -0.00137545
 -0.00105703
-0.000685002
-0.000328624
-6.09678e-05
 5.58124e-05
-1.65643e-05
-0.000284197
-0.000718958
 -0.00126274
 -0.00183661
 -0.00235268
 -0.00272654
 -0.00288888
 -0.00279586
 -0.00243788
 -0.00184629
 -0.00109597
-0.000300714
 0.000401338
  0.00087246
  0.00100645
 0.000758043
 0.000161051
-0.000672519
 -0.00157429
 -0.00235769
  -0.0028625
 -0.00299346
 -0.00274285
 -0.00219091
 -0.00148451
-0.000799691
-0.000297822
-8.63025e-05
-0.000193515
-0.000564002
 -0.00107482
 -0.00156879
  -0.0018961
 -0.00195372
  -0.0017127
  -0.0012262
 -0.00061646
-4.38721e-05
 0.000333945
 0.000402622
 0.000120904
-0.000467576
 -0.00124345
 -0.00203926
 -0.00267869
 -0.00301766
 -0.00297741
 -0.00256191
 -0.00185568
 -0.00100327
-0.000175582
 0.000468596
 0.000816701
  0.00082445
 0.000521208
-1.76047e-06
-0.000616499
  -0.0011903
 -0.00161635
  -0.0018357
 -0.00184576
 -0.00169409
 -0.00145994
 -0.00122924
 -0.00106992
 -0.00101409
 -0.00105163
 -0.00113623
 -0.00120171
 -0.00118369
 -0.00104024
-0.000766027
-0.000396059
 1.73423e-06
 0.000342841
 0.000546948
 0.000557691
 0.000356362
-3.36088e-05
-0.000552109
 -0.00111586
  -0.0016362
 -0.00203653
 -0.00226519
 -0.00230125
 -0.00215271
 -0.00184887
 -0.00143024
-0.000939397
-0.000522127
-0.000152086
 0.000158616
 0.000406897
 0.000591893
 0.000709754
 0.000751628
 0.000704865
 0.000556372
 0.000296876
-7.45629e-05
-0.000545821
 -0.00108699
 -0.00164688
 -0.00215313
 -0.00251859
 -0.00265529
 -0.00249453
 -0.00200855
 -0.00122732
-0.000244131
 0.000794009
  0.00171087
   0.0023358
  0.00254079
  0.00227069
   0.0015587
 0.000522971
-0.000655394
 -0.00176787
 -0.00261967
 -0.00306745
 -0.00304567
 -0.00257674
 -0.00176376
-0.000768229
 0.000221973
  0.00102787
  0.00151145
   0.0015991
  0.00129299
 0.000669033
-0.000137965
-0.000959375
 -0.00162423
 -0.00199207
 -0.00198155
 -0.00158948
 -0.00089564
-5.10383e-05
 0.000749996
  0.00130991
  0.00147287
  0.00116479
 0.000418506
 -0.00062407
 -0.00173608
 -0.00265335
 -0.00313605
 -0.00303018
  -0.0023129
 -0.00110839
 0.000332387
  0.00168572
  0.00263101
  0.00293014
   0.0024895
  0.00138791
-0.000138345
 -0.00175043
 -0.00308829
 -0.00385756
 -0.00389942
 -0.00322587
 -0.00201199
-0.000548713
 0.000830579
  0.00182985
  0.00225666
  0.00205951
  0.00132949
 0.000268631
-0.000864545
  -0.0018176
 -0.00239964
  -0.0025178
 -0.00218865
 -0.00152471
-0.000701672
 8.44926e-05
 0.000660456
 0.000909648
 0.000791662
 0.000344691
-0.000327656
  -0.0010811
 -0.00176127
 -0.00223395
 -0.00240978
 -0.00225909
 -0.00181521
 -0.00116583
 -0.00043467
 0.000243057
 0.000746621
 0.000992124
 0.000946918
 0.000633373
 0.000121517
-0.000487483
 -0.00108315
  -0.0015679
 -0.00187485
 -0.00197775
 -0.00189146
 -0.00166369
 -0.00136072
 -0.00105089
-0.000789731
-0.000610187
-0.000519434
-0.000502295
-0.000529581
-0.000568628
-0.000593077
-0.000589471
-0.000559334
-0.000516748
-0.000482617
  -0.0004776
-0.000515844
-0.000601215
-0.000726845
-0.000877782
 -0.00103558
  -0.0011832
 -0.00130849
 -0.00140525
 -0.00147157
 -0.00150633
 -0.00150535
 -0.00145913
 -0.00135341
 -0.00117346
-0.000911073
-0.000572583
-0.000185227
 0.000200932
 0.000517375
 0.000688223
 0.000646526
 0.000352442
-0.000191193
-0.000930492
 -0.00176278
 -0.00255073
 -0.00314658
 -0.00342217
   -0.003298
  -0.0027647
 -0.00189083
-0.000814309
  0.00028181
  0.00120454
  0.00178955
  0.00193468
  0.00162054
 0.000913751
-4.80329e-05
 -0.00108559
 -0.00201522
 -0.00268505
 -0.00300263
 -0.00294821
 -0.00257194
 -0.00197666
 -0.00129153
 -0.00064308
-0.000130583
 0.000189381
 0.000306664
 0.000250473
 7.47558e-05
-0.000159116
-0.000397572
  -0.0006044
-0.000763229
-0.000873788
-0.000944557
-0.000985162
 -0.00100141
-0.000994432
-0.000963597
 -0.00091125
-0.000846593
-0.000786354
-0.000751217
-0.000758792
-0.000815469
-0.000910346
 -0.00101403
 -0.00108375
 -0.00107418
-0.000951303
-0.000705505
-0.000359545
 3.14246e-05
 0.000388896
 0.000627468
 0.000675007
 0.000491481
 8.15938e-05
-0.000502245
 -0.00116766
  -0.0017992
 -0.00228063
 -0.00251768
 -0.00245643
 -0.00209366
 -0.00147753
-0.000699001
 0.000123991
 0.000866082
  0.00141446
  0.00168602
  0.00163933
  0.00128027
 0.000660742
-0.000128974
-0.000973191
 -0.00174752
 -0.00233717
 -0.00265447
 -0.00265289
 -0.00233514
 -0.00175373
 -0.00100306
-0.000204112
 0.000516101
   0.0010466
  0.00131195
  0.00128531
 0.000992208
 0.000504255
-7.60603e-05
-0.000636307
 -0.00107646
 -0.00132801
 -0.00136592
 -0.00121114
-0.000923395
-0.000586095
-0.000286763
-9.73248e-05
-5.84956e-05
-0.000171545
-0.000399097
-0.000674648
-0.000918615
 -0.00105733
 -0.00104075
-0.000854906
-0.000526299
-0.000117002
 0.000288467
 0.000601796
 0.000750855
 0.000696382
 0.000441355
 3.06068e-05
-0.000459399
-0.000938142
 -0.00132146
 -0.00154941
 -0.00159695
 -0.00147507
 -0.00122311
-0.000895606
-0.000548338
 -0.00022785
 3.35195e-05
  0.00021735
 0.000315836
 0.000328211
 0.000258899
 0.000117836
-7.80825e-05
-0.000304276
-0.000530104
-0.000723443
-0.000857382
-0.000917051
-0.000904113
-0.000836953
-0.000745827
-0.000664011
-0.000617442
-0.000616255
-0.000651272
-0.000697126
-0.000721435
-0.000697152
-0.000613635
-0.000482059
-0.000332584
-0.000203951
-0.000129433
-0.000124916
-0.000184193
-0.000283369
 -0.00039217
-0.000486874
-0.000559155
-0.000617377
-0.000680452
-0.000767486
-0.000887718
 -0.00103457
 -0.00118556
 -0.00130768
 -0.00136602
 -0.00133302
 -0.00119577
-0.000959946
-0.000649796
-0.000304735
 2.64766e-05
 0.000292744
 0.000447741
 0.000456329
 0.000299787
-2.04104e-05
-0.000480481
 -0.00103419
 -0.00161513
  -0.0021418
 -0.00252615
 -0.00268522
  -0.0025555
 -0.00210824
 -0.00136321
-0.000397583
 0.000653529
  0.00160791
  0.00226001
  0.00241667
   0.0019411
 0.000797609
-0.000912829
 -0.00293768
 -0.00488909
 -0.00629743
 -0.00670083
 -0.00575939
 -0.00337262
 0.000229102
  0.00445028
  0.00837826
   0.0109244
   0.0110478
  0.00802833
  0.00173437
 -0.00717974
  -0.0172083
  -0.0261041
  -0.0311735
  -0.0297251
  -0.0196004
 0.000314883
   0.0297095
    0.066692
    0.107919
    0.149009
    0.185177
     22.5652
