-0.000351512
-0.000381676
-0.000426037
 -0.00046485
-0.000469159
-0.000430802
 -0.00037111
-0.000316594
-0.000278915
 -0.00026117
-0.000271118
-0.000315282
-0.000380725
-0.000437153
-0.000461588
-0.000453315
-0.000422432
-0.000375541
-0.000321472
-0.000280341
-0.000272543
-0.000298169
-0.000338645
-0.000377697
-0.000410507
-0.000432088
-0.000431101
-0.000403885
-0.000365207
-0.000334956
-0.000319128
-0.000313087
-0.000317338
 -0.00033736
-0.000368227
-0.000392804
-0.000400514
-0.000396899
-0.000390333
 -0.00037868
-0.000358314
-0.000337882
-0.000330844
-0.000337553
-0.000346804
-0.000353608
-0.000364028
-0.000379345
-0.000388856
-0.000384657
-0.000373825
-0.000367291
-0.000363618
-0.000355105
-0.000344586
-0.000343041
-0.000351933
-0.000360014
-0.000361309
-0.000363234
-0.000371796
-0.000379686
-0.000377651
-0.000370023
-0.000367144
-0.000367804
-0.000361896
-0.000349091
-0.000341381
 -0.00034489
-0.000351677
-0.000354985
-0.000360903
   -0.000376
-0.000391829
-0.000394665
-0.000384245
-0.000371813
-0.000361097
-0.000345796
-0.000326985
   -0.000319
-0.000330953
-0.000353849
-0.000374009
-0.000390148
-0.000406075
-0.000414243
 -0.00040167
-0.000370359
-0.000338616
-0.000319317
 -0.00031036
-0.000309618
-0.000325338
-0.000361248
-0.000401746
 -0.00042509
-0.000425745
-0.000412592
-0.000389304
-0.000352715
-0.000310867
 -0.00028599
-0.000292094
-0.000320477
 -0.00035506
-0.000390921
-0.000426325
-0.000447176
-0.000436045
-0.000395665
-0.000348485
-0.000312058
-0.000288349
-0.000279514
-0.000297067
-0.000343934
-0.000399774
-0.000437242
-0.000447516
-0.000437819
-0.000410523
-0.000363062
-0.000307462
-0.000271558
-0.000272523
-0.000301419
-0.000341096
-0.000385757
-0.000431477
-0.000460066
-0.000451171
 -0.00040828
-0.000356553
-0.000314983
-0.000285749
-0.000272332
-0.000288373
-0.000336925
-0.000395017
-0.000433415
-0.000444278
-0.000436352
-0.000411561
-0.000366119
  -0.0003127
-0.000280366
-0.000284771
-0.000313433
  -0.0003475
-0.000383277
-0.000419896
-0.000440845
-0.000427746
-0.000387668
-0.000347864
-0.000323801
-0.000310482
-0.000305497
 -0.00032045
-0.000357958
-0.000396082
-0.000410825
-0.000403975
-0.000392384
-0.000379125
 -0.00035556
-0.000327936
-0.000318552
-0.000334971
 -0.00035806
-0.000369892
-0.000375904
-0.000386397
-0.000392179
-0.000378532
-0.000353956
 -0.00034256
-0.000349598
-0.000357277
-0.000356258
 -0.00035913
-0.000373372
-0.000382679
-0.000371509
-0.000352016
-0.000346973
-0.000355722
-0.000359802
-0.000356985
-0.000364058
-0.000383408
-0.000392661
-0.000377988
-0.000356094
-0.000347748
-0.000347214
-0.000339196
-0.000331533
-0.000345358
-0.000377294
-0.000398998
 -0.00039737
-0.000388784
-0.000385367
-0.000373296
-0.000341525
-0.000310588
-0.000308929
 -0.00033275
-0.000355912
-0.000371684
-0.000395029
-0.000423579
-0.000428502
-0.000396231
-0.000352099
-0.000325592
-0.000313619
-0.000301385
-0.000300389
-0.000333367
-0.000389656
-0.000429132
-0.000433153
-0.000420732
-0.000406684
-0.000376701
-0.000323145
-0.000276908
-0.000274421
-0.000308974
 -0.00034622
-0.000376128
 -0.00041427
-0.000454047
-0.000458698
-0.000413936
-0.000354401
-0.000317086
-0.000297484
-0.000278065
-0.000274907
-0.000316238
-0.000387114
  -0.0004374
-0.000446191
-0.000438096
-0.000428951
-0.000397006
-0.000331174
-0.000270573
-0.000260497
-0.000292141
-0.000325359
-0.000353855
-0.000401562
-0.000459319
-0.000477407
-0.000435112
-0.000373632
-0.000334801
-0.000308022
 -0.00027177
-0.000252552
   -0.000292
-0.000373041
-0.000432423
-0.000445385
 -0.00044417
-0.000444889
 -0.00041391
-0.000335551
-0.000262945
-0.000254648
-0.000295418
-0.000330361
-0.000353729
-0.000401014
   -0.000462
-0.000473735
-0.000415714
-0.000348621
-0.000325797
 -0.00032168
-0.000295586
-0.000276371
-0.000317279
-0.000394695
-0.000430428
-0.000408543
-0.000391708
-0.000408649
-0.000405398
 -0.00034631
-0.000290206
-0.000303251
-0.000351151
-0.000357675
-0.000333271
-0.000353079
-0.000418269
-0.000441303
 -0.00038858
-0.000339449
-0.000354962
-0.000377687
-0.000338036
 -0.00028616
-0.000315606
-0.000399617
-0.000423934
-0.000371103
-0.000345182
-0.000389617
-0.000410034
-0.000342357
-0.000279552
 -0.00032592
 -0.00041614
-0.000415179
-0.000341824
 -0.00033435
-0.000407175
-0.000417985
-0.000316792
-0.000252162
-0.000332526
-0.000436373
-0.000408401
-0.000322713
 -0.00035587
-0.000469635
-0.000455749
-0.000294787
-0.000217144
 -0.00032965
-0.000428524
 -0.00034259
-0.000241405
-0.000356114
-0.000556411
-0.000528183
 -0.00030288
-0.000235766
-0.000412867
-0.000480284
-0.000245739
-6.42232e-05
-0.000282898
-0.000612806
-0.000543901
-0.000211051
-0.000229775
-0.000646294
-0.000749927
-0.000222542
  0.00020131
-0.000191625
-0.000860358
-0.000659674
 0.000363758
 0.000563969
  -0.0011746
 -0.00261321
 0.000133224
  0.00407413
 -0.00122244
  -0.0105627
  0.00302506
   0.0239551
  -0.0197056
  -0.0573076
    0.156719
    0.461635
    0.301865
  -0.0244134
  -0.0728179
   0.0158827
   0.0285929
 -0.00857566
  -0.0148731
  0.00191399
  0.00590659
 -0.00242832
  -0.0058047
 -0.00171178
  0.00137585
 1.18673e-05
 -0.00205529
 -0.00164974
-8.05017e-05
 3.69401e-05
  -0.0013181
 -0.00213086
  -0.0015475
-0.000803016
 -0.00101347
 -0.00155606
 -0.00132814
-0.000564488
-0.000360206
-0.000911312
 -0.00133416
  -0.0011485
-0.000924693
  -0.0011976
 -0.00157094
 -0.00142314
-0.000932673
-0.000753728
-0.000978399
 -0.00109496
-0.000899752
-0.000800086
  -0.0010753
 -0.00138909
 -0.00133795
  -0.0010781
 -0.00101738
 -0.00114814
 -0.00112784
-0.000906223
-0.000819244
 -0.00102213
 -0.00123318
 -0.00119406
 -0.00105586
 -0.00107604
 -0.00118014
  -0.0011214
-0.000931446
 -0.00088672
 -0.00105901
 -0.00120738
 -0.00117092
 -0.00109361
 -0.00113418
 -0.00118538
 -0.00107605
-0.000891599
-0.000861004
 -0.00100226
 -0.00111532
 -0.00111197
 -0.00112342
 -0.00122892
 -0.00129147
 -0.00118105
-0.000999495
-0.000928129
-0.000959944
-0.000957388
-0.000913961
-0.000965945
 -0.00114199
 -0.00128546
 -0.00128141
 -0.00120805
 -0.00117417
 -0.00113544
 -0.00100082
-0.000833332
-0.000791249
 -0.00090145
 -0.00103737
 -0.00112282
 -0.00121369
 -0.00133647
 -0.00138428
 -0.00126328
 -0.00104986
-0.000895476
-0.000836286
-0.000810271
-0.000820118
-0.000943454
 -0.00117089
 -0.00135894
 -0.00139622
 -0.00132233
 -0.00122396
 -0.00110041
-0.000922093
-0.000758859
-0.000733623
-0.000860969
 -0.00103136
 -0.00116334
 -0.00127384
 -0.00137182
 -0.00138333
 -0.00125265
 -0.00105015
-0.000899872
-0.000836965
-0.000817164
 -0.00083779
-0.000949741
 -0.00114098
 -0.00130202
  -0.0013472
  -0.0013033
 -0.00123256
 -0.00113302
-0.000982471
-0.000836218
-0.000792523
-0.000869388
-0.000990173
 -0.00109644
 -0.00119999
 -0.00130214
 -0.00133816
 -0.00125705
 -0.00110749
-0.000983388
-0.000914525
-0.000873196
-0.000865369
-0.000937317
 -0.00108292
 -0.00121635
 -0.00126766
 -0.00125327
 -0.00121651
 -0.00115107
 -0.00103734
-0.000919188
-0.000875544
-0.000922282
 -0.00100111
 -0.00106954
 -0.00114087
 -0.00121874
 -0.00125273
 -0.00120214
 -0.00110383
 -0.00102782
-0.000990512
 -0.00096317
-0.000948072
-0.000983997
 -0.00107108
 -0.00114853
 -0.00117003
 -0.00115695
 -0.00114606
 -0.00112667
  -0.0010727
 -0.00100854
-0.000988231
 -0.00101842
 -0.00105291
 -0.00106599
 -0.00108233
 -0.00111731
 -0.00113774
 -0.00111303
  -0.0010698
 -0.00105514
 -0.00106778
 -0.00107092
 -0.00105909
 -0.00106392
 -0.00109123
 -0.00110243
 -0.00107481
 -0.00104101
 -0.00103941
 -0.00105947
 -0.00106983
 -0.00107571
 -0.00110442
 -0.00114566
  -0.0011535
 -0.00111186
 -0.00105709
 -0.00102285
  -0.0010011
-0.000980129
-0.000985182
 -0.00104431
 -0.00113356
 -0.00119603
 -0.00120756
 -0.00118695
 -0.00114503
 -0.00106821
-0.000965629
-0.000891932
-0.000895417
-0.000965832
 -0.00106015
 -0.00115615
  -0.0012476
 -0.00130252
 -0.00127396
 -0.00115992
 -0.00101773
-0.000907032
-0.000846716
-0.000840274
-0.000905848
 -0.00104681
 -0.00121179
 -0.00132293
 -0.00134273
 -0.00128655
 -0.00117756
 -0.00102837
-0.000874214
-0.000782947
-0.000802341
 -0.00091435
 -0.00106288
 -0.00120732
 -0.00132403
 -0.00137517
 -0.00132176
 -0.00117466
 -0.00100124
-0.000868355
-0.000801161
-0.000804494
-0.000889397
 -0.00104803
 -0.00122293
 -0.00133723
 -0.00135565
 -0.00129445
 -0.00117932
 -0.00102807
-0.000878472
-0.000794018
-0.000815631
-0.000922746
 -0.00106147
 -0.00119376
 -0.00129802
 -0.00134149
 -0.00129214
 -0.00116299
 -0.00101511
-0.000905265
-0.000851197
-0.000853739
-0.000921495
 -0.00104835
 -0.00118637
 -0.00127319
 -0.00128447
 -0.00123872
 -0.00115721
 -0.00104995
-0.000942444
-0.000883158
-0.000901357
-0.000976209
 -0.00106437
 -0.00114293
 -0.00120525
 -0.00123205
 -0.00119995
 -0.00111953
 -0.00103661
-0.000986877
-0.000969976
 -0.00097575
 -0.00100978
 -0.00107298
   -0.001136
 -0.00116138
 -0.00114517
 -0.00111393
  -0.0010847
 -0.00105345
 -0.00102391
  -0.0010193
 -0.00104968
 -0.00109009
 -0.00110894
 -0.00110469
 -0.00109493
 -0.00108246
 -0.00105784
 -0.00103053
 -0.00102848
  -0.0010605
 -0.00110096
  -0.0011232
 -0.00112742
 -0.00112316
 -0.00110301
 -0.00105783
 -0.00100678
-0.000985581
 -0.00100608
 -0.00104815
 -0.00109267
  -0.0011385
 -0.00117903
 -0.00118767
 -0.00114569
 -0.00107179
 -0.00100421
 -0.00096246
-0.000946252
-0.000961947
 -0.00102281
 -0.00111725
 -0.00120208
 -0.00123943
 -0.00122564
 -0.00117422
 -0.00109115
-0.000986167
-0.000895925
-0.000866407
 -0.00091192
 -0.00100721
 -0.00111999
  -0.0012293
 -0.00130823
 -0.00131736
 -0.00123672
 -0.00109472
-0.000947782
-0.000839739
-0.000793651
-0.000828866
-0.000954189
  -0.0011374
 -0.00130637
 -0.00139461
 -0.00137944
   -0.001273
 -0.00110092
-0.000906832
-0.000760332
-0.000725724
-0.000814821
-0.000982756
 -0.00116817
 -0.00132287
 -0.00140606
 -0.00138339
 -0.00125479
  -0.0010712
-0.000904001
-0.000800202
-0.000775127
-0.000833494
-0.000969588
 -0.00114481
 -0.00129312
  -0.0013626
   -0.001344
 -0.00125442
 -0.00111424
-0.000953862
-0.000826915
-0.000786151
-0.000843596
-0.000967044
 -0.00111368
 -0.00124974
 -0.00133948
 -0.00134434
 -0.00125391
 -0.00110594
-0.000960972
-0.000861136
-0.000824338
-0.000861095
-0.000970864
 -0.00111952
 -0.00124593
 -0.00130346
 -0.00128641
 -0.00121291
 -0.00110171
-0.000978653
-0.000887818
-0.000869517
-0.000925329
 -0.00102044
 -0.00111866
  -0.0011998
 -0.00124515
 -0.00123239
 -0.00116019
 -0.00106319
 -0.00098608
-0.000948919
-0.000949281
-0.000985224
 -0.00105489
 -0.00113553
 -0.00118752
 -0.00118831
 -0.00114994
 -0.00109588
  -0.0010384
-0.000987425
 -0.00096627
-0.000994601
 -0.00106091
 -0.00112828
 -0.00116932
 -0.00117893
  -0.0011563
 -0.00109726
 -0.00101454
-0.000948486
-0.000938089
-0.000987609
 -0.00107158
  -0.0011619
 -0.00123413
 -0.00125618
 -0.00120045
 -0.00107747
-0.000943237
-0.000860595
-0.000859765
-0.000937706
  -0.0010734
 -0.00122614
 -0.00133275
 -0.00133715
 -0.00123389
 -0.00107237
-0.000917508
-0.000816448
-0.000798824
-0.000879163
 -0.00103867
 -0.00121569
 -0.00133752
 -0.00136512
  -0.0013018
 -0.00117001
 -0.00100184
-0.000848404
 -0.00077075
-0.000801516
-0.000922002
 -0.00108353
 -0.00123996
 -0.00135269
 -0.00138279
 -0.00130832
 -0.00115219
-0.000976103
-0.000839933
-0.000776125
-0.000797732
-0.000906946
 -0.00107885
 -0.00125289
 -0.00136272
 -0.00137672
 -0.00130258
 -0.00116427
-0.000993461
-0.000840465
-0.000764494
-0.000796233
-0.000916114
 -0.00107654
  -0.0012329
  -0.0013469
 -0.00137954
 -0.00130916
 -0.00115887
-0.000988906
-0.000856703
 -0.00079263
-0.000809443
-0.000909864
 -0.00107011
 -0.00123222
 -0.00133422
 -0.00134846
 -0.00128391
 -0.00116219
 -0.00101071
-0.000874329
-0.000806456
-0.000833074
-0.000934485
 -0.00106833
 -0.00119865
 -0.00129556
 -0.00132611
 -0.00127074
 -0.00114967
 -0.00101449
-0.000910906
-0.000859501
-0.000868654
-0.000942816
 -0.00106499
 -0.00118816
 -0.00126264
 -0.00127031
 -0.00122276
 -0.00113652
  -0.0010291
 -0.00093314
-0.000890257
-0.000918143
-0.000995599
 -0.00108712
 -0.00116882
 -0.00122431
 -0.00123206
 -0.00117991
 -0.00108883
   -0.001003
-0.000954134
-0.000946801
-0.000976368
 -0.00103995
 -0.00112129
  -0.0011832
 -0.00119423
 -0.00115692
 -0.00109841
 -0.00104052
-0.000993916
 -0.00097371
-0.000997388
 -0.00105915
 -0.00112433
 -0.00115977
 -0.00115924
 -0.00113294
 -0.00108668
 -0.00102799
-0.000982361
-0.000980106
 -0.00102444
 -0.00108784
 -0.00114124
 -0.00117306
 -0.00117675
 -0.00114088
 -0.00106768
-0.000989198
 -0.00094634
-0.000954614
 -0.00100165
 -0.00107161
 -0.00115232
 -0.00121947
 -0.00123757
  -0.0011907
 -0.00110098
 -0.00100711
-0.000934993
-0.000898492
-0.000914632
-0.000992486
 -0.00110892
 -0.00121438
 -0.00126928
  -0.0012648
 -0.00120734
 -0.00110475
-0.000979511
-0.000878371
-0.000846803
-0.000893998
-0.000994631
 -0.00111729
 -0.00123529
 -0.00131398
 -0.00131535
 -0.00123001
 -0.00109261
-0.000955895
-0.000857274
-0.000817914
-0.000855445
-0.000971972
 -0.00113152
 -0.00127093
 -0.00134137
 -0.00133037
 -0.00124681
 -0.00110677
-0.000944967
-0.000820282
-0.000784897
-0.000847566
-0.000976887
 -0.00113225
 -0.00127665
 -0.00136685
 -0.00136167
 -0.00125538
 -0.00109136
-0.000931142
-0.000818777
-0.000778819
-0.000828316
-0.000964096
  -0.0011425
 -0.00129389
 -0.00136713
 -0.00135114
 -0.00125769
 -0.00110658
-0.000936744
-0.000809662
-0.000776915
-0.000843972
-0.000976327
 -0.00113231
 -0.00127509
  -0.0013622
 -0.00135388
 -0.00124714
 -0.00108724
-0.000934771
-0.000830879
-0.000797399
-0.000849667
-0.000983282
 -0.00115329
 -0.00129071
 -0.00134763
  -0.0013174
 -0.00121559
 -0.00106543
-0.000909034
 -0.00080896
-0.000812063
-0.000913271
 -0.00106447
  -0.0012128
 -0.00131658
 -0.00133922
 -0.00126012
 -0.00110455
-0.000943611
-0.000847263
-0.000841866
-0.000914312
 -0.00103762
 -0.00117436
 -0.00127115
 -0.00128282
 -0.00120979
 -0.00109852
-0.000999417
-0.000937351
-0.000922641
-0.000963816
  -0.0010515
 -0.00114435
 -0.00119512
 -0.00118943
 -0.00114621
 -0.00108608
 -0.00102031
-0.000969204
-0.000963344
 -0.00101309
 -0.00108985
  -0.0011534
 -0.00118523
 -0.00118512
  -0.0011484
  -0.0010731
-0.000984699
 -0.00092956
-0.000934916
-0.000989833
 -0.00106954
 -0.00115779
 -0.00123483
 -0.00126462
 -0.00121967
 -0.00111474
-0.000997407
-0.000907941
-0.000864262
-0.000879819
-0.000966141
 -0.00110593
 -0.00124284
 -0.00131882
 -0.00131335
  -0.0012386
 -0.00111272
-0.000961055
-0.000833605
-0.000788807
-0.000848202
-0.000980877
 -0.00113635
 -0.00127556
 -0.00136345
 -0.00136182
 -0.00125608
 -0.00108482
-0.000918375
-0.000809372
  -0.0007771
-0.000829509
-0.000966023
 -0.00114931
 -0.00130501
 -0.00137654
 -0.00136077
  -0.0012703
 -0.00110487
-0.000915038
-0.000813761
-0.000795816
-0.000714613
-0.000690634
-0.000749769
-0.000836917
-0.000913162
-0.000921632
-0.000846283
-0.000729022
-0.000621925
-0.000547908
-0.000513052
-0.000532593
-0.000619357
-0.000747905
-0.000858757
-0.000906759
-0.000890504
-0.000829839
-0.000737725
 -0.00063151
-0.000550711
-0.000535393
-0.000585733
-0.000665246
-0.000741959
-0.000806413
-0.000848807
-0.000846868
-0.000793404
-0.000717424
-0.000657995
-0.000626906
-0.000615038
-0.000623388
 -0.00066272
-0.000723356
-0.000771636
-0.000786782
-0.000779681
-0.000766781
 -0.00074389
-0.000703883
-0.000663745
-0.000649921
-0.000663099
-0.000681272
-0.000694638
-0.000715108
-0.000745196
-0.000763881
-0.000755633
-0.000734354
-0.000721517
-0.000714301
 -0.00069758
-0.000676915
-0.000673881
-0.000691348
-0.000707223
-0.000709766
-0.000713547
-0.000730368
-0.000745868
-0.000741868
-0.000726885
-0.000721229
-0.000722526
-0.000710921
-0.000685765
 -0.00067062
-0.000677512
-0.000690846
-0.000697343
 -0.00070897
-0.000738627
-0.000769721
-0.000775292
-0.000754823
-0.000730401
 -0.00070935
-0.000679292
 -0.00064234
-0.000626653
-0.000650133
-0.000695112
-0.000734714
 -0.00076642
-0.000797706
-0.000813752
-0.000789053
-0.000727545
-0.000665187
-0.000627276
 -0.00060968
-0.000608222
-0.000639105
-0.000709647
-0.000789202
-0.000835059
-0.000836346
-0.000810509
-0.000764761
-0.000692885
-0.000610678
-0.000561809
-0.000573798
-0.000629555
-0.000697492
-0.000767936
-0.000837486
-0.000878447
 -0.00085658
-0.000777256
-0.000684576
-0.000613017
-0.000566441
-0.000549085
-0.000583568
-0.000675634
-0.000785329
-0.000858932
-0.000879114
-0.000860064
-0.000806444
-0.000713211
-0.000603987
-0.000533457
-0.000535353
-0.000592117
-0.000670059
-0.000757792
-0.000847608
-0.000903767
-0.000886294
-0.000802037
-0.000700423
-0.000618762
-0.000561334
-0.000534976
-0.000566489
-0.000661867
-0.000775984
-0.000851413
-0.000872754
-0.000857184
-0.000808483
-0.000719215
-0.000614278
 -0.00055076
-0.000559412
-0.000615717
-0.000682639
-0.000752922
-0.000824856
 -0.00086601
-0.000840278
-0.000761547
-0.000683355
-0.000636085
 -0.00060992
-0.000600127
-0.000629502
-0.000703184
-0.000778077
-0.000807038
-0.000793581
-0.000770811
-0.000744765
-0.000698474
-0.000644208
-0.000625774
-0.000658028
-0.000703384
-0.000726627
-0.000738437
 -0.00075905
-0.000770409
  -0.0007436
-0.000695321
-0.000672935
-0.000686761
-0.000701846
-0.000699845
-0.000705486
-0.000733464
-0.000751747
-0.000729804
-0.000691512
-0.000681604
-0.000698791
-0.000706806
-0.000701273
-0.000715166
-0.000753179
-0.000771356
-0.000742532
-0.000699521
-0.000683126
-0.000682078
-0.000666327
-0.000651274
-0.000678433
-0.000741169
-0.000783803
-0.000780606
 -0.00076374
-0.000757026
-0.000733315
-0.000670903
-0.000610129
 -0.00060687
-0.000653664
-0.000699164
-0.000730148
-0.000776007
-0.000832091
-0.000841763
-0.000778368
-0.000691675
-0.000639602
-0.000616083
-0.000592051
-0.000590093
-0.000654876
-0.000765452
-0.000843001
-0.000850899
-0.000826498
-0.000798903
-0.000740002
-0.000634795
-0.000543966
-0.000539082
-0.000606957
-0.000680125
-0.000738877
-0.000813805
-0.000891944
 -0.00090108
-0.000813148
-0.000696196
-0.000622893
-0.000584387
-0.000546239
-0.000540036
-0.000621228
-0.000760459
-0.000859242
-0.000876512
-0.000860609
-0.000842644
-0.000779892
-0.000650569
-0.000531522
-0.000511728
-0.000573891
-0.000639146
-0.000695124
-0.000788841
  -0.0009023
-0.000937833
-0.000854748
-0.000733974
-0.000657694
-0.000605088
-0.000533874
-0.000496121
-0.000573613
-0.000732814
-0.000849464
-0.000874928
 -0.00087254
-0.000873953
-0.000813097
-0.000659168
-0.000516537
-0.000500237
-0.000580328
-0.000648971
-0.000694875
-0.000787764
-0.000907567
-0.000930619
-0.000816642
-0.000684841
-0.000640005
-0.000631917
-0.000580658
-0.000542912
-0.000623274
-0.000775352
-0.000845546
-0.000802555
-0.000769484
-0.000802763
-0.000796375
-0.000680301
-0.000570089
-0.000595716
-0.000689811
-0.000702627
-0.000654688
  -0.0006936
-0.000821661
-0.000866909
-0.000763338
-0.000666824
-0.000697299
-0.000741941
-0.000664049
-0.000562142
-0.000619985
-0.000785019
-0.000832788
-0.000729006
-0.000678086
-0.000765376
-0.000805484
-0.000672537
-0.000549161
-0.000640247
-0.000817478
 -0.00081559
-0.000671489
-0.000656808
-0.000799868
-0.000821102
-0.000622315
-0.000495355
-0.000653224
-0.000857224
-0.000802275
-0.000633947
-0.000699082
-0.000922565
-0.000895288
-0.000579088
-0.000426564
-0.000647576
-0.000841806
-0.000672993
-0.000474223
-0.000699562
 -0.00109303
 -0.00103758
-0.000594986
-0.000463146
-0.000811049
-0.000943485
-0.000482738
-0.000126162
-0.000555733
 -0.00120381
 -0.00106846
-0.000414595
-0.000451378
  -0.0012696
 -0.00147318
-0.000437168
 0.000395461
-0.000376434
 -0.00169011
 -0.00129588
 0.000714577
  0.00110788
 -0.00230743
 -0.00513347
 0.000261709
  0.00800334
  -0.0024014
  -0.0207497
  0.00594253
   0.0470582
  -0.0387104
   -0.112577
    0.307864
     28.5191
