3.04395e-06
   0.597356
   0.131518
  0.0237111
 -0.0154669
  -0.031812
 -0.0298875
 -0.0178139
-0.00844787
-0.00854234
   -0.01438
 -0.0186609
 -0.0187162
 -0.0166294
 -0.0146033
 -0.0134143
  -0.013675
 -0.0155314
 -0.0174667
  -0.017373
 -0.0151415
 -0.0132238
  -0.013981
 -0.0167058
 -0.0180541
 -0.0159924
 -0.0128186
 -0.0128727
 -0.0167124
 -0.0193344
 -0.0165285
 -0.0118291
   -0.01245
 -0.0178067
 -0.0194951
 -0.0150662
 -0.0117894
 -0.0139045
 -0.0170466
 -0.0171107
 -0.0156716
 -0.0153753
 -0.0156869
 -0.0148961
 -0.0136517
 -0.0143646
 -0.0171912
 -0.0186039
 -0.0159894
 -0.0122581
 -0.0123226
 -0.0160276
 -0.0187838
  -0.017972
 -0.0149887
 -0.0125585
 -0.0126415
 -0.0153947
 -0.0184746
 -0.0186369
 -0.0153525
 -0.0120197
 -0.0124038
 -0.0162054
 -0.0192124
 -0.0180289
 -0.0139501
 -0.0115726
 -0.0136243
  -0.017754
 -0.0191119
 -0.0160641
 -0.0123096
 -0.0125147
 -0.0165313
 -0.0194016
 -0.0173904
  -0.012701
 -0.0109774
 -0.0145223
 -0.0194185
  -0.020033
 -0.0155627
 -0.0109889
 -0.0114275
 -0.0163694
 -0.0202408
 -0.0186424
 -0.0133808
  -0.010528
  -0.013413
  -0.018683
 -0.0203066
 -0.0165864
 -0.0117743
 -0.0110327
 -0.0149544
 -0.0192713
 -0.0195009
 -0.0155593
 -0.0116722
 -0.0118466
 -0.0157731
 -0.0193324
 -0.0189168
 -0.0150554
 -0.0117352
 -0.0122261
 -0.0158462
 -0.0189359
 -0.0186192
 -0.0153551
 -0.0122632
 -0.0123096
 -0.0156029
 -0.0189388
 -0.0186671
 -0.0147827
 -0.0115198
  -0.012763
 -0.0172559
 -0.0197758
 -0.0172897
 -0.0126618
 -0.0113264
 -0.0148574
 -0.0190698
 -0.0189582
  -0.014673
 -0.0113661
 -0.0130256
  -0.017691
 -0.0197476
 -0.0165867
 -0.0118715
 -0.0114285
 -0.0161423
 -0.0203183
 -0.0184297
 -0.0125175
 -0.0101045
 -0.0144653
 -0.0202105
 -0.0202143
 -0.0145288
-0.00999432
 -0.0117945
 -0.0176233
 -0.0208444
 -0.0181123
 -0.0126454
 -0.0102865
 -0.0133556
 -0.0185954
 -0.0206492
 -0.0173942
 -0.0120963
 -0.0102032
 -0.0137015
 -0.0188901
 -0.0202788
 -0.0165729
 -0.0120247
  -0.011545
 -0.0152159
 -0.0185681
 -0.0180564
 -0.0149595
 -0.0131768
 -0.0142258
 -0.0159939
 -0.0162983
 -0.0157365
 -0.0158831
 -0.0161977
 -0.0150187
 -0.0132539
 -0.0140879
 -0.0176396
  -0.018944
  -0.014899
 -0.0108678
 -0.0138015
 -0.0199578
 -0.0195262
 -0.0129584
 -0.0100043
 -0.0140214
 -0.0190386
 -0.0196231
 -0.0160227
 -0.0121403
 -0.0119237
 -0.0157563
 -0.0193777
 -0.0183657
 -0.0138117
 -0.0112459
  -0.013672
  -0.018017
 -0.0193049
 -0.0164627
 -0.0128083
  -0.012005
 -0.0146727
 -0.0182492
  -0.019248
 -0.0163003
 -0.0119652
 -0.0109393
 -0.0150928
 -0.0204327
 -0.0206946
  -0.014728
-0.00889593
  -0.010382
 -0.0183436
  -0.023683
 -0.0191519
-0.00909822
-0.00626034
 -0.0160304
 -0.0263848
 -0.0217501
-0.00754536
-0.00526223
 -0.0180735
 -0.0253697
 -0.0177269
-0.00909976
 -0.0108379
 -0.0173136
 -0.0193485
 -0.0167398
 -0.0143959
 -0.0141624
 -0.0145126
 -0.0147934
  -0.015856
 -0.0172895
 -0.0171052
  -0.014823
 -0.0128812
 -0.0137574
 -0.0166835
 -0.0184194
 -0.0169997
  -0.013876
 -0.0123065
 -0.0139971
 -0.0173225
 -0.0188352
 -0.0168215
 -0.0132967
 -0.0119766
 -0.0142913
 -0.0178827
 -0.0190548
 -0.0164857
 -0.0126424
 -0.0115185
 -0.0145406
 -0.0187135
 -0.0195465
   -0.01607
 -0.0120966
 -0.0118622
 -0.0152067
 -0.0181807
 -0.0179518
 -0.0155508
 -0.0136752
 -0.0136301
 -0.0151127
  -0.016992
 -0.0174031
 -0.0153897
 -0.0131259
 -0.0137875
 -0.0167899
 -0.0180484
 -0.0156948
 -0.0129287
 -0.0136566
 -0.0170145
 -0.0184829
 -0.0160326
  -0.012754
 -0.0126026
 -0.0155595
 -0.0183188
 -0.0181784
 -0.0152483
 -0.0122579
 -0.0124508
 -0.0161244
 -0.0194493
 -0.0184084
 -0.0138482
 -0.0109205
 -0.0130437
 -0.0178218
 -0.0199515
 -0.0173206
 -0.0129976
 -0.0114553
 -0.0139428
 -0.0177146
 -0.0190373
  -0.016753
 -0.0133245
 -0.0123422
 -0.0147033
 -0.0176605
 -0.0180354
 -0.0157182
 -0.0134104
 -0.0134657
 -0.0155738
 -0.0173426
 -0.0169029
 -0.0149489
 -0.0139399
 -0.0150549
  -0.016603
 -0.0163296
 -0.0147236
 -0.0143892
 -0.0159908
 -0.0169239
 -0.0153657
 -0.0136823
 -0.0149762
 -0.0173547
 -0.0162546
 -0.0131655
  -0.014866
 -0.0200871
  -0.018238
-0.00924295
-0.00770389
 -0.0180781
 -0.0258892
 -0.0203751
  -0.009116
-0.00586646
 -0.0135437
 -0.0227278
 -0.0233494
 -0.0153883
-0.00807938
 -0.0093084
 -0.0170694
   -0.02241
 -0.0198989
 -0.0131431
-0.00968645
 -0.0124516
 -0.0176187
 -0.0198256
 -0.0176161
 -0.0138159
 -0.0120854
 -0.0137063
 -0.0168585
 -0.0184028
 -0.0168435
 -0.0139066
 -0.0127545
 -0.0144991
 -0.0171028
 -0.0178151
 -0.0159506
 -0.0133574
 -0.0129893
 -0.0161344
 -0.0194595
 -0.0172988
 -0.0108545
 -0.0100775
 -0.0182035
 -0.0232215
 -0.0167033
-0.00847587
 -0.0104169
 -0.0186412
 -0.0215875
 -0.0167223
 -0.0114661
 -0.0117118
 -0.0155665
 -0.0180322
 -0.0175049
 -0.0158928
  -0.014755
 -0.0139672
 -0.0136163
 -0.0147142
 -0.0171576
 -0.0185694
 -0.0167778
 -0.0130744
 -0.0114746
 -0.0141598
 -0.0185505
 -0.0198807
 -0.0165198
 -0.0118973
 -0.0108433
 -0.0144865
 -0.0191502
 -0.0201193
 -0.0163362
 -0.0115498
 -0.0107524
 -0.0150292
 -0.0199804
 -0.0200595
 -0.0148451
 -0.0100943
 -0.0114754
 -0.0176494
 -0.0213118
 -0.0179358
 -0.0117101
 -0.0103919
 -0.0152689
 -0.0198259
 -0.0186378
 -0.0138905
 -0.0116487
 -0.0141912
 -0.0179906
 -0.0184869
 -0.0153572
 -0.0125425
 -0.0134418
 -0.0168848
 -0.0185651
 -0.0162907
 -0.0127565
 -0.0123755
 -0.0158658
 -0.0191817
 -0.0183137
 -0.0142083
 -0.0116266
 -0.0133503
 -0.0171128
 -0.0187758
 -0.0170622
 -0.0141315
 -0.0126669
 -0.0136839
 -0.0163462
 -0.0185242
 -0.0180364
 -0.0147958
 -0.0116964
 -0.0121158
 -0.0161076
  -0.019814
 -0.0192812
 -0.0147796
 -0.0108751
 -0.0117554
  -0.016584
 -0.0201909
 -0.0186505
 -0.0136193
 -0.0105991
 -0.0129574
 -0.0181226
 -0.0202965
 -0.0170303
 -0.0121173
 -0.0111354
 -0.0149817
 -0.0190922
 -0.0188546
 -0.0147415
 -0.0115967
 -0.0130687
 -0.0173969
 -0.0193968
  -0.016587
 -0.0123057
 -0.0118113
 -0.0158145
 -0.0194308
 -0.0181377
 -0.0134676
 -0.0112058
 -0.0142144
 -0.0188743
 -0.0195442
 -0.0153491
 -0.0110728
 -0.0115474
 -0.0163283
 -0.0203009
 -0.0191697
  -0.014045
 -0.0103656
 -0.0120881
 -0.0173387
 -0.0204962
 -0.0183712
 -0.0133804
 -0.0105782
 -0.0126005
 -0.0175482
 -0.0205896
 -0.0181659
 -0.0125071
 -0.0103205
 -0.0143021
 -0.0190551
 -0.0186941
 -0.0147714
  -0.013032
 -0.0149854
 -0.0165764
 -0.0150376
 -0.0136238
 -0.0164318
 -0.0200189
 -0.0168724
-0.00938206
-0.00967804
 -0.0191663
 -0.0235338
 -0.0163202
-0.00907959
 -0.0115687
 -0.0183279
 -0.0197704
 -0.0155978
 -0.0124835
 -0.0139016
 -0.0168538
 -0.0172862
 -0.0152678
 -0.0138946
  -0.014825
 -0.0165282
 -0.0167702
 -0.0155473
 -0.0146646
 -0.0148501
  -0.014905
 -0.0145175
 -0.0157042
 -0.0188576
 -0.0195989
 -0.0140385
-0.00641994
 -0.0067858
 -0.0194247
 -0.0360197
 -0.0420698
 -0.0298268
   0.260351
    204.814
