2.13506e-06
   0.638813
   0.103606
  0.0154322
0.000784873
-0.00273703
-0.00527799
-0.00801553
 -0.0104869
 -0.0120212
 -0.0121935
  -0.011021
-0.00896741
 -0.0067737
-0.00518635
-0.00469114
-0.00535423
-0.00682615
-0.00849975
-0.00975247
 -0.0101779
-0.00971747
-0.00865084
-0.00745462
-0.00659626
-0.00634974
-0.00670839
-0.00742434
-0.00814651
 -0.0085856
-0.00862933
 -0.0083608
-0.00798538
-0.00771222
-0.00765242
-0.00777971
-0.00796379
-0.00805189
-0.00795575
-0.00770067
-0.00741563
-0.00727029
-0.00738816
-0.00777718
-0.00830991
-0.00876682
-0.00892619
-0.00866535
-0.00802881
-0.00723091
 -0.0065848
-0.00638125
-0.00676183
-0.00764095
 -0.0087127
-0.00955189
-0.00977861
-0.00922628
-0.00804283
-0.00667073
-0.00569195
-0.00558425
 -0.0064837
-0.00807231
 -0.0096724
 -0.0105389
 -0.0102263
-0.00883757
-0.00700084
-0.00556696
-0.00518307
-0.00598003
-0.00753642
-0.00911927
 -0.0100513
 -0.0100092
-0.00912105
-0.00784959
-0.00674919
-0.00622227
-0.00638155
-0.00705476
-0.00790585
-0.00859791
-0.00892184
-0.00884469
-0.00847672
-0.00799323
-0.00755761
-0.00727731
-0.00719632
-0.00730787
-0.00756661
-0.00789498
-0.00819302
-0.00836315
-0.00834913
-0.00816846
-0.00791062
-0.00769409
-0.00760173
-0.00763788
-0.00773574
-0.00781059
-0.00781998
-0.00778886
-0.00778404
-0.00786008
-0.00801451
-0.00818156
-0.00826623
 -0.0081968
-0.00796676
-0.00764559
-0.00735457
-0.00721883
 -0.0073156
-0.00763825
-0.00808992
-0.00851154
-0.00873625
-0.00865422
-0.00826272
-0.00768064
-0.00711642
-0.00679399
-0.00686377
-0.00733286
 -0.0080469
-0.00873911
-0.00913032
-0.00904436
-0.00848805
-0.00766055
-0.00688116
-0.00646401
-0.00658844
 -0.0072208
 -0.0081219
-0.00893871
-0.00934544
-0.00917493
-0.00848898
-0.00755575
-0.00674475
-0.00637928
-0.00660618
-0.00733561
-0.00827544
-0.00904817
-0.00934281
-0.00904164
-0.00826862
-0.00733919
-0.00663153
-0.00643128
-0.00681437
-0.00761706
-0.00850562
-0.00911678
-0.00920867
-0.00875943
-0.00797093
-0.00717892
-0.00670782
-0.00673522
-0.00722246
 -0.0079407
-0.00857669
-0.00887067
-0.00872451
-0.00823403
-0.00763539
-0.00719321
-0.00708298
-0.00732141
-0.00777127
-0.00821494
-0.00845762
-0.00841189
-0.00812783
-0.00775861
-0.00748312
-0.00742262
-0.00758868
 -0.0078839
-0.00815326
-0.00826035
-0.00815344
-0.00789105
-0.00761189
-0.00746588
-0.00753627
-0.00779477
-0.00811182
-0.00832036
-0.00830136
-0.00804925
-0.00768097
-0.00738273
-0.00731731
-0.00753834
-0.00795505
-0.00836848
  -0.008565
-0.00842407
-0.00798646
-0.00744688
-0.00706823
-0.00705576
 -0.0074497
-0.00809187
-0.00868817
-0.00894226
-0.00870105
-0.00803943
-0.00724036
 -0.0066728
 -0.0066207
-0.00714319
-0.00803448
-0.00890667
 -0.0093619
-0.00917536
-0.00840387
-0.00736887
-0.00651804
-0.00622819
-0.00663718
 -0.0075806
-0.00866138
-0.00942079
-0.00953551
-0.00895552
-0.00792412
-0.00687298
-0.00623924
-0.00628232
-0.00697791
-0.00803205
 -0.0090068
-0.00950404
-0.00932889
-0.00856602
-0.00753849
-0.00666958
-0.00630653
-0.00658047
-0.00735991
-0.00831312
-0.00905083
-0.00928718
-0.00895175
-0.00820863
-0.00737804
-0.00679738
-0.00668152
-0.00704182
-0.00769388
-0.00834853
 -0.0087408
-0.00874085
-0.00839744
-0.00789967
-0.00747918
-0.00730102
-0.00739656
-0.00766523
-0.00794081
-0.00808358
-0.00804976
-0.00790431
-0.00777341
-0.00776587
-0.00790663
-0.00811913
-0.00826513
 -0.0082213
-0.00795327
-0.00754859
-0.00718846
-0.00706703
-0.00729459
-0.00782933
-0.00847541
-0.00895604
-0.00903336
-0.00862345
-0.00785049
-0.00701007
-0.00645179
-0.00643017
 -0.0069891
-0.00793218
 -0.0088961
-0.00949505
-0.00947871
-0.00883572
-0.00780169
-0.00676859
-0.00613292
-0.00614329
-0.00680479
-0.00787693
-0.00896275
-0.00965635
-0.00969341
 -0.0090509
-0.00795905
-0.00681983
-0.00605986
 -0.0059707
-0.00659457
-0.00770284
-0.00887711
-0.00966805
-0.00977003
-0.00914393
-0.00803496
-0.00687693
-0.00611923
-0.00604705
-0.00667012
-0.00772508
-0.00878909
-0.00945498
-0.00949189
-0.00892737
-0.00801838
-0.00713279
-0.00659509
-0.00656396
-0.00698929
-0.00765788
-0.00829856
-0.00869566
 -0.0087615
 -0.0085445
-0.00818001
-0.00781599
-0.00755245
-0.00741898
 -0.0073927
-0.00743678
-0.00753259
-0.00768534
-0.00790291
-0.00816457
 -0.0084049
-0.00852823
-0.00845259
-0.00816007
-0.00772464
-0.00729549
-0.00703841
-0.00706108
-0.00736086
-0.00782519
-0.00828579
-0.00859694
-0.00869131
-0.00858307
-0.00832248
-0.00794866
-0.00748855
-0.00700764
-0.00666166
-0.00667066
-0.00719156
 -0.0081593
-0.00922453
-0.00987334
-0.00969218
-0.00862666
-0.00707093
-0.00571659
-0.00522706
-0.00590437
  -0.007518
-0.00938652
 -0.0106778
 -0.0107888
-0.00962951
-0.00767633
-0.00576801
-0.00473523
-0.00503019
 -0.0065256
-0.00857312
 -0.0102936
 -0.0109655
 -0.0103356
-0.00871395
-0.00681969
-0.00545312
-0.00514874
-0.00596272
-0.00748015
-0.00902494
-0.00996655
-0.00998176
-0.00916226
-0.00793388
-0.00684201
-0.00630802
-0.00646726
-0.00714865
 -0.0079893
-0.00861687
-0.00881218
-0.00858102
-0.00811585
 -0.0076789
-0.00746877
-0.00753584
-0.00777925
-0.00801734
-0.00809189
-0.00795118
-0.00767445
-0.00742828
-0.00737883
-0.00760348
-0.00804292
-0.00851728
-0.00880051
-0.00872172
-0.00825041
-0.00752811
-0.00682804
-0.00645421
-0.00661552
-0.00732409
-0.00836286
-0.00934436
-0.00984901
-0.00959674
 -0.0085858
-0.00713618
-0.00580344
-0.00517813
-0.00563514
-0.00713094
 -0.0091488
 -0.0108492
 -0.0114045
 -0.0104011
-0.00812052
-0.00551691
-0.00382674
-0.00395219
-0.00593919
-0.00888189
 -0.0113586
 -0.0121773
 -0.0109965
-0.00846517
-0.00583414
-0.00429629
-0.00442908
-0.00600225
-0.00818359
-0.00998446
 -0.0107054
 -0.0101916
-0.00882012
-0.00726731
-0.00618732
-0.00594529
-0.00650846
-0.00751744
-0.00848331
-0.00901271
-0.00896102
-0.00845828
-0.00781148
-0.00734171
-0.00723537
 -0.0074755
-0.00787684
-0.00819673
-0.00826322
-0.00805731
-0.00771222
-0.00743569
-0.00739819
-0.00764239
-0.00805998
-0.00844376
-0.00858996
    -0.0084
-0.00793318
-0.00738546
 -0.0070034
-0.00697291
-0.00733235
  -0.007949
-0.00857093
-0.00893171
-0.00886509
-0.00837969
-0.00766199
 -0.0070036
-0.00668122
-0.00683886
-0.00742307
-0.00819978
-0.00884941
-0.00910122
-0.00884896
-0.00819798
-0.00742164
-0.00684408
-0.00670169
-0.00704218
-0.00770721
-0.00840513
-0.00884092
 -0.0088445
-0.00844007
-0.00782699
-0.00728328
-0.00703819
 -0.0071733
-0.00759592
-0.00809275
-0.00843531
-0.00848505
-0.00824956
-0.00786725
  -0.007532
-0.00739814
-0.00751007
-0.00778941
-0.00808128
-0.00823419
-0.00817462
-0.00794069
-0.00766003
-0.00748486
-0.00751474
-0.00774537
-0.00806748
-0.00831902
-0.00836489
  -0.008167
-0.00780827
-0.00745521
-0.00727732
-0.00736282
-0.00767498
-0.00807122
-0.00837383
-0.00845388
 -0.0082865
-0.00795445
-0.00760357
-0.00737619
-0.00735373
 -0.0075309
-0.00782594
-0.00811949
-0.00830201
-0.00831373
-0.00816141
-0.00791068
-0.00765718
-0.00749108
-0.00746666
-0.00758683
-0.00780655
-0.00804949
-0.00823211
-0.00828901
 -0.0081925
-0.00796581
-0.00768187
-0.00744503
-0.00735548
-0.00746589
-0.00775018
-0.00810358
-0.00838014
-0.00845559
-0.00828625
-0.00793458
-0.00754674
 -0.0072905
-0.00728072
-0.00752619
-0.00792326
-0.00829824
-0.00848392
-0.00839394
-0.00806437
-0.00764066
-0.00731499
-0.00723964
-0.00745585
-0.00787082
-0.00829683
-0.00853546
-0.00846985
-0.00812201
-0.00764595
-0.00725929
-0.00714266
-0.00735562
-0.00780681
-0.00829491
-0.00860032
-0.00858519
-0.00825561
-0.00775763
-0.00731006
-0.00710647
-0.00723013
-0.00762137
-0.00810745
-0.00848163
-0.00859274
-0.00840615
-0.00801253
-0.00758194
-0.00728864
-0.00723994
-0.00743799
-0.00778757
-0.00814202
-0.00836472
-0.00838168
-0.00820453
-0.00791927
-0.00764663
-0.00749131
-0.00750145
-0.00765247
-0.00786295
-0.00803438
-0.00809689
-0.00804072
-0.00791737
-0.00781031
-0.00778831
 -0.0078659
-0.00799155
-0.00807328
-0.00802998
-0.00784354
-0.00758288
-0.00738142
-0.00737509
-0.00762696
-0.00807642
-0.00854494
-0.00880346
-0.00867844
-0.00814865
-0.00738489
-0.00670252
-0.00643567
-0.00678141
-0.00768174
-0.00880675
-0.00966504
-0.00981077
-0.00906715
-0.00766052
-0.00617888
-0.00533994
-0.00564463
-0.00708002
-0.00904562
 -0.0105943
 -0.0109056
-0.00974559
 -0.0076344
-0.00559507
-0.00461429
-0.00513249
-0.00684901
-0.00892404
 -0.0104255
 -0.0107633
-0.00990673
-0.00832482
-0.00672378
-0.00572903
-0.00564921
-0.00640071
-0.00759659
-0.00873778
-0.00941757
-0.00945849
-0.00894153
-0.00813391
-0.00736108
-0.00688063
-0.00680407
-0.00708576
-0.00756855
-0.00805867
-0.00839788
-0.00850899
-0.00840532
-0.00816845
-0.00790584
-0.00770773
-0.00761666
-0.00762086
-0.00767123
-0.00771491
-0.00772657
-0.00772432
-0.00775818
-0.00787517
-0.00807992
-0.00831144
-0.00845648
-0.00839929
-0.00808868
-0.00758799
-0.00707618
-0.00678699
-0.00690526
-0.00746413
-0.00829759
-0.00908163
-0.00945998
-0.00920618
 -0.0083482
-0.00718965
-0.00620474
-0.00584007
-0.00630894
-0.00747281
-0.00887523
-0.00992361
 -0.0101468
 -0.0094128
-0.00800405
-0.00650847
-0.00556772
-0.00559327
-0.00657894
-0.00809815
-0.00949125
 -0.0101601
-0.00983638
 -0.0086994
-0.00728595
-0.00623307
-0.00597535
-0.00654627
-0.00758471
 -0.0085471
-0.00900622
-0.00886816
-0.00837564
 -0.0079066
-0.00770784
-0.00775451
-0.00782339
-0.00770973
-0.00740937
-0.00713067
  -0.007137
-0.00754551
-0.00822679
-0.00886587
-0.00913655
-0.00887941
-0.00818389
-0.00734084
-0.00670138
-0.00651825
-0.00684547
-0.00753186
 -0.0083007
-0.00887008
-0.00905897
-0.00883992
-0.00832663
-0.00771315
-0.00719761
-0.00692031
-0.00693445
-0.00720961
-0.00765503
-0.00814973
  -0.008568
-0.00880118
-0.00877733
 -0.0084816
 -0.0079722
-0.00738109
-0.00688918
-0.00667525
-0.00684946
-0.00739869
-0.00816929
-0.00890408
-0.00932779
-0.00925307
-0.00866386
-0.00773926
-0.00680098
-0.00619975
-0.00618122
-0.00678533
  -0.007819
-0.00891845
-0.00967836
-0.00980242
-0.00921831
-0.00811347
-0.00687622
-0.00595966
-0.00571651
-0.00626328
-0.00742561
-0.00879022
 -0.0098498
 -0.0101922
-0.00966365
-0.00844078
-0.00697604
-0.00583098
-0.00545759
 -0.0060139
-0.00729223
-0.00879442
-0.00992818
 -0.0102469
-0.00963178
-0.00834026
-0.00689738
-0.00587774
-0.00567001
-0.00632431
-0.00754425
-0.00882266
-0.00965705
-0.00975168
-0.00912237
-0.00806805
-0.00703017
 -0.0064062
-0.00639592
-0.00694086
-0.00777102
-0.00853319
-0.00894201
-0.00888817
-0.00846347
-0.00789709
-0.00743895
-0.00724772
-0.00733555
-0.00758904
-0.00784759
-0.00799326
-0.00800373
-0.00794559
-0.00791731
-0.00797906
-0.00810967
-0.00821607
-0.00818896
 -0.0079744
-0.00762052
-0.00727116
-0.00710512
-0.00724718
-0.00769478
 -0.0082983
-0.00881079
-0.00899083
-0.00871434
-0.00804517
-0.00722775
-0.00659643
-0.00643811
-0.00686188
-0.00773754
-0.00873283
-0.00944135
-0.00955066
-0.00898142
-0.00793393
-0.00681875
-0.00609339
-0.00607121
-0.00678278
-0.00795205
-0.00910267
-0.00975469
-0.00962954
-0.00877447
-0.00754846
-0.00647164
-0.00600085
-0.00632966
-0.00730319
-0.00848797
-0.00936628
-0.00956739
-0.00902916
-0.00801827
-0.00700032
-0.00642347
-0.00651784
-0.00720094
-0.00813062
-0.00887398
 -0.0091089
-0.00876466
-0.00803909
-0.00729142
-0.00686704
-0.00693957
-0.00744126
-0.00810943
-0.00862028
-0.00874326
-0.00844384
-0.00788905
-0.00735892
-0.00710805
-0.00724567
-0.00768846
-0.00820746
-0.00854295
-0.00853113
-0.00818146
-0.00766925
 -0.0072481
-0.00712684
-0.00736912
-0.00786349
 -0.0083771
  -0.008665
 -0.0085859
-0.00816815
-0.00759869
-0.00713852
-0.00700307
-0.00726254
-0.00780624
-0.00838997
-0.00874598
 -0.0087063
-0.00828266
-0.00766433
-0.00713313
-0.00693417
-0.00716168
-0.00771389
 -0.0083383
-0.00874759
-0.00875173
-0.00834653
-0.00771625
-0.00715019
-0.00691041
-0.00711161
 -0.0076678
-0.00832977
-0.00879686
-0.00885213
-0.00846066
-0.00778725
-0.00712536
-0.00676933
-0.00688491
-0.00743547
-0.00819486
-0.00884196
 -0.0090966
-0.00883942
-0.00816524
-0.00734632
-0.00672166
-0.00655572
-0.00692744
-0.00769326
 -0.0085437
-0.00912948
-0.00920655
-0.00873982
 -0.0079194
-0.00708294
-0.00657372
 -0.0065959
-0.00712952
-0.00794208
-0.00869098
-0.00907248
-0.00894836
-0.00839821
-0.00767439
-0.00708542
-0.00686152
-0.00706308
-0.00756822
-0.00814007
-0.00853691
-0.00861497
-0.00837901
 -0.0079651
-0.00756899
-0.00735654
-0.00739594
-0.00763812
-0.00794886
-0.00817511
-0.00821481
-0.00806114
-0.00780364
-0.00758524
-0.00753271
-0.00769074
-0.00799119
-0.00827782
-0.00838203
-0.00821455
-0.00782442
-0.00738714
-0.00712106
-0.00717625
-0.00755582
-0.00811135
-0.00861229
-0.00884777
-0.00871216
-0.00824058
-0.00759106
-0.00698865
-0.00665368
-0.00673199
-0.00724203
-0.00805126
  -0.008898
-0.00946251
-0.00947934
-0.00885495
-0.00774248
-0.00652753
-0.00570777
-0.00569606
-0.00661819
-0.00820149
-0.00982674
 -0.0107586
 -0.0104796
-0.00898215
-0.00685083
-0.00504754
-0.00445939
 -0.0054289
-0.00753778
-0.00979278
 -0.0111317
 -0.0109635
-0.00944129
-0.00733792
-0.00562487
-0.00500513
 -0.0056302
-0.00710504
-0.00872904
 -0.0098295
 -0.0100324
-0.00937097
-0.00821444
-0.00707593
-0.00639101
-0.00635856
-0.00689705
-0.00771603
-0.00845965
-0.00885584
-0.00881165
-0.00842334
-0.00790926
-0.00750126
 -0.0073459
-0.00745382
 -0.0077147
-0.00796353
-0.00806562
-0.00798051
-0.00777802
-0.00759966
 -0.0075839
-0.00778909
-0.00815175
-0.00850251
-0.00863977
-0.00843087
 -0.0078933
-0.00721253
-0.00667801
-0.00655943
-0.00697744
-0.00783145
-0.00882127
-0.00955928
-0.00972579
-0.00920387
-0.00813495
-0.00687443
-0.00586209
-0.00546101
-0.00582812
-0.00686752
-0.00828185
-0.00969495
 -0.0107901
 -0.0114002
 -0.0115169
 -0.0112228
 -0.0105967
-0.00965169
-0.00834962
   0.219389
    208.627
