    0.221046
    0.119433
   0.0638752
   0.0327171
   0.0140456
  0.00154689
 -0.00773545
  -0.0147266
  -0.0192712
  -0.0209178
  -0.0195336
  -0.0156528
   -0.010483
 -0.00559361
 -0.00242211
 -0.00179993
  -0.0036891
 -0.00723296
   -0.011098
  -0.0139702
  -0.0150131
  -0.0141178
  -0.0118615
 -0.00921503
 -0.00713386
 -0.00620869
 -0.00650902
 -0.00765817
 -0.00907248
  -0.0102347
  -0.0108771
  -0.0110117
  -0.0108282
  -0.0105367
   -0.010246
 -0.00993261
 -0.00950367
 -0.00890729
 -0.00822361
 -0.00768025
 -0.00757427
  -0.0081282
 -0.00934448
  -0.0109319
  -0.0123551
  -0.0130101
  -0.0124704
   -0.010709
 -0.00819319
 -0.00578668
 -0.00446574
 -0.00493468
 -0.00728567
  -0.0108545
  -0.0143689
  -0.0163802
  -0.0158484
  -0.0126555
 -0.00780843
 -0.00317668
-0.000788837
 -0.00192891
  -0.0064316
  -0.0125699
  -0.0177027
  -0.0194666
  -0.0169497
  -0.0112112
 -0.00481749
-0.000605715
-0.000328927
 -0.00388987
  -0.0095149
  -0.0146964
  -0.0173652
  -0.0167194
  -0.0133917
 -0.00898897
 -0.00530913
 -0.00361443
 -0.00424309
 -0.00664384
  -0.0097324
  -0.0123664
  -0.0137387
  -0.0135739
  -0.0121153
 -0.00996455
 -0.00786127
 -0.00646496
 -0.00617988
 -0.00704594
 -0.00872213
  -0.0105883
  -0.0119584
  -0.0123444
    -0.01166
  -0.0102569
 -0.00875719
 -0.00775939
 -0.00757158
 -0.00811201
 -0.00901462
 -0.00985506
  -0.0103563
  -0.0104697
  -0.0103196
  -0.0100793
 -0.00986334
 -0.00968903
 -0.00950568
 -0.00925895
 -0.00894889
 -0.00865444
  -0.0085138
 -0.00866728
 -0.00918107
 -0.00998291
  -0.0108437
  -0.0114292
  -0.0114222
  -0.0106734
 -0.00931849
  -0.0077898
 -0.00669025
 -0.00655726
 -0.00760778
 -0.00958302
  -0.0117861
  -0.0133263
  -0.0134862
  -0.0120573
  -0.0094854
 -0.00674022
 -0.00494155
 -0.00489096
 -0.00670945
 -0.00974717
  -0.0128185
  -0.0146753
   -0.014524
  -0.0123699
 -0.00903686
 -0.00584782
 -0.00409241
 -0.00449787
  -0.0069234
  -0.0104067
   -0.013548
  -0.0150784
  -0.0143783
  -0.0117346
 -0.00822437
 -0.00527509
 -0.00407769
 -0.00509841
 -0.00789167
  -0.0112918
  -0.0139026
  -0.0146781
  -0.0133495
  -0.0105204
 -0.00739579
  -0.0052642
 -0.00495808
 -0.00652244
 -0.00922561
  -0.0118987
  -0.0134459
  -0.0133013
  -0.0116382
 -0.00925179
 -0.00718253
 -0.00625817
 -0.00675776
 -0.00833674
  -0.0102273
  -0.0116053
  -0.0119507
  -0.0112421
  -0.0099174
 -0.00863463
 -0.00795732
 -0.00810883
 -0.00890049
 -0.00985635
  -0.0104669
  -0.0104461
 -0.00986745
 -0.00911262
 -0.00865773
  -0.0088071
 -0.00951446
  -0.0103911
  -0.0109052
  -0.0106753
 -0.00970358
 -0.00841808
 -0.00748602
 -0.00747858
 -0.00855214
  -0.0103147
  -0.0119627
   -0.012645
  -0.0118884
 -0.00987914
  -0.0074444
 -0.00571557
 -0.00560676
 -0.00734866
  -0.0103084
  -0.0132107
  -0.0146875
  -0.0139195
  -0.0110686
 -0.00727877
 -0.00421303
 -0.00331667
 -0.00513624
 -0.00901793
  -0.0133453
  -0.0162276
  -0.0163405
  -0.0135349
 -0.00893412
 -0.00446503
 -0.00202929
 -0.00267989
 -0.00616745
  -0.0110502
  -0.0153124
  -0.0172158
   -0.016017
  -0.0122521
 -0.00748427
 -0.00363726
 -0.00220656
 -0.00367387
  -0.0073558
   -0.011726
  -0.0150593
  -0.0161216
  -0.0146283
  -0.0113007
 -0.00752182
 -0.00475468
 -0.00396897
 -0.00530243
 -0.00807556
  -0.0111237
  -0.0132909
  -0.0138734
  -0.0128427
  -0.0107788
 -0.00857088
 -0.00703077
 -0.00658848
 -0.00718643
 -0.00839219
 -0.00965136
  -0.0105453
  -0.0109342
  -0.0109314
  -0.0107508
  -0.0105308
  -0.0102461
  -0.0097582
 -0.00897328
 -0.00799809
 -0.00718311
 -0.00699622
 -0.00777344
  -0.0094758
  -0.0115986
   -0.013311
  -0.0137926
  -0.0126212
  -0.0100301
 -0.00689846
 -0.00445031
 -0.00376878
 -0.00531873
 -0.00868703
  -0.0126723
  -0.0157177
  -0.0165314
  -0.0146425
  -0.0106499
 -0.00603489
 -0.00259624
 -0.00172788
 -0.00384142
 -0.00817822
   -0.013096
  -0.0167139
   -0.017651
  -0.0155592
  -0.0112428
 -0.00632956
 -0.00263929
 -0.00150097
 -0.00328015
 -0.00727728
  -0.0120146
  -0.0157878
  -0.0172755
   -0.015993
  -0.0124421
 -0.00791643
 -0.00403586
 -0.00217209
 -0.00296455
 -0.00609385
  -0.0104001
  -0.0143067
  -0.0164011
   -0.015958
  -0.0132025
 -0.00921212
 -0.00549217
 -0.00339448
 -0.00361076
 -0.00594007
 -0.00941118
  -0.0126968
  -0.0146359
  -0.0146518
   -0.012911
  -0.0101843
  -0.0074993
   -0.005743
 -0.00537418
 -0.00633548
 -0.00816212
  -0.0102053
   -0.011864
   -0.012741
  -0.0126953
  -0.0118139
  -0.0103497
 -0.00866137
 -0.00716214
 -0.00625896
 -0.00626316
 -0.00727916
 -0.00911218
  -0.0112559
  -0.0130052
   -0.013687
   -0.012937
   -0.010901
 -0.00825088
 -0.00596688
 -0.00495141
 -0.00563269
 -0.00774893
  -0.0104408
  -0.0126344
  -0.0135367
  -0.0129848
  -0.0114487
 -0.00968722
 -0.00828228
 -0.00737562
 -0.00679352
 -0.00643938
 -0.00658452
 -0.00773996
  -0.0101368
  -0.0132235
  -0.0156556
  -0.0159255
  -0.0132967
 -0.00844368
 -0.00334003
-0.000386421
 -0.00121306
 -0.00579072
  -0.0123235
  -0.0180036
   -0.020279
  -0.0180363
  -0.0121405
 -0.00507713
 0.000141952
  0.00130721
 -0.00202741
 -0.00837838
   -0.015019
  -0.0191898
  -0.0192789
  -0.0154543
 -0.00949707
 -0.00395295
 -0.00101553
 -0.00164105
 -0.00525955
  -0.0101529
  -0.0142762
  -0.0161277
  -0.0152911
  -0.0124616
 -0.00900732
 -0.00631775
 -0.00524298
 -0.00585116
 -0.00755306
 -0.00948019
  -0.0109022
  -0.0114955
  -0.0113668
  -0.0108741
  -0.0103701
  -0.0100131
 -0.00973349
 -0.00934894
 -0.00874456
 -0.00800715
 -0.00743231
 -0.00739489
  -0.0081457
 -0.00963499
  -0.0114575
  -0.0129579
  -0.0134687
  -0.0125932
  -0.0104173
 -0.00755757
 -0.00500381
 -0.00378784
 -0.00458441
 -0.00738702
  -0.0113996
  -0.0152243
  -0.0173225
  -0.0166144
   -0.012994
  -0.0075324
 -0.00222364
  0.00070615
-0.000288943
 -0.00529189
  -0.0126451
  -0.0194076
  -0.0224953
  -0.0201064
  -0.0127886
  -0.0035124
  0.00350289
  0.00480256
 -0.00045004
 -0.00987507
  -0.0190012
  -0.0235568
  -0.0216324
  -0.0145085
 -0.00578713
 0.000544803
  0.00200338
 -0.00146781
 -0.00781161
  -0.0140508
  -0.0176785
  -0.0176194
  -0.0144403
 -0.00985841
 -0.00587054
 -0.00391508
 -0.00439591
 -0.00669737
 -0.00960393
  -0.0118906
  -0.0128156
  -0.0123301
  -0.0109612
   -0.009474
 -0.00849226
 -0.00825414
 -0.00859125
 -0.00910518
   -0.009426
 -0.00941204
 -0.00919573
 -0.00906805
 -0.00927708
 -0.00985745
  -0.0105843
  -0.0110764
  -0.0109959
  -0.0102404
 -0.00902884
 -0.00783299
 -0.00718047
 -0.00741777
  -0.0085397
  -0.0101634
   -0.011664
  -0.0124213
   -0.012076
  -0.0106958
 -0.00877358
 -0.00705458
 -0.00624688
 -0.00672803
 -0.00836766
  -0.0105498
  -0.0123998
  -0.0131377
  -0.0124129
  -0.0104748
  -0.0080948
 -0.00625946
 -0.00575537
 -0.00682514
 -0.00904616
   -0.011496
  -0.0131395
  -0.0132744
  -0.0118381
 -0.00943926
 -0.00709654
 -0.00579768
 -0.00607522
 -0.00778368
  -0.0101755
  -0.0122349
  -0.0131178
  -0.0125036
  -0.0107092
 -0.00852671
 -0.00686823
 -0.00637819
 -0.00718157
 -0.00886498
  -0.0106839
  -0.0118945
  -0.0120614
  -0.0112134
  -0.0097929
 -0.00843412
 -0.00767817
 -0.00775381
 -0.00851454
 -0.00954829
  -0.0103927
  -0.0107454
  -0.0105689
  -0.0100537
 -0.00948248
 -0.00908095
 -0.00893742
 -0.00901272
 -0.00920797
 -0.00943263
 -0.00963294
 -0.00978346
 -0.00986505
 -0.00985787
 -0.00975393
 -0.00957541
 -0.00937903
 -0.00923883
 -0.00921282
 -0.00931344
 -0.00949717
 -0.00968215
 -0.00978559
 -0.00976536
 -0.00964349
 -0.00949788
 -0.00942085
 -0.00946302
 -0.00959216
 -0.00970008
 -0.00966342
 -0.00943453
 -0.00910303
 -0.00887781
 -0.00897605
 -0.00947459
  -0.0102148
  -0.0108374
  -0.0109519
  -0.0103587
  -0.0092015
 -0.00795275
 -0.00721872
 -0.00744884
 -0.00868801
  -0.0105015
  -0.0121256
  -0.0127914
  -0.0120853
  -0.0101772
 -0.00779954
 -0.00596517
 -0.00553081
 -0.00679689
  -0.0093291
  -0.0121025
  -0.0139228
  -0.0139504
  -0.0120935
 -0.00908262
 -0.00617848
  -0.0046318
 -0.00513174
 -0.00749344
  -0.0107272
  -0.0134655
  -0.0145543
  -0.0135496
  -0.0108984
 -0.00773222
 -0.00537146
 -0.00476437
 -0.00610336
 -0.00877483
  -0.0116477
  -0.0135623
  -0.0138041
  -0.0123659
 -0.00990726
  -0.0074471
 -0.00593677
 -0.00589181
  -0.0072241
 -0.00932286
  -0.0113322
  -0.0125008
  -0.0124645
  -0.0113548
 -0.00970527
 -0.00820421
 -0.00740303
  -0.0075053
 -0.00831852
 -0.00938345
  -0.0102118
  -0.0105172
   -0.010328
 -0.00993147
 -0.00968104
 -0.00977304
  -0.0101158
  -0.0103716
  -0.0101582
 -0.00930917
 -0.00804684
  -0.0069532
 -0.00672097
 -0.00778577
  -0.0100181
  -0.0126507
  -0.0145224
  -0.0145715
  -0.0123753
 -0.00848023
 -0.00432811
 -0.00174537
 -0.00216371
 -0.00589153
  -0.0117819
  -0.0175176
  -0.0204888
  -0.0189568
   -0.013012
 -0.00482331
  0.00207743
  0.00431545
 0.000371263
 -0.00840955
  -0.0181747
  -0.0243141
  -0.0237933
  -0.0167876
 -0.00663798
  0.00188723
  0.00501653
  0.00172821
 -0.00602645
  -0.0145473
  -0.0202414
  -0.0211401
  -0.0174692
  -0.0112162
 -0.00507229
 -0.00129276
-0.000928239
 -0.00363933
 -0.00804908
  -0.0124007
  -0.0152286
  -0.0158069
  -0.0142665
  -0.0114075
 -0.00832889
 -0.00603126
 -0.00511876
 -0.00567578
 -0.00732046
 -0.00939453
  -0.0112094
  -0.0122679
  -0.0123918
   -0.011724
  -0.0106179
 -0.00946908
 -0.00856523
 -0.00801618
 -0.00778602
 -0.00779517
 -0.00802035
 -0.00852539
 -0.00939216
  -0.0105889
  -0.0118624
  -0.0127441
  -0.0127121
  -0.0114592
 -0.00914145
 -0.00645689
  -0.0044628
 -0.00415983
 -0.00600603
 -0.00958885
  -0.0136528
  -0.0165314
  -0.0168422
  -0.0141517
 -0.00928955
 -0.00411973
-0.000814629
-0.000917045
 -0.00460509
   -0.010517
  -0.0162566
  -0.0193926
  -0.0185243
  -0.0139299
 -0.00749008
  -0.0018964
 0.000512252
 -0.00123294
 -0.00631773
  -0.0125252
  -0.0172312
  -0.0185609
  -0.0161773
  -0.0113497
 -0.00629175
 -0.00310042
 -0.00282353
 -0.00510286
 -0.00854031
  -0.0115404
  -0.0131225
  -0.0132407
  -0.0124865
  -0.0114752
  -0.0104109
 -0.00914082
 -0.00757937
 -0.00607937
 -0.00538409
 -0.00616059
 -0.00846147
  -0.0115226
  -0.0140643
  -0.0149242
  -0.0136518
  -0.0107405
 -0.00739053
 -0.00495204
 -0.00433533
 -0.00566196
  -0.0082861
  -0.0111315
  -0.0131623
  -0.0137701
  -0.0129345
  -0.0111294
 -0.00906403
 -0.00739238
 -0.00651755
 -0.00653728
 -0.00731034
 -0.00857013
  -0.0100158
  -0.0113517
  -0.0122916
  -0.0125744
  -0.0120259
  -0.0106564
 -0.00874401
  -0.0068305
 -0.00558925
 -0.00558433
 -0.00700897
 -0.00952782
  -0.0123208
  -0.0143462
  -0.0147406
  -0.0131959
   -0.010143
  -0.0066459
 -0.00402286
 -0.00333729
 -0.00495965
 -0.00838651
  -0.0123975
  -0.0154996
  -0.0164898
  -0.0149213
  -0.0112935
 -0.00689139
 -0.00332841
 -0.00195578
 -0.00335339
 -0.00708866
  -0.0118419
  -0.0158671
  -0.0176316
  -0.0164047
   -0.012568
 -0.00751252
 -0.00313796
 -0.00113125
 -0.00229912
 -0.00622653
  -0.0114146
  -0.0158577
  -0.0178379
  -0.0166129
  -0.0127105
 -0.00770542
 -0.00357003
 -0.00187401
 -0.00316866
 -0.00680596
  -0.0112536
  -0.0147532
  -0.0160327
  -0.0147765
  -0.0116774
 -0.00808073
 -0.00539802
 -0.00454525
 -0.00563197
 -0.00800305
  -0.0105852
  -0.0123682
  -0.0128092
  -0.0119908
  -0.0104907
 -0.00904844
 -0.00820677
 -0.00810182
 -0.00848879
 -0.00895887
 -0.00920899
 -0.00920946
 -0.00918226
 -0.00941576
  -0.0100344
  -0.0108639
  -0.0114799
  -0.0114242
  -0.0104789
  -0.0088488
 -0.00714202
 -0.00613476
 -0.00641584
 -0.00807447
  -0.0105865
  -0.0129749
   -0.014196
  -0.0135982
  -0.0112497
 -0.00797886
 -0.00508285
 -0.00380697
 -0.00480521
 -0.00781636
  -0.0117127
  -0.0149243
  -0.0160796
  -0.0145982
  -0.0109777
   -0.006635
 -0.00334764
 -0.00251582
 -0.00455495
 -0.00868488
  -0.0132246
  -0.0162829
  -0.0165615
   -0.013923
 -0.00946843
 -0.00507921
 -0.00260976
 -0.00308483
 -0.00625568
  -0.0107172
   -0.014534
  -0.0160958
  -0.0148141
  -0.0113522
 -0.00729388
 -0.00441307
 -0.00388749
 -0.00580953
 -0.00920116
  -0.0125034
  -0.0142953
  -0.0139087
  -0.0116709
 -0.00869125
 -0.00631695
 -0.00552465
 -0.00652189
 -0.00871943
  -0.0110572
  -0.0125113
  -0.0125415
   -0.011285
 -0.00943076
 -0.00785741
 -0.00721901
 -0.00767258
 -0.00886044
  -0.0101344
  -0.0108946
  -0.0108702
  -0.0102125
 -0.00936984
 -0.00882601
 -0.00884404
 -0.00934394
  -0.0099695
   -0.010297
  -0.0100751
 -0.00936992
 -0.00854465
 -0.00808093
 -0.00832811
 -0.00930143
  -0.0106317
  -0.0117041
  -0.0119351
  -0.0110681
 -0.00934235
 -0.00744146
 -0.00622064
 -0.00632194
 -0.00785251
  -0.0102812
  -0.0126226
  -0.0138442
   -0.013325
  -0.0111593
 -0.00816197
 -0.00555471
 -0.00445925
  -0.0054111
 -0.00810627
  -0.0114989
  -0.0142157
  -0.0151211
  -0.0137934
  -0.0107151
 -0.00709149
 -0.00436998
 -0.00365643
  -0.0052647
 -0.00858328
  -0.0123137
  -0.0149838
   -0.015533
  -0.0137342
  -0.0102863
 -0.00653963
 -0.00396293
 -0.00356242
 -0.00548516
 -0.00896261
  -0.0126207
  -0.0150293
  -0.0152714
  -0.0133005
 -0.00994168
  -0.0065417
 -0.00441635
 -0.00432754
 -0.00620538
 -0.00921935
  -0.0121517
  -0.0139032
  -0.0139136
  -0.0123324
 -0.00989392
  -0.0075755
 -0.00619999
 -0.00614641
 -0.00726662
 -0.00901242
  -0.0106923
  -0.0117409
  -0.0119011
  -0.0112652
  -0.0101856
 -0.00910771
 -0.00839426
  -0.0082055
 -0.00847127
 -0.00895803
 -0.00939962
 -0.00963253
 -0.00967207
 -0.00968292
 -0.00985213
  -0.0102312
  -0.0106504
  -0.0107819
  -0.0103415
 -0.00931381
 -0.00804591
 -0.00712362
  -0.0070766
 -0.00808318
 -0.00984436
  -0.0116966
  -0.0128946
  -0.0129168
  -0.0116634
 -0.00949122
 -0.00710285
 -0.00533707
 -0.00491239
 -0.00617245
 -0.00889903
   -0.012277
    -0.01508
  -0.0160765
   -0.014549
  -0.0107158
  -0.0058316
 -0.00183443
-0.000599018
 -0.00306739
 -0.00865072
  -0.0152481
  -0.0199988
  -0.0205359
  -0.0162008
 -0.00858286
-0.000983338
  0.00307386
  0.00159165
 -0.00482903
  -0.0132366
  -0.0197984
  -0.0216864
   -0.018359
  -0.0116256
 -0.00459608
-0.000171175
 0.000159049
 -0.00326687
 -0.00868221
   -0.013793
   -0.016734
  -0.0167044
  -0.0141067
  -0.0102206
 -0.00661106
 -0.00452055
 -0.00446819
 -0.00616802
   -0.008751
  -0.0111672
  -0.0125977
  -0.0127212
  -0.0117544
  -0.0102803
 -0.00895703
 -0.00823737
 -0.00821394
 -0.00864145
 -0.00911243
 -0.00929508
 -0.00911852
 -0.00881298
 -0.00877786
 -0.00933462
  -0.0104864
  -0.0118206
  -0.0126372
  -0.0122773
  -0.0105103
 -0.00777393
 -0.00510875
 -0.00376367
 -0.00462468
 -0.00773075
  -0.0121242
  -0.0161434
  -0.0180626
   -0.016823
  -0.0125438
  -0.0065797
 -0.00107676
  0.00182204
 0.000810905
 -0.00404179
  -0.0112814
  -0.0185967
  -0.0236788
  -0.0250561
  -0.0225598
  -0.0172444
  -0.0108322
 -0.00496572
 -0.00062364
    0.533261
     252.766
