-0.000399125
 -0.00039016
-0.000388514
-0.000387744
-0.000387039
-0.000386342
-0.000385704
-0.000385153
-0.000384748
-0.000384516
-0.000384479
-0.000384663
-0.000385057
-0.000385649
-0.000386409
-0.000387312
-0.000388283
-0.000389288
-0.000390255
-0.000391106
  -0.0003918
-0.000392293
-0.000392516
-0.000392472
-0.000392131
-0.000391518
-0.000390653
-0.000389567
 -0.00038834
-0.000387027
-0.000385703
-0.000384468
-0.000383377
-0.000382517
-0.000381938
-0.000381711
-0.000381822
-0.000382309
 -0.00038314
-0.000384288
-0.000385674
-0.000387244
-0.000388898
-0.000390544
-0.000392078
  -0.0003934
-0.000394449
-0.000395111
-0.000395385
-0.000395207
 -0.00039459
-0.000393563
-0.000392162
-0.000390483
-0.000388606
-0.000386632
-0.000384703
-0.000382913
 -0.00038138
-0.000380209
 -0.00037947
-0.000379229
-0.000379513
-0.000380299
-0.000381574
 -0.00038326
-0.000385278
-0.000387505
 -0.00038981
-0.000392064
-0.000394131
-0.000395866
-0.000397196
-0.000397984
-0.000398214
-0.000397836
-0.000396872
-0.000395361
-0.000393399
-0.000391078
-0.000388546
-0.000385946
-0.000383437
-0.000381174
  -0.0003793
-0.000377948
-0.000377189
-0.000377105
  -0.0003777
-0.000378969
-0.000380827
 -0.00038319
-0.000385925
-0.000388866
-0.000391846
-0.000394672
-0.000397188
-0.000399227
-0.000400657
-0.000401375
-0.000401331
-0.000400512
-0.000398958
-0.000396747
-0.000393993
-0.000390887
-0.000387578
-0.000384281
-0.000381217
-0.000378546
-0.000376467
-0.000375107
-0.000374573
-0.000374904
-0.000376102
-0.000378109
-0.000380825
-0.000384073
 -0.00038768
-0.000391429
-0.000395085
 -0.00039841
-0.000401212
-0.000403282
-0.000404493
-0.000404745
-0.000404002
-0.000402294
-0.000399703
-0.000396383
-0.000392503
-0.000388328
-0.000384088
-0.000380054
-0.000376501
-0.000373631
-0.000371676
-0.000370754
 -0.00037096
-0.000372306
-0.000374738
-0.000378124
-0.000382264
-0.000386947
-0.000391858
-0.000396714
-0.000401203
-0.000405024
-0.000407935
-0.000409713
-0.000410234
-0.000409418
-0.000407276
 -0.00040393
-0.000399538
-0.000394354
-0.000388685
-0.000382856
-0.000377263
-0.000372223
-0.000368096
-0.000365144
-0.000363608
-0.000363591
-0.000365158
-0.000368247
-0.000372712
-0.000378297
-0.000384692
-0.000391508
 -0.00039835
-0.000404774
-0.000410368
-0.000414753
-0.000417633
-0.000418775
-0.000418056
-0.000415492
-0.000411148
 -0.00040528
-0.000398194
 -0.00039031
-0.000382076
-0.000374018
-0.000366621
-0.000360397
-0.000355737
-0.000352979
 -0.00035236
-0.000353984
-0.000357791
-0.000363623
-0.000371167
    -0.00038
-0.000389605
-0.000399411
-0.000408808
-0.000417186
-0.000424002
-0.000428781
-0.000431161
-0.000430925
-0.000428005
-0.000422502
-0.000414686
-0.000404957
-0.000393889
-0.000382107
-0.000370325
-0.000359291
-0.000349689
-0.000342176
-0.000337276
-0.000335375
-0.000336673
-0.000341198
-0.000348755
-0.000358976
-0.000371313
-0.000385055
-0.000399388
-0.000413467
-0.000426396
-0.000437345
-0.000445574
-0.000450498
-0.000451708
-0.000449023
-0.000442494
 -0.00043239
-0.000419252
-0.000403779
-0.000386875
-0.000369532
-0.000352787
-0.000337718
  -0.0003253
-0.000316347
 -0.00031156
-0.000311315
-0.000315785
-0.000324832
-0.000338024
-0.000354687
-0.000373882
-0.000394511
-0.000415345
-0.000435105
 -0.00045255
 -0.00046653
-0.000476089
-0.000480507
-0.000479354
-0.000472563
-0.000460347
-0.000443331
-0.000422407
-0.000398735
-0.000373718
-0.000348832
-0.000325604
-0.000305538
-0.000289932
-0.000279886
-0.000276172
-0.000279219
-0.000289013
-0.000305168
-0.000326872
-0.000352948
-0.000381937
-0.000412123
-0.000441712
-0.000468857
-0.000491831
-0.000509091
-0.000519445
 -0.00052202
 -0.00051646
-0.000502866
-0.000481839
-0.000454464
-0.000422229
-0.000386966
-0.000350775
-0.000315815
-0.000284296
-0.000258227
-0.000239373
-0.000229096
-0.000228269
-0.000237211
-0.000255662
-0.000282759
-0.000317092
-0.000356753
-0.000399483
-0.000442745
-0.000483899
 -0.00052038
-0.000549809
-0.000570193
-0.000580024
-0.000578401
-0.000565098
-0.000540605
-0.000506099
-0.000463414
-0.000414913
 -0.00036344
 -0.00031201
-0.000263807
 -0.00022188
-0.000188932
-0.000167263
-0.000158524
-0.000163596
-0.000182571
 -0.00021469
 -0.00025836
-0.000311232
-0.000370351
-0.000432278
-0.000493315
-0.000549708
-0.000597889
-0.000634687
-0.000657535
-0.000664637
-0.000655138
-0.000629122
 -0.00058772
-0.000533012
-0.000467958
-0.000396209
-0.000321942
-0.000249592
-0.000183598
-0.000128133
-8.68695e-05
-6.26677e-05
-5.74833e-05
  -7.214e-05
-0.000106301
 -0.00015844
-0.000225913
-0.000305071
-0.000391504
-0.000480215
-0.000566012
-0.000643711
-0.000708538
-0.000756388
-0.000784088
-0.000789648
-0.000772379
-0.000732963
-0.000673484
-0.000597275
-0.000508801
-0.000413355
-0.000316794
-0.000225189
-0.000144427
-7.98388e-05
-3.59452e-05
-1.59963e-05
-2.19053e-05
 -5.3929e-05
-0.000110316
-0.000183634
-0.000223628
 0.000237157
  0.00585577
   0.0634832
    0.645203
    0.105908
   0.0161933
   0.0017147
 -0.00018584
-1.68299e-05
 0.000437416
 0.000855166
  0.00116465
  0.00134226
  0.00137938
  0.00127706
  0.00104457
 0.000698751
 0.000262573
-0.000236282
-0.000767213
 -0.00129855
 -0.00179955
  -0.0022421
 -0.00260234
 -0.00286194
 -0.00300911
   -0.003039
 -0.00295385
 -0.00276265
 -0.00248042
  -0.0021271
 -0.00172627
 -0.00130358
-0.000885242
-0.000496354
-0.000159504
 0.000106525
  0.00028782
 0.000375924
 0.000368295
 0.000268228
 8.44676e-05
-0.000169403
-0.000475973
-0.000815158
 -0.00116545
 -0.00150529
 -0.00181437
 -0.00207476
 -0.00227201
 -0.00239586
 -0.00244079
 -0.00240618
 -0.00229624
 -0.00211962
 -0.00188878
 -0.00161909
 -0.00132792
 -0.00103342
-0.000753503
-0.000504713
-0.000301303
 -0.00015441
-7.14724e-05
-5.58597e-05
-0.000106848
-0.000219667
-0.000385924
-0.000594306
-0.000831181
 -0.00108151
 -0.00132995
 -0.00156151
 -0.00176269
 -0.00192214
 -0.00203127
 -0.00208475
 -0.00208073
 -0.00202085
 -0.00191009
 -0.00175633
 -0.00156985
 -0.00136265
 -0.00114764
-0.000937936
-0.000745956
-0.000582775
-0.000457488
-0.000376661
-0.000344063
-0.000360451
-0.000423677
-0.000528816
-0.000668536
-0.000833689
 -0.00101374
 -0.00119762
 -0.00137421
 -0.00153317
 -0.00166544
 -0.00176377
 -0.00182314
 -0.00184095
 -0.00181714
 -0.00175418
 -0.00165677
 -0.00153153
 -0.00138662
 -0.00123116
 -0.00107464
-0.000926405
-0.000795071
-0.000688029
-0.000611044
-0.000567935
-0.000560454
-0.000588132
-0.000648466
-0.000737061
 -0.00084797
-0.000974039
 -0.00110741
 -0.00124001
 -0.00136399
  -0.0014722
 -0.00155867
 -0.00161877
 -0.00164966
 -0.00165023
 -0.00162121
  -0.0015651
 -0.00148589
 -0.00138886
 -0.00128022
 -0.00116669
  -0.0010551
-0.000952019
-0.000863321
-0.000793856
-0.000747257
-0.000725682
-0.000729712
-0.000758511
-0.000809659
-0.000879595
-0.000963704
 -0.00105659
  -0.0011526
 -0.00124596
 -0.00133123
 -0.00140362
 -0.00145918
  -0.0014951
 -0.00150979
 -0.00150296
 -0.00147561
  -0.0014299
 -0.00136903
 -0.00129703
 -0.00121844
 -0.00113807
 -0.00106072
 -0.00099088
-0.000932469
-0.000888598
-0.000861478
-0.000852228
-0.000860901
-0.000886502
-0.000927036
-0.000979687
 -0.00104104
 -0.00110721
 -0.00117415
 -0.00123795
 -0.00129487
 -0.00134179
 -0.00137621
 -0.00139649
 -0.00140181
 -0.00139231
 -0.00136896
 -0.00133357
 -0.00128853
 -0.00123683
 -0.00118168
 -0.00112645
 -0.00107439
  -0.0010285
-0.000991278
-0.000964673
 -0.00094995
-0.000947632
-0.000957459
-0.000978491
 -0.00100918
 -0.00104741
 -0.00109069
 -0.00113632
 -0.00118153
 -0.00122367
 -0.00126036
 -0.00128956
 -0.00130983
 -0.00132021
 -0.00132042
 -0.00131076
 -0.00129211
 -0.00126585
 -0.00123377
   -0.001198
 -0.00116071
  -0.0011242
  -0.0010906
  -0.0010618
 -0.00103938
 -0.00102444
 -0.00101763
  -0.0010191
 -0.00102849
   -0.001045
 -0.00106738
 -0.00109414
 -0.00112354
 -0.00115371
 -0.00118288
  -0.0012093
 -0.00123152
 -0.00124832
  -0.0012589
 -0.00126282
 -0.00126008
 -0.00125106
  -0.0012365
 -0.00121747
 -0.00119526
 -0.00117129
 -0.00114707
 -0.00112406
 -0.00110358
 -0.00108679
 -0.00107457
  -0.0010675
 -0.00106581
 -0.00106944
 -0.00107793
 -0.00109067
 -0.00110669
 -0.00112491
 -0.00114417
 -0.00116323
 -0.00118095
 -0.00119629
  -0.0012084
 -0.00121666
 -0.00122065
 -0.00122034
 -0.00121582
 -0.00120755
 -0.00119616
 -0.00118243
 -0.00116731
 -0.00115176
 -0.00113674
 -0.00112317
 -0.00111184
 -0.00110338
 -0.00109818
  -0.0010965
  -0.0010983
 -0.00110338
 -0.00111127
 -0.00112144
 -0.00113316
 -0.00114563
 -0.00115809
 -0.00116971
 -0.00117983
 -0.00118783
 -0.00119328
 -0.00119592
 -0.00119564
 -0.00119256
 -0.00118695
 -0.00117924
 -0.00116994
 -0.00115971
  -0.0011492
 -0.00113908
 -0.00113001
 -0.00112247
 -0.00111694
 -0.00111371
 -0.00111292
 -0.00111454
 -0.00111846
 -0.00112431
 -0.00113173
 -0.00114017
 -0.00114909
 -0.00115792
 -0.00116606
 -0.00117307
 -0.00117849
 -0.00118199
 -0.00118341
 -0.00118271
 -0.00117992
 -0.00117531
 -0.00116917
  -0.0011619
   -0.001154
 -0.00114597
  -0.0011383
 -0.00113147
  -0.0011259
 -0.00112193
 -0.00111975
 -0.00111948
 -0.00112113
 -0.00112455
  -0.0011295
 -0.00113566
 -0.00114261
 -0.00114995
 -0.00115718
 -0.00116386
 -0.00116961
 -0.00117407
 -0.00117697
 -0.00117818
  -0.0011776
 -0.00117537
 -0.00117155
 -0.00116647
 -0.00116042
  -0.0011538
 -0.00114701
 -0.00114048
 -0.00113462
 -0.00112974
 -0.00112617
  -0.0011241
 -0.00112364
 -0.00112481
 -0.00112753
 -0.00113161
 -0.00113682
 -0.00114279
  -0.0011492
 -0.00115565
 -0.00116173
 -0.00116714
 -0.00117149
 -0.00117457
 -0.00117622
 -0.00117632
 -0.00117492
 -0.00117206
 -0.00116797
 -0.00116289
  -0.0011571
 -0.00115097
 -0.00114488
 -0.00113913
  -0.0011341
 -0.00113007
 -0.00112723
 -0.00112578
 -0.00112576
 -0.00112718
 -0.00112992
 -0.00113384
 -0.00113868
 -0.00114418
 -0.00114998
 -0.00115579
  -0.0011613
 -0.00116614
 -0.00117009
 -0.00117294
 -0.00117455
 -0.00117484
 -0.00117381
 -0.00117158
 -0.00116826
 -0.00116407
 -0.00115926
 -0.00115415
 -0.00114897
 -0.00114409
 -0.00113972
 -0.00113613
 -0.00113351
   -0.001132
 -0.00113163
 -0.00113244
 -0.00113436
 -0.00113724
 -0.00114094
 -0.00114518
 -0.00114977
 -0.00115441
 -0.00115887
 -0.00116287
 -0.00116623
 -0.00116873
 -0.00117033
 -0.00117087
 -0.00117037
 -0.00116892
 -0.00116659
 -0.00116352
 -0.00115992
 -0.00115598
 -0.00115197
 -0.00114806
 -0.00114453
 -0.00114152
 -0.00113922
 -0.00113772
 -0.00113713
 -0.00113743
 -0.00113858
 -0.00114054
 -0.00114314
 -0.00114627
 -0.00114971
 -0.00115329
 -0.00115679
 -0.00116006
 -0.00116287
 -0.00116512
 -0.00116669
 -0.00116749
 -0.00116753
 -0.00116679
 -0.00116536
 -0.00116331
 -0.00116076
 -0.00115793
 -0.00115487
 -0.00115184
 -0.00114894
 -0.00114641
 -0.00114428
 -0.00114271
 -0.00114176
 -0.00114146
 -0.00114181
 -0.00114281
 -0.00114431
 -0.00114628
 -0.00114857
 -0.00115108
 -0.00115362
 -0.00115608
 -0.00115834
 -0.00116023
 -0.00116171
 -0.00116268
 -0.00116311
 -0.00116296
 -0.00116228
 -0.00116112
  -0.0011595
 -0.00115758
  -0.0011554
 -0.00115314
 -0.00115085
 -0.00114871
  -0.0011468
  -0.0011452
 -0.00114399
 -0.00114324
 -0.00114293
 -0.00114313
 -0.00114376
 -0.00114478
 -0.00114616
 -0.00114781
 -0.00114962
  -0.0011515
 -0.00115337
 -0.00115512
 -0.00115668
 -0.00115795
 -0.00115889
 -0.00115947
 -0.00115967
 -0.00115946
 -0.00115888
 -0.00115798
 -0.00115678
 -0.00115537
 -0.00115381
 -0.00115217
 -0.00115054
 -0.00114901
 -0.00114761
 -0.00114643
 -0.00114551
 -0.00114489
 -0.00114457
 -0.00114457
 -0.00114488
 -0.00114547
 -0.00114631
 -0.00114734
 -0.00114851
 -0.00114976
 -0.00115104
 -0.00115225
 -0.00115338
 -0.00115434
 -0.00115512
 -0.00115565
 -0.00115595
 -0.00115595
 -0.00115571
 -0.00115523
  -0.0011545
 -0.00115361
 -0.00115255
 -0.00115142
  -0.0011502
 -0.00114903
 -0.00114791
 -0.00114688
 -0.00114604
 -0.00114536
  -0.0011449
 -0.00114469
 -0.00114472
 -0.00114498
 -0.00114545
 -0.00114615
 -0.00114699
 -0.00114797
 -0.00114901
 -0.00115008
 -0.00115114
 -0.00115214
 -0.00115298
 -0.00115369
 -0.00115422
 -0.00115449
 -0.00115457
 -0.00115441
 -0.00115402
  -0.0011534
 -0.00115266
 -0.00115173
 -0.00115073
 -0.00114967
 -0.00114863
 -0.00114764
 -0.00114675
 -0.00114602
 -0.00114548
 -0.00114515
 -0.00114507
 -0.00114524
 -0.00114563
 -0.00114625
 -0.00114707
 -0.00114803
 -0.00114913
 -0.00115026
  -0.0011514
 -0.00115248
 -0.00115346
 -0.00115428
  -0.0011549
 -0.00115527
 -0.00115541
 -0.00115526
 -0.00115486
 -0.00115421
 -0.00115335
 -0.00115233
 -0.00115116
 -0.00114995
 -0.00114873
 -0.00114755
  -0.0011465
 -0.00114564
 -0.00114497
 -0.00114457
 -0.00114446
 -0.00114462
 -0.00114507
 -0.00114582
 -0.00114678
 -0.00114793
 -0.00114924
 -0.00115062
 -0.00115202
 -0.00115337
 -0.00115461
 -0.00115567
 -0.00115653
 -0.00115713
 -0.00115741
 -0.00115744
 -0.00115715
 -0.00115658
 -0.00115581
 -0.00115479
 -0.00115365
  -0.0011524
 -0.00115115
 -0.00114993
 -0.00114881
 -0.00114788
 -0.00114712
 -0.00114665
 -0.00114642
  -0.0011465
 -0.00114684
 -0.00114746
 -0.00114829
 -0.00114934
  -0.0011505
 -0.00115174
 -0.00115301
 -0.00115423
 -0.00115534
  -0.0011563
 -0.00115705
 -0.00115756
 -0.00115782
  -0.0011578
 -0.00115754
 -0.00115702
 -0.00115628
 -0.00115539
 -0.00115436
 -0.00115327
 -0.00115217
 -0.00115111
 -0.00115017
 -0.00114937
 -0.00114877
 -0.00114838
 -0.00114825
 -0.00114836
  -0.0011487
 -0.00114929
 -0.00115005
 -0.00115099
 -0.00115203
 -0.00115313
 -0.00115425
 -0.00115533
 -0.00115631
 -0.00115714
 -0.00115782
 -0.00115827
 -0.00115853
 -0.00115853
 -0.00115832
 -0.00115787
 -0.00115726
 -0.00115646
 -0.00115556
 -0.00115456
 -0.00115354
 -0.00115251
 -0.00115155
 -0.00115067
 -0.00114993
 -0.00114933
 -0.00114891
  -0.0011487
 -0.00114866
 -0.00114881
 -0.00114915
 -0.00114961
 -0.00115021
  -0.0011509
 -0.00115167
 -0.00115242
 -0.00115318
 -0.00115387
 -0.00115449
 -0.00115499
 -0.00115538
 -0.00115555
 -0.00115564
  -0.0011555
 -0.00115525
 -0.00115481
 -0.00115426
 -0.00115361
 -0.00115287
  -0.0011521
 -0.00115131
 -0.00115055
 -0.00114983
 -0.00114922
 -0.00114871
 -0.00114835
 -0.00114815
 -0.00114812
 -0.00114828
 -0.00114859
 -0.00114908
 -0.00114968
 -0.00115043
 -0.00115125
 -0.00115211
 -0.00115299
  -0.0011538
 -0.00115457
 -0.00115519
 -0.00115567
 -0.00115594
 -0.00115603
 -0.00115588
 -0.00115549
 -0.00115488
 -0.00115407
  -0.0011531
 -0.00115197
 -0.00115074
 -0.00114949
 -0.00114825
  -0.0011471
 -0.00114605
 -0.00114523
 -0.00114461
  -0.0011443
 -0.00114424
 -0.00114452
 -0.00114508
 -0.00114593
 -0.00114702
 -0.00114831
 -0.00114972
 -0.00115121
 -0.00115268
 -0.00115403
 -0.00115526
  -0.0011562
 -0.00115687
 -0.00115718
 -0.00115711
 -0.00115664
 -0.00115574
 -0.00115401
 -0.00114795
 -0.00110792
-0.000785117
-0.000766456
-0.000763208
-0.000761692
-0.000760314
-0.000758937
 -0.00075769
-0.000756608
-0.000755811
-0.000755355
-0.000755286
-0.000755636
-0.000756418
 -0.00075758
-0.000759073
-0.000760848
-0.000762756
-0.000764729
-0.000766628
-0.000768301
-0.000769664
-0.000770632
-0.000771071
-0.000770984
-0.000770315
-0.000769111
-0.000767411
-0.000765277
-0.000762867
-0.000760287
-0.000757686
-0.000755261
-0.000753117
-0.000751428
-0.000750291
-0.000749845
-0.000750063
 -0.00075102
-0.000752652
-0.000754908
 -0.00075763
-0.000760715
-0.000763962
-0.000767198
 -0.00077021
-0.000772807
-0.000774869
-0.000776169
-0.000776707
-0.000776357
-0.000775146
-0.000773127
-0.000770375
-0.000767077
-0.000763389
-0.000759512
-0.000755722
-0.000752205
-0.000749194
-0.000746894
-0.000745443
-0.000744969
-0.000745526
-0.000747071
-0.000749576
-0.000752888
-0.000756853
-0.000761227
-0.000765756
-0.000770182
-0.000774243
-0.000777651
-0.000780265
-0.000781812
-0.000782264
-0.000781522
-0.000779627
-0.000776659
-0.000772805
-0.000768245
-0.000763271
-0.000758164
-0.000753235
 -0.00074879
 -0.00074511
-0.000742453
-0.000740961
-0.000740796
-0.000741966
-0.000744458
-0.000748107
-0.000752751
-0.000758124
  -0.0007639
-0.000769755
-0.000775305
-0.000780249
-0.000784254
-0.000787063
-0.000788474
-0.000788388
-0.000786779
-0.000783725
-0.000779381
-0.000773972
 -0.00076787
-0.000761371
-0.000754894
-0.000748875
-0.000743627
-0.000739543
-0.000736872
-0.000735823
-0.000736472
-0.000738826
 -0.00074277
-0.000748104
-0.000754486
-0.000761571
-0.000768936
-0.000776117
-0.000782648
-0.000788153
-0.000792219
  -0.0007946
-0.000795094
-0.000793633
-0.000790279
 -0.00078519
-0.000778667
-0.000771046
-0.000762844
-0.000754514
 -0.00074659
 -0.00073961
-0.000733973
-0.000730133
 -0.00072832
-0.000728726
 -0.00073137
-0.000736146
-0.000742799
-0.000750932
 -0.00076013
-0.000769778
-0.000779316
-0.000788135
-0.000795642
-0.000801361
-0.000804854
-0.000805876
-0.000804273
-0.000800065
-0.000793492
-0.000784864
-0.000774681
-0.000763544
-0.000752094
-0.000741107
-0.000731206
-0.000723098
-0.000717301
-0.000714283
 -0.00071425
-0.000717328
-0.000723396
-0.000732166
-0.000743138
-0.000755701
 -0.00076909
-0.000782531
-0.000795151
-0.000806139
-0.000814754
 -0.00082041
-0.000822655
-0.000821242
-0.000816206
-0.000807673
-0.000796145
-0.000782225
-0.000766738
-0.000750562
-0.000734733
-0.000720202
-0.000707974
-0.000698822
-0.000693402
-0.000692186
-0.000695378
-0.000702856
-0.000714313
-0.000729133
-0.000746483
-0.000765353
-0.000784616
-0.000803074
-0.000819533
-0.000832922
-0.000842311
-0.000846986
-0.000846522
-0.000840786
-0.000829975
-0.000814622
-0.000795511
-0.000773767
-0.000750623
-0.000727477
-0.000705802
-0.000686939
-0.000672181
-0.000662556
-0.000658821
-0.000661371
 -0.00067026
-0.000685104
-0.000705184
-0.000729419
-0.000756413
-0.000784571
-0.000812228
-0.000837626
-0.000859134
-0.000875299
-0.000884971
 -0.00088735
-0.000882075
-0.000869249
  -0.0008494
-0.000823592
-0.000793197
 -0.00075999
 -0.00072592
-0.000693025
-0.000663423
-0.000639029
-0.000621442
-0.000612038
-0.000611558
-0.000620337
 -0.00063811
-0.000664024
-0.000696758
-0.000734465
 -0.00077499
-0.000815916
-0.000854734
-0.000889002
-0.000916465
-0.000935243
-0.000943924
-0.000941657
-0.000928318
-0.000904321
-0.000870894
 -0.00082979
-0.000783288
-0.000734144
-0.000685256
-0.000639626
-0.000600208
-0.000569552
-0.000549816
-0.000542521
-0.000548506
-0.000567747
-0.000599482
-0.000642117
-0.000693343
-0.000750289
-0.000809587
-0.000867713
-0.000921037
-0.000966168
 -0.00100007
 -0.00102041
 -0.00102547
 -0.00101455
-0.000987846
 -0.00094654
-0.000892763
 -0.00082944
-0.000760167
-0.000689073
-0.000620397
-0.000558481
-0.000507268
-0.000470232
-0.000450042
-0.000448419
-0.000465984
-0.000502229
-0.000555461
-0.000622905
-0.000700817
-0.000784757
-0.000869741
-0.000950585
 -0.00102225
 -0.00108006
  -0.0011201
 -0.00113942
 -0.00113623
  -0.0011101
 -0.00106198
-0.000994196
-0.000910345
-0.000815068
-0.000713952
-0.000612922
 -0.00051823
-0.000435868
-0.000371143
-0.000328576
-0.000311409
-0.000321373
-0.000358648
-0.000421745
 -0.00050753
-0.000611393
-0.000727529
-0.000849181
-0.000969083
 -0.00107986
 -0.00117451
  -0.0012468
 -0.00129168
 -0.00130563
 -0.00128697
 -0.00123587
 -0.00115454
 -0.00104706
-0.000919271
-0.000778325
-0.000632432
-0.000490305
-0.000360665
-0.000251709
-0.000170649
-0.000123106
-0.000112922
-0.000141714
 -0.00020882
-0.000311244
-0.000443791
 -0.00059929
-0.000769083
-0.000943349
 -0.00111189
 -0.00126452
 -0.00139187
 -0.00148587
 -0.00154029
 -0.00155121
 -0.00151729
 -0.00143986
 -0.00132301
  -0.0011733
-0.000999505
-0.000812007
-0.000622319
-0.000442368
-0.000283716
-0.000156838
-7.06118e-05
-3.14235e-05
-4.30314e-05
 -0.00010594
-0.000216708
-0.000360735
-0.000439301
 0.000465878
   0.0115033
    0.124708
     30.5261
