   0.0338745
   0.0301556
   0.0259245
   0.0207934
   0.0144135
  0.00659247
 -0.00254771
  -0.0124359
  -0.0220273
  -0.0299559
  -0.0348697
  -0.0358671
  -0.0328824
  -0.0268556
  -0.0195724
  -0.0131855
 -0.00955488
 -0.00964096
  -0.0131841
  -0.0188107
  -0.0245412
  -0.0285097
  -0.0296146
  -0.0278437
  -0.0241604
  -0.0200284
  -0.0168062
   -0.015281
  -0.0155168
  -0.0170239
  -0.0191049
   -0.021173
  -0.0228992
  -0.0241613
  -0.0248881
  -0.0249356
  -0.0240969
  -0.0222539
  -0.0195848
  -0.0166882
  -0.0145092
   -0.014041
  -0.0158912
  -0.0198943
  -0.0249734
  -0.0293761
  -0.0312628
  -0.0294584
  -0.0240692
  -0.0166695
 -0.00990193
  -0.0065588
 -0.00844847
  -0.0154945
  -0.0254846
  -0.0346844
  -0.0391984
  -0.0366124
   -0.027249
  -0.0144066
 -0.00328461
   0.0011355
 -0.00358053
   -0.015906
  -0.0307214
  -0.0415166
  -0.0434588
  -0.0357549
   -0.022019
 -0.00844147
-0.000780975
 -0.00178416
  -0.0102604
  -0.0220471
  -0.0321418
  -0.0368659
   -0.035126
  -0.0284251
  -0.0198642
  -0.0127279
 -0.00928005
  -0.0101623
  -0.0144759
  -0.0203561
  -0.0257263
  -0.0289582
   -0.029271
  -0.0268406
  -0.0226545
  -0.0181771
  -0.0148988
  -0.0138643
  -0.0153128
  -0.0185822
  -0.0223561
  -0.0251966
  -0.0261429
  -0.0250895
  -0.0227476
  -0.0202232
  -0.0184565
  -0.0178412
  -0.0181994
  -0.0190545
  -0.0199779
  -0.0207889
  -0.0215244
  -0.0222616
  -0.0229471
  -0.0233491
  -0.0231592
  -0.0221783
  -0.0204857
  -0.0185018
     -0.0169
  -0.0163826
  -0.0173904
  -0.0198559
  -0.0231145
  -0.0260482
  -0.0274555
   -0.026535
  -0.0232948
  -0.0186901
  -0.0143755
  -0.0121117
   -0.013038
  -0.0171124
  -0.0229933
  -0.0284702
  -0.0313113
  -0.0301982
  -0.0253417
  -0.0184924
  -0.0122973
 -0.00925023
  -0.0106609
  -0.0160827
  -0.0234503
  -0.0298838
  -0.0328369
  -0.0311236
  -0.0254013
  -0.0179155
   -0.011609
  -0.0089506
  -0.0109579
  -0.0167998
  -0.0241373
  -0.0300644
  -0.0322674
  -0.0299406
  -0.0240885
     -0.0171
  -0.0117694
  -0.0101677
  -0.0128244
  -0.0185487
  -0.0249556
  -0.0294663
  -0.0303611
  -0.0274487
  -0.0220826
   -0.016542
  -0.0130532
  -0.0128807
  -0.0158614
  -0.0205628
   -0.024959
  -0.0273134
  -0.0268762
  -0.0241118
  -0.0203928
  -0.0173344
  -0.0160876
  -0.0169035
  -0.0191347
  -0.0216273
  -0.0232926
  -0.0235783
  -0.0226437
  -0.0211854
  -0.0200321
  -0.0197171
  -0.0202353
  -0.0210941
  -0.0216212
  -0.0213648
  -0.0203765
  -0.0192176
  -0.0186695
  -0.0192869
  -0.0210291
   -0.023184
  -0.0246572
  -0.0245142
  -0.0225096
  -0.0193227
  -0.0163405
  -0.0150513
  -0.0163132
  -0.0198542
  -0.0242731
  -0.0275915
  -0.0281396
  -0.0253817
  -0.0202771
  -0.0149694
  -0.0118853
  -0.0126283
  -0.0171651
  -0.0237155
   -0.029446
  -0.0317008
  -0.0292317
  -0.0228551
   -0.015196
 -0.00959408
 -0.00863105
  -0.0129408
  -0.0208549
  -0.0290677
  -0.0340508
  -0.0335902
  -0.0277698
  -0.0189581
  -0.0108068
 -0.00669874
 -0.00832542
  -0.0149965
  -0.0239617
  -0.0315816
  -0.0348354
  -0.0325291
    -0.02572
  -0.0172155
  -0.0103893
 -0.00782182
  -0.0103201
  -0.0166868
  -0.0242936
  -0.0301826
  -0.0322333
  -0.0299271
  -0.0244359
   -0.018047
  -0.0131992
  -0.0115385
  -0.0133657
  -0.0176541
  -0.0225813
  -0.0263092
  -0.0276814
   -0.026565
  -0.0237465
  -0.0204796
  -0.0179226
  -0.0167184
  -0.0168752
  -0.0179485
  -0.0193769
  -0.0207737
  -0.0220206
  -0.0231464
   -0.024101
  -0.0246084
  -0.0242264
  -0.0226181
  -0.0198853
  -0.0167478
  -0.0144018
  -0.0140546
  -0.0163236
  -0.0207969
  -0.0260104
  -0.0299256
  -0.0307437
  -0.0277244
  -0.0216371
  -0.0146093
 -0.00937756
 -0.00820619
  -0.0119059
  -0.0193764
  -0.0279101
  -0.0341909
   -0.035611
  -0.0313726
  -0.0228969
  -0.0133389
 -0.00637649
 -0.00475727
 -0.00919504
  -0.0180689
  -0.0280473
  -0.0353793
  -0.0373329
  -0.0332183
   -0.024609
  -0.0147105
 -0.00713874
 -0.00459184
 -0.00789748
  -0.0157669
  -0.0253099
  -0.0331024
  -0.0364096
  -0.0341396
  -0.0271996
  -0.0181421
  -0.0102314
 -0.00626772
 -0.00758372
  -0.0135836
   -0.021989
  -0.0297048
   -0.033976
  -0.0333952
  -0.0283784
   -0.020939
   -0.013867
 -0.00965685
 -0.00960899
  -0.0134405
  -0.0195184
  -0.0255694
  -0.0295513
   -0.030341
   -0.028004
  -0.0236121
  -0.0187468
   -0.014922
  -0.0131417
  -0.0137061
  -0.0162573
  -0.0199796
  -0.0238471
  -0.0268518
  -0.0281953
  -0.0274523
  -0.0247035
  -0.0205958
  -0.0162659
  -0.0130804
  -0.0122196
   -0.014222
   -0.018673
  -0.0242097
  -0.0289121
  -0.0309855
  -0.0294884
  -0.0247912
  -0.0185297
  -0.0130162
  -0.0103213
  -0.0114176
  -0.0157831
  -0.0216641
  -0.0268781
  -0.0297491
  -0.0296968
  -0.0272073
  -0.0233061
  -0.0189759
  -0.0149447
  -0.0119098
  -0.0108149
  -0.0126883
  -0.0179237
   -0.025477
  -0.0327162
  -0.0363307
  -0.0339725
  -0.0257279
   -0.014495
 -0.00492477
 -0.00135797
 -0.00575809
  -0.0166601
  -0.0296766
  -0.0393602
  -0.0415812
  -0.0353462
  -0.0232395
  -0.0102966
 -0.00182927
 -0.00117228
 -0.00833901
  -0.0201371
  -0.0316365
  -0.0382958
  -0.0378001
  -0.0308515
  -0.0206507
  -0.0113963
  -0.0065141
 -0.00738158
  -0.0130203
  -0.0207701
  -0.0275454
  -0.0310781
  -0.0306466
  -0.0270743
  -0.0221302
  -0.0176803
  -0.0149931
  -0.0144415
  -0.0156361
  -0.0178114
  -0.0202304
  -0.0224091
  -0.0241161
  -0.0252261
  -0.0255776
  -0.0249574
  -0.0232312
  -0.0205419
  -0.0174388
   -0.014824
  -0.0136904
  -0.0147345
  -0.0179999
   -0.022719
   -0.027452
  -0.0305143
  -0.0305689
  -0.0271771
  -0.0210985
  -0.0141892
 -0.00887494
 -0.00732775
  -0.0106071
  -0.0180877
  -0.0274469
  -0.0353152
   -0.038451
  -0.0350535
  -0.0257034
  -0.0134724
 -0.00301011
  0.00117924
  -0.0033242
  -0.0155147
  -0.0309237
  -0.0431509
  -0.0465404
   -0.038921
  -0.0230417
 -0.00572801
  0.00514792
  0.00451701
 -0.00726836
  -0.0245776
  -0.0393868
  -0.0452857
  -0.0404082
  -0.0278631
  -0.0137519
 -0.00408266
 -0.00219902
  -0.0077867
   -0.017591
  -0.0272132
  -0.0330405
   -0.033513
  -0.0293572
  -0.0228946
   -0.016869
   -0.013335
  -0.0130249
  -0.0153475
  -0.0188984
  -0.0221782
  -0.0241883
  -0.0246831
  -0.0240448
  -0.0229198
  -0.0218336
  -0.0209797
  -0.0202551
  -0.0194771
  -0.0186257
  -0.0179544
  -0.0178955
  -0.0188033
  -0.0206823
  -0.0230571
  -0.0250813
  -0.0258621
  -0.0248662
   -0.022219
  -0.0187466
  -0.0157144
  -0.0143505
  -0.0153395
  -0.0184943
  -0.0227568
  -0.0265504
  -0.0283662
  -0.0273708
  -0.0237863
  -0.0188798
  -0.0145256
  -0.0124869
  -0.0136898
  -0.0177908
  -0.0232436
  -0.0278763
  -0.0297675
  -0.0280624
  -0.0233756
  -0.0175844
  -0.0130711
  -0.0117263
  -0.0141346
  -0.0193064
  -0.0250837
  -0.0290554
  -0.0295844
  -0.0264994
  -0.0211505
  -0.0158071
  -0.0126769
  -0.0129742
  -0.0164459
  -0.0215378
  -0.0261029
   -0.028325
   -0.027449
  -0.0240246
  -0.0195918
  -0.0159804
   -0.014545
   -0.015657
   -0.018642
  -0.0221498
  -0.0247654
  -0.0255844
  -0.0245204
   -0.022241
  -0.0197986
  -0.0181482
  -0.0177704
  -0.0185557
  -0.0199612
  -0.0213287
  -0.0221854
  -0.0223884
  -0.0220816
  -0.0215342
  -0.0209825
  -0.0205532
  -0.0202787
  -0.0201528
   -0.020168
  -0.0203181
   -0.020577
  -0.0208866
  -0.0211679
    -0.02135
  -0.0213935
  -0.0213004
  -0.0211028
  -0.0208475
   -0.020583
  -0.0203568
  -0.0202175
  -0.0202159
  -0.0203945
  -0.0207649
  -0.0212766
  -0.0217958
   -0.022113
   -0.022007
  -0.0213544
  -0.0202506
  -0.0190602
  -0.0183313
  -0.0185623
   -0.019914
  -0.0220212
  -0.0240474
  -0.0250099
  -0.0242507
  -0.0218225
   -0.018578
  -0.0158744
  -0.0149994
  -0.0165637
  -0.0201481
  -0.0243901
  -0.0275068
  -0.0280525
  -0.0255861
  -0.0209419
  -0.0159558
  -0.0127287
  -0.0127277
  -0.0161114
   -0.021595
   -0.026942
  -0.0298953
  -0.0291517
  -0.0249513
   -0.019007
  -0.0137913
  -0.0114834
  -0.0130377
  -0.0177797
  -0.0237073
  -0.0283552
  -0.0298412
  -0.0276401
  -0.0227592
  -0.0172678
  -0.0134015
  -0.0126401
   -0.015144
  -0.0197602
  -0.0245628
  -0.0276691
  -0.0279802
  -0.0255587
  -0.0215151
  -0.0174974
  -0.0150133
  -0.0148656
  -0.0169079
  -0.0201858
  -0.0233737
   -0.025317
  -0.0254557
  -0.0239772
  -0.0216549
   -0.019465
  -0.0181629
  -0.0180028
  -0.0187181
  -0.0197477
  -0.0205775
  -0.0210111
  -0.0212264
  -0.0215896
  -0.0223372
  -0.0233172
  -0.0239659
  -0.0235721
  -0.0217211
  -0.0186823
  -0.0155017
  -0.0136711
  -0.0144691
  -0.0182479
  -0.0240284
  -0.0296679
  -0.0326291
   -0.031085
  -0.0248956
  -0.0159736
 -0.00776925
 -0.00396821
 -0.00687292
  -0.0161524
  -0.0285906
  -0.0391113
  -0.0428165
  -0.0372655
  -0.0239547
 -0.00814749
  0.00315918
  0.00442103
 -0.00557748
   -0.022739
  -0.0393421
  -0.0477462
  -0.0441973
   -0.030637
  -0.0135425
-0.000559171
  0.00313537
 -0.00311858
  -0.0157537
  -0.0290714
  -0.0378758
  -0.0394311
  -0.0340981
  -0.0246851
  -0.0150287
 -0.00848018
 -0.00683895
  -0.0100084
  -0.0163361
   -0.023393
  -0.0288579
  -0.0312201
  -0.0301201
  -0.0262972
  -0.0212217
  -0.0165608
  -0.0136571
  -0.0131627
  -0.0149306
  -0.0181644
  -0.0217568
  -0.0246778
  -0.0262715
  -0.0263652
  -0.0251875
  -0.0231738
  -0.0207795
  -0.0183959
  -0.0163821
  -0.0151389
  -0.0151148
  -0.0166673
  -0.0198054
  -0.0239532
  -0.0279126
  -0.0301544
  -0.0294005
  -0.0252851
  -0.0187712
   -0.012044
 -0.00780207
 -0.00816306
  -0.0136246
  -0.0225886
  -0.0317595
  -0.0373642
  -0.0367424
  -0.0296221
  -0.0184643
 -0.00762783
 -0.00162454
 -0.00318034
   -0.011961
  -0.0245721
  -0.0359006
  -0.0412556
  -0.0383826
  -0.0284569
   -0.015596
 -0.00509647
 -0.00117274
 -0.00519443
  -0.0151952
  -0.0268354
   -0.035354
  -0.0376062
  -0.0332746
  -0.0247558
  -0.0158557
 -0.00999037
 -0.00878877
  -0.0117321
  -0.0168733
  -0.0220747
  -0.0259742
  -0.0281707
  -0.0287436
  -0.0276961
  -0.0248855
  -0.0204803
   -0.015462
  -0.0115876
  -0.0106576
  -0.0135026
  -0.0193502
  -0.0260169
  -0.0308514
  -0.0319292
  -0.0288884
  -0.0230232
  -0.0166531
  -0.0121175
  -0.0108706
  -0.0130402
  -0.0175565
  -0.0227058
  -0.0268144
    -0.02878
  -0.0282945
  -0.0257644
  -0.0220497
  -0.0181727
  -0.0150893
  -0.0135422
  -0.0139572
   -0.016344
  -0.0202181
  -0.0246042
  -0.0282023
  -0.0297382
  -0.0284238
  -0.0243556
  -0.0186527
   -0.013203
  -0.0100459
  -0.0105862
  -0.0149576
  -0.0218267
  -0.0287761
  -0.0331688
   -0.033176
  -0.0285529
  -0.0208287
  -0.0127952
 -0.00747676
 -0.00696774
  -0.0116028
  -0.0197864
  -0.0285586
  -0.0346833
  -0.0358493
  -0.0315364
  -0.0232276
  -0.0138911
 -0.00691827
 -0.00489623
 -0.00865269
   -0.016919
  -0.0267483
  -0.0345579
  -0.0374365
   -0.034244
  -0.0260831
  -0.0159368
  -0.0075784
 -0.00414575
 -0.00692784
  -0.0148499
  -0.0248773
  -0.0331971
  -0.0367076
  -0.0342169
   -0.026866
  -0.0176153
  -0.0100235
 -0.00683745
 -0.00897006
  -0.0152613
  -0.0230706
  -0.0294055
  -0.0320941
  -0.0305308
  -0.0257433
  -0.0198224
  -0.0150088
  -0.0128342
  -0.0136483
  -0.0166694
  -0.0204709
  -0.0236447
  -0.0253321
  -0.0254187
  -0.0243624
  -0.0228119
  -0.0212519
  -0.0198634
  -0.0186321
  -0.0175864
  -0.0169693
  -0.0172002
  -0.0186226
  -0.0211822
  -0.0242437
  -0.0267033
  -0.0274022
  -0.0256774
  -0.0217861
  -0.0169684
  -0.0130607
  -0.0117782
  -0.0139559
  -0.0190824
  -0.0253693
  -0.0303741
  -0.0319642
  -0.0292325
  -0.0229736
  -0.0154815
 -0.00970399
 -0.00806875
  -0.0114497
  -0.0187214
  -0.0271197
  -0.0333012
  -0.0346944
  -0.0305885
   -0.022493
  -0.0135891
 -0.00746492
 -0.00664382
  -0.0115158
  -0.0201368
  -0.0290031
  -0.0344961
  -0.0343949
  -0.0288096
  -0.0201287
  -0.0119935
 -0.00774219
 -0.00900075
   -0.015033
  -0.0231238
  -0.0298078
  -0.0323811
  -0.0300227
  -0.0240488
  -0.0172234
  -0.0124787
  -0.0116418
  -0.0147267
  -0.0200702
   -0.025189
  -0.0279258
  -0.0273569
  -0.0240778
  -0.0197956
  -0.0164709
  -0.0154303
  -0.0168497
   -0.019801
  -0.0227894
  -0.0244896
  -0.0243274
  -0.0226543
  -0.0204732
  -0.0188841
  -0.0185433
  -0.0193932
   -0.020775
  -0.0218379
   -0.022012
  -0.0212985
  -0.0202349
  -0.0195673
  -0.0198148
   -0.020958
  -0.0224204
  -0.0233526
  -0.0230801
  -0.0214908
  -0.0191628
  -0.0171536
  -0.0165286
  -0.0178341
   -0.020764
  -0.0241959
  -0.0266188
  -0.0267953
  -0.0243666
  -0.0201145
  -0.0157229
  -0.0131018
  -0.0135518
  -0.0171337
  -0.0225496
  -0.0276172
  -0.0301657
  -0.0289738
  -0.0243456
  -0.0180497
  -0.0126313
  -0.0103659
  -0.0122953
  -0.0177572
  -0.0246166
  -0.0301168
  -0.0320013
   -0.029445
  -0.0234092
  -0.0162691
  -0.0108659
 -0.00936538
  -0.0123865
  -0.0187504
  -0.0259485
  -0.0311426
  -0.0322915
  -0.0289587
  -0.0224774
  -0.0154111
  -0.0105288
 -0.00970859
   -0.013204
  -0.0195709
  -0.0262703
     -0.0307
  -0.0312242
  -0.0277894
  -0.0218836
    -0.01588
  -0.0120578
  -0.0117161
   -0.014735
  -0.0197312
  -0.0247005
  -0.0278415
   -0.028217
   -0.026005
  -0.0222922
  -0.0185518
  -0.0160543
  -0.0154455
  -0.0166251
  -0.0189155
  -0.0214027
   -0.023293
  -0.0241509
  -0.0239606
  -0.0230278
  -0.0217898
  -0.0206249
  -0.0197351
  -0.0191408
  -0.0187739
  -0.0186114
  -0.0187626
  -0.0194347
  -0.0207668
  -0.0226144
  -0.0244341
  -0.0254063
  -0.0248058
  -0.0224538
  -0.0189794
  -0.0156825
  -0.0140031
  -0.0148538
  -0.0181529
  -0.0227984
  -0.0270844
  -0.0293562
  -0.0286287
   -0.024952
  -0.0194314
  -0.0139117
  -0.0104144
  -0.0104592
  -0.0144559
    -0.02138
  -0.0289255
  -0.0341893
  -0.0347458
  -0.0297356
  -0.0204961
  -0.0103502
 -0.00347582
 -0.00319506
  -0.0103661
  -0.0226485
  -0.0351469
  -0.0423568
  -0.0406754
   -0.030301
  -0.0154666
 -0.00267194
  0.00234864
 -0.00259232
  -0.0151001
  -0.0294577
   -0.039456
  -0.0412476
  -0.0348187
  -0.0235522
  -0.0123766
 -0.00555406
 -0.00510422
  -0.0103797
  -0.0187264
  -0.0267712
  -0.0317436
  -0.0323587
  -0.0290284
  -0.0234517
  -0.0178254
  -0.0140131
  -0.0129624
   -0.014537
  -0.0177531
  -0.0212765
  -0.0239556
  -0.0251881
  -0.0250077
  -0.0239048
  -0.0224981
  -0.0212278
  -0.0202104
  -0.0193082
  -0.0183573
  -0.0174138
  -0.0168613
  -0.0172835
  -0.0191277
   -0.022314
  -0.0260162
  -0.0288002
  -0.0291556
  -0.0262356
  -0.0204629
  -0.0136482
 -0.00845455
  -0.0073512
  -0.0114799
  -0.0199515
  -0.0299473
  -0.0376634
  -0.0397704
  -0.0348124
  -0.0239611
  -0.0107738
  1.2255e-05
  0.00421132
-0.000217109
   -0.012351
  -0.0286037
  -0.0440189
  -0.0540396
  -0.0560231
  -0.0499209
  -0.0379128
  -0.0232696
 -0.00903446
    0.816929
     552.404
