 1.74032e-08
 -2.0143e-10
 7.27026e-10
 1.60131e-10
-3.85005e-11
 6.72574e-11
 7.34055e-11
 3.31878e-12
  2.1744e-10
 1.76921e-11
 4.70474e-12
-1.32819e-10
-3.29076e-10
-5.09604e-11
 2.82406e-10
-6.37813e-11
 6.64699e-11
-4.59265e-12
-4.23262e-12
-3.36616e-10
-1.11246e-10
-2.99752e-11
 3.16732e-11
 1.76367e-11
-3.14857e-10
-1.84832e-12
 3.23467e-11
 5.10252e-12
 8.11841e-11
-2.68515e-10
-4.34736e-12
 4.04785e-11
 1.86873e-11
-6.38073e-12
-5.67165e-12
-2.37068e-11
  3.6261e-11
 2.43095e-11
-8.22638e-12
 4.34051e-11
-1.55267e-11
-1.83695e-11
-6.23038e-11
-3.98879e-12
 6.64147e-11
 2.65071e-12
-5.89314e-12
-1.03302e-11
 -5.8576e-12
-1.96722e-11
-1.73589e-11
  3.5865e-11
-2.97663e-11
 7.77439e-12
 -3.4953e-12
-2.33394e-13
-2.88681e-11
 5.64234e-12
-2.74099e-11
 1.62127e-11
-2.03246e-11
-7.66659e-13
-5.03111e-11
-3.85036e-12
-1.06754e-11
 1.09818e-11
-9.32572e-12
 2.72151e-11
-6.85621e-12
-3.50862e-11
 1.56286e-11
 3.41938e-11
-3.79503e-11
   2.364e-11
 1.11944e-11
-1.04733e-11
  6.0693e-12
 -9.4107e-12
 1.67648e-11
-1.70803e-11
-1.03986e-11
-2.87464e-12
-2.73789e-12
-2.31153e-11
-4.93759e-12
-6.69321e-12
-2.46782e-12
-2.03077e-12
 6.62819e-13
 3.26921e-11
-3.76411e-11
-1.17265e-11
 2.65562e-12
 -9.3527e-12
-8.75069e-12
-2.76159e-12
 3.76001e-12
-5.54975e-12
-7.74457e-12
-2.05572e-11
-1.46236e-11
-3.37922e-12
-1.38092e-11
-5.81525e-12
 -1.3348e-11
-5.55639e-12
-3.95225e-11
 2.67779e-11
 -5.7615e-12
-6.90705e-12
-6.85259e-12
-5.50153e-12
-7.06173e-12
-6.16011e-12
-6.97492e-12
 -6.7365e-12
-7.26373e-12
-7.34233e-12
-6.51319e-12
 -1.0229e-11
-8.21542e-12
-8.35403e-12
-8.56083e-12
-8.89065e-12
-9.06655e-12
 -8.4354e-12
-9.40677e-12
-9.55888e-12
-9.71251e-12
-9.22141e-12
-1.03971e-11
-1.78159e-11
-1.14043e-11
-1.03227e-11
-1.09497e-11
-1.11963e-11
-1.18566e-11
-1.16215e-11
 -1.1538e-11
-1.16134e-11
  -1.233e-11
-1.28363e-11
-1.37148e-11
-1.31343e-11
-1.39526e-11
-1.36442e-11
-1.39869e-11
-1.44848e-11
-1.48075e-11
-1.49449e-11
-1.51224e-11
-2.39805e-11
-1.59393e-11
-1.56481e-11
-1.59036e-11
-1.69504e-11
-1.70932e-11
-1.76018e-11
-1.79179e-11
-1.79538e-11
-1.83595e-11
  -1.888e-11
-1.98206e-11
-1.95216e-11
-2.02209e-11
-2.04297e-11
  2.9466e-11
-2.12848e-11
-2.19082e-11
-2.21991e-11
-2.26745e-11
-2.31056e-11
-2.35411e-11
-2.44084e-11
-2.45581e-11
-2.50393e-11
-2.55474e-11
-2.60778e-11
-2.65832e-11
-2.71496e-11
-2.77053e-11
-6.08189e-11
-2.87741e-11
-2.94302e-11
-3.00404e-11
-3.07151e-11
-3.13013e-11
-3.19462e-11
-3.25186e-11
-3.32858e-11
-3.39026e-11
-3.46408e-11
-3.53484e-11
-3.60438e-11
-3.67948e-11
-3.89701e-11
-3.82844e-11
  -3.908e-11
 -3.9875e-11
-4.07178e-11
-4.15128e-11
-4.23521e-11
-4.32464e-11
-4.41678e-11
-4.50124e-11
-4.59306e-11
-5.56921e-11
-4.78056e-11
-4.87824e-11
-4.97599e-11
-5.08013e-11
-5.18616e-11
-5.29186e-11
-5.39516e-11
-5.50652e-11
-5.60668e-11
-5.73679e-11
-5.85317e-11
-6.59169e-12
-6.09445e-11
-6.21936e-11
-6.34547e-11
-6.47537e-11
 -6.6076e-11
 -6.7396e-11
-6.88051e-11
-7.02053e-11
-7.16361e-11
-7.30993e-11
 -7.4594e-11
-8.22467e-11
-7.76689e-11
-7.92554e-11
-8.08721e-11
-8.25216e-11
-8.42021e-11
-8.59254e-11
-8.86377e-11
-8.94636e-11
-9.12871e-11
-9.31511e-11
-9.50534e-11
-9.69974e-11
 3.94506e-10
-1.00985e-10
-1.03056e-10
 -1.0516e-10
-1.07307e-10
-1.09491e-10
-1.11725e-10
   -1.14e-10
 -1.1634e-10
-1.18716e-10
-1.21136e-10
-1.23609e-10
-1.19492e-10
-1.28701e-10
 -1.3133e-10
-1.34008e-10
-1.36742e-10
-1.39538e-10
-1.42383e-10
-1.45291e-10
-1.48235e-10
-1.51277e-10
-4.29294e-10
 -1.5751e-10
-1.60729e-10
-1.64011e-10
-1.67359e-10
-1.70796e-10
-1.74256e-10
-1.77811e-10
-1.81445e-10
-1.85144e-10
-1.82693e-10
 -1.9278e-10
-1.96717e-10
-2.00729e-10
-2.04827e-10
-2.09003e-10
-2.13279e-10
-2.17621e-10
-2.22064e-10
-2.26596e-10
-3.35775e-10
-2.35928e-10
-2.40765e-10
-2.45677e-10
-2.50694e-10
-2.55806e-10
-2.61309e-10
-2.66345e-10
 -2.7178e-10
-2.77328e-10
-2.82987e-10
-2.88753e-10
-3.69528e-10
-3.00673e-10
 -3.0682e-10
-3.13082e-10
-3.19463e-10
-3.25975e-10
 -3.3253e-10
-3.39398e-10
-3.46334e-10
-3.53422e-10
-3.60649e-10
   -3.68e-10
-1.10463e-09
 -3.8317e-10
-3.90984e-10
 -3.9894e-10
-4.07095e-10
-4.15397e-10
-4.23885e-10
-4.32531e-10
-4.28674e-10
-4.50386e-10
-4.59566e-10
-4.68943e-10
-4.78427e-10
-4.88265e-10
-4.98223e-10
-5.08398e-10
-5.18775e-10
-1.77341e-09
-5.40179e-10
-5.51212e-10
-5.62443e-10
-5.73923e-10
-5.85202e-10
-5.97586e-10
-6.09781e-10
-6.22228e-10
-5.70413e-10
-6.47902e-10
-6.61109e-10
-6.74596e-10
-6.88379e-10
-7.02443e-10
 -7.1675e-10
-7.31386e-10
-7.46307e-10
-7.61545e-10
 3.64564e-09
 -7.9293e-10
-8.09137e-10
-8.25635e-10
-8.42485e-10
-8.61791e-10
-8.77213e-10
-8.95138e-10
-9.13432e-10
-9.32035e-10
-9.51054e-10
-1.12608e-09
-9.90258e-10
-1.01045e-09
-1.03112e-09
-1.05216e-09
-1.07444e-09
-1.09556e-09
-1.11793e-09
-1.14076e-09
-1.16403e-09
 -8.9136e-10
-1.21197e-09
-1.23668e-09
-1.26181e-09
-1.28764e-09
-1.31392e-09
-1.34078e-09
-1.37197e-09
-1.39874e-09
    0.996929
  0.00125056
 4.11254e-05
 4.63398e-05
 4.19546e-05
 2.66032e-05
 4.25562e-06
-1.81188e-05
-3.34272e-05
-3.68254e-05
-2.77713e-05
-1.01282e-05
  9.3883e-06
 2.37106e-05
 2.82085e-05
 2.20425e-05
 8.48077e-06
-6.80269e-06
-1.79078e-05
-2.11859e-05
-1.61018e-05
 -5.6503e-06
 5.61059e-06
 1.31314e-05
 1.44733e-05
 9.97626e-06
 2.36188e-06
-4.72792e-06
-8.44258e-06
-7.83917e-06
-4.00687e-06
 6.27747e-07
 3.72013e-06
 4.01702e-06
 1.84379e-06
-1.19303e-06
-3.16249e-06
-2.84547e-06
-2.92057e-07
 3.18022e-06
 5.61862e-06
 5.46037e-06
 2.29918e-06
-2.72169e-06
-7.44479e-06
 -9.5231e-06
 -7.6131e-06
-1.96737e-06
 5.31023e-06
  1.1261e-05
 1.30655e-05
 9.48186e-06
 1.42835e-06
-8.06876e-06
-1.51031e-05
-1.63552e-05
-1.06854e-05
 1.83759e-07
 1.19587e-05
  1.9532e-05
 1.90612e-05
 1.00031e-05
-4.23292e-06
-1.74677e-05
-2.34327e-05
 -1.8973e-05
-5.83131e-06
 1.00987e-05
 2.13746e-05
 2.30143e-05
 1.45981e-05
 3.72883e-07
-1.30662e-05
-2.00715e-05
-1.82639e-05
-9.29982e-06
 2.51242e-06
 1.19712e-05
 1.57408e-05
 1.29495e-05
 5.62554e-06
 -2.8528e-06
-9.05818e-06
-1.10377e-05
-8.68117e-06
-3.59684e-06
 1.96215e-06
 5.95896e-06
 7.26429e-06
 5.88815e-06
  2.7228e-06
-9.68764e-07
-3.79104e-06
-4.88615e-06
-3.97728e-06
-1.55199e-06
 1.26455e-06
 3.17918e-06
 3.28847e-06
 1.64073e-06
-8.14573e-07
-2.62473e-06
-2.68837e-06
-9.66811e-07
 1.59997e-06
 3.48518e-06
 3.50121e-06
 1.46868e-06
-1.69527e-06
-4.46176e-06
-5.35143e-06
-3.76033e-06
-1.93488e-07
 3.88264e-06
 6.69661e-06
 6.88718e-06
 4.14529e-06
-5.84395e-07
-5.49939e-06
-8.51438e-06
-8.22754e-06
-4.57505e-06
 1.24847e-06
  6.9107e-06
 1.00918e-05
 9.34514e-06
 4.71342e-06
-2.02933e-06
-8.23475e-06
-1.13341e-05
-9.92001e-06
-4.41791e-06
 2.98941e-06
 9.37079e-06
 1.20768e-05
 9.95614e-06
 3.83324e-06
-3.87639e-06
-1.00111e-05
-1.21645e-05
-9.41978e-06
-2.94729e-06
 4.66306e-06
 1.03305e-05
 1.17967e-05
 8.50093e-06
 1.82454e-06
-5.49486e-06
-1.05089e-05
-1.12081e-05
-7.32986e-06
-5.63222e-07
 6.36006e-06
 1.05914e-05
 1.04422e-05
  6.0788e-06
-6.50688e-07
-6.92654e-06
-1.01899e-05
-9.20452e-06
-4.51947e-06
 1.77715e-06
 7.02296e-06
 9.06441e-06
 7.24348e-06
 2.52409e-06
-2.92307e-06
-6.75589e-06
-7.42381e-06
-4.88734e-06
-4.31036e-07
 3.81966e-06
 6.05608e-06
 5.45496e-06
 2.46951e-06
 -1.3102e-06
-4.17622e-06
-4.90142e-06
-3.32336e-06
-3.77333e-07
 2.46424e-06
 3.92233e-06
 3.37681e-06
 1.21124e-06
-1.41792e-06
-3.21586e-06
-3.36467e-06
-1.74031e-06
   7.167e-07
 2.85248e-06
 3.49512e-06
 2.31412e-06
-1.12952e-07
 -2.5839e-06
-3.78404e-06
-3.04763e-06
-6.26815e-07
 2.26766e-06
 4.16471e-06
 3.98785e-06
 1.65045e-06
-1.77213e-06
-4.61373e-06
-5.36109e-06
-3.40049e-06
 5.13827e-07
 4.57916e-06
 6.77705e-06
 5.79893e-06
 1.80424e-06
-3.49606e-06
-7.68157e-06
-8.55354e-06
-5.43693e-06
 5.70273e-07
 6.84946e-06
  1.0471e-05
 9.53909e-06
 4.17334e-06
-3.47697e-06
-1.00639e-05
 -1.2522e-05
-9.60755e-06
-2.30836e-06
 6.26141e-06
 1.24471e-05
 1.34662e-05
 8.74239e-06
 1.88484e-07
-8.58751e-06
-1.39363e-05
-1.35073e-05
-7.45056e-06
  1.7112e-06
 1.01964e-05
  1.4487e-05
 1.28459e-05
 5.95266e-06
-3.34901e-06
-1.11997e-05
-1.44729e-05
-1.18663e-05
-4.54371e-06
 4.45037e-06
 1.14987e-05
 1.38091e-05
  1.0593e-05
 3.31293e-06
-5.03875e-06
-1.10628e-05
-1.25274e-05
-9.06879e-06
-2.25847e-06
 5.01379e-06
 9.86565e-06
 1.05972e-05
 7.18857e-06
 1.33061e-06
-4.47464e-06
-7.97203e-06
  -7.998e-06
-5.02799e-06
 -5.8497e-07
 3.32518e-06
 5.30439e-06
 4.84197e-06
 2.73219e-06
  1.9245e-07
-1.56375e-06
-2.02002e-06
-1.44375e-06
 -6.2522e-07
-2.95364e-07
-7.34073e-07
-1.51625e-06
-1.89008e-06
-1.20259e-06
 7.28518e-07
 3.19212e-06
 5.02537e-06
 5.08272e-06
 2.80966e-06
-1.25434e-06
-5.60527e-06
-8.32559e-06
-7.94634e-06
-4.14245e-06
 1.81046e-06
 7.70084e-06
 1.10048e-05
 1.01752e-05
 5.18605e-06
-2.15375e-06
-9.07324e-06
-1.27618e-05
-1.16812e-05
-6.05649e-06
 2.05297e-06
 9.64708e-06
 1.37855e-05
 1.28531e-05
 7.11366e-06
-1.39191e-06
-9.55519e-06
-1.43168e-05
-1.39083e-05
-8.32714e-06
 4.31495e-07
 9.16819e-06
 1.46415e-05
 1.47431e-05
 9.32253e-06
 3.57956e-07
-8.81038e-06
-1.46991e-05
-1.50077e-05
-9.62159e-06
 -5.9337e-07
 8.60812e-06
 1.43906e-05
 1.46236e-05
 9.33458e-06
 6.63129e-07
-7.91916e-06
 -1.3182e-05
-1.32759e-05
-8.47234e-06
-8.86287e-07
 6.44358e-06
 1.08589e-05
 1.09942e-05
 7.25288e-06
 1.42168e-06
-4.14659e-06
-7.57784e-06
-7.96762e-06
-5.74046e-06
-2.11691e-06
 1.44416e-06
 3.87711e-06
 4.71311e-06
 4.19897e-06
 2.88864e-06
 1.28646e-06
 -2.4519e-07
-1.62297e-06
-2.73268e-06
-3.47092e-06
-3.50331e-06
-2.65118e-06
 -8.6283e-07
 1.44016e-06
 3.52378e-06
 4.65908e-06
 4.33257e-06
 2.66284e-06
  2.3648e-07
-2.13563e-06
-3.87608e-06
-4.67039e-06
-4.60154e-06
-3.64403e-06
-1.56375e-06
 1.67225e-06
 5.68636e-06
 8.92274e-06
 9.35589e-06
 5.55151e-06
 -1.9453e-06
-1.03071e-05
-1.53218e-05
 -1.3808e-05
-5.43131e-06
 6.60677e-06
 1.68747e-05
 2.02828e-05
 1.46752e-05
 1.98411e-06
 -1.2403e-05
-2.21069e-05
-2.25191e-05
-1.31391e-05
 2.20584e-06
 1.69968e-05
  2.4777e-05
 2.21425e-05
 1.01648e-05
-6.05283e-06
-1.95568e-05
-2.47431e-05
-1.95839e-05
-6.56797e-06
 8.65327e-06
 1.96803e-05
 2.21688e-05
 1.56319e-05
 3.23656e-06
-9.51833e-06
-1.75068e-05
-1.78703e-05
-1.11648e-05
-8.12937e-07
 8.70424e-06
 1.36995e-05
 1.27396e-05
 6.97127e-06
-6.11114e-07
-6.74134e-06
-9.20455e-06
-7.66081e-06
-3.41929e-06
 1.20266e-06
 4.20402e-06
 4.67784e-06
 2.95103e-06
 4.06958e-07
-1.47914e-06
-1.76714e-06
-5.51107e-07
 1.22728e-06
 2.32005e-06
 1.79721e-06
-3.38244e-07
-3.19291e-06
-5.25663e-06
-5.21377e-06
 -2.5806e-06
 1.99085e-06
 6.67063e-06
 9.38525e-06
 8.44953e-06
   3.626e-06
-3.64842e-06
-1.06283e-05
-1.41679e-05
-1.22022e-05
-4.67154e-06
 6.06806e-06
 1.57764e-05
 2.00837e-05
 1.61859e-05
  4.5324e-06
-1.07727e-05
-2.32863e-05
 -2.6842e-05
-1.83978e-05
-5.01673e-07
 1.93604e-05
 3.17048e-05
 2.97974e-05
 1.37368e-05
-9.26485e-06
-2.80681e-05
-3.37372e-05
-2.38437e-05
-3.72042e-06
 1.68863e-05
 2.86802e-05
 2.72801e-05
 1.44772e-05
-3.03638e-06
-1.75141e-05
-2.32537e-05
-1.89318e-05
-7.56998e-06
 5.37344e-06
 1.44469e-05
 1.64874e-05
 1.16508e-05
 2.85358e-06
-5.71972e-06
-1.05525e-05
-1.02325e-05
-5.67663e-06
 4.74396e-07
 5.25738e-06
 6.77225e-06
 4.84693e-06
 9.55395e-07
-2.70966e-06
-4.31313e-06
-3.29997e-06
-4.60442e-07
 2.55096e-06
 3.95293e-06
 3.04797e-06
 2.12239e-07
-3.04352e-06
-5.01229e-06
-4.56123e-06
-1.69547e-06
 2.31588e-06
 5.64515e-06
 6.65345e-06
 4.68853e-06
 4.22267e-07
-4.32771e-06
-7.52915e-06
-7.63437e-06
-4.47384e-06
 7.81756e-07
 5.93833e-06
 8.78294e-06
 8.00021e-06
 3.85253e-06
-2.02088e-06
-7.12513e-06
-9.27326e-06
-7.53001e-06
-2.67014e-06
 3.25739e-06
 7.70216e-06
 8.80056e-06
 6.12571e-06
 1.00701e-06
-4.33332e-06
-7.49549e-06
-7.26519e-06
 -3.8817e-06
 1.00667e-06
 5.07811e-06
 6.61144e-06
 5.05917e-06
 1.30665e-06
-2.76949e-06
-5.27454e-06
-5.12467e-06
-2.57196e-06
 1.04128e-06
 3.98613e-06
 4.82329e-06
  3.2946e-06
 2.06475e-07
-2.89195e-06
-4.50429e-06
-3.81633e-06
-1.22952e-06
 2.07061e-06
 4.41304e-06
 4.67421e-06
 2.63321e-06
-7.49998e-07
-3.94445e-06
-5.40658e-06
-4.39566e-06
-1.33208e-06
 2.39882e-06
 5.09931e-06
 5.57327e-06
 3.64838e-06
 2.11138e-07
-3.19815e-06
-5.18252e-06
-4.98394e-06
-2.76976e-06
 4.32349e-07
 3.33369e-06
 4.83295e-06
 4.40881e-06
 2.31971e-06
-5.87508e-07
-3.16324e-06
-4.43637e-06
-3.99963e-06
-2.05407e-06
 6.28253e-07
 3.02526e-06
 4.19998e-06
 3.77701e-06
 1.87167e-06
-7.25193e-07
-3.09358e-06
-4.29405e-06
-3.78433e-06
-1.73334e-06
 1.09577e-06
 3.61452e-06
 4.71757e-06
 3.88926e-06
  1.4124e-06
-1.72079e-06
-4.15242e-06
-4.79658e-06
 -3.3544e-06
-4.63949e-07
 2.57561e-06
 4.45098e-06
 4.27268e-06
 2.16866e-06
-9.24982e-07
-3.52188e-06
-4.49099e-06
-3.27822e-06
-4.86868e-07
   2.613e-06
 4.55518e-06
 4.36511e-06
 2.00287e-06
-1.40665e-06
-4.36388e-06
-5.38137e-06
-3.89256e-06
-4.80014e-07
 3.35034e-06
 5.81305e-06
 5.73365e-06
 3.02524e-06
-1.15443e-06
-4.96234e-06
-6.65718e-06
-5.48703e-06
-1.88392e-06
 2.55913e-06
 5.93764e-06
 6.75356e-06
 4.72291e-06
 7.13519e-07
-3.50557e-06
-6.20295e-06
-6.26366e-06
 -3.7719e-06
 1.51413e-07
  3.8152e-06
 5.77142e-06
 5.34549e-06
 2.82803e-06
-5.97121e-07
-3.53172e-06
-4.89137e-06
-4.24323e-06
-2.04305e-06
 7.01532e-07
 2.88141e-06
 3.68549e-06
 2.95957e-06
 1.22362e-06
-7.27941e-07
-1.97964e-06
-2.15521e-06
-1.34621e-06
 -1.5882e-07
 6.89626e-07
 7.61738e-07
 3.32755e-08
-8.78987e-07
-1.28479e-06
-7.17625e-07
 8.07211e-07
 2.56516e-06
 3.52633e-06
 2.85844e-06
 4.08327e-07
-3.02178e-06
-5.89617e-06
-6.64222e-06
-4.41866e-06
 3.77043e-07
 6.00328e-06
 9.93504e-06
 1.00519e-05
 5.58292e-06
 -2.2262e-06
-1.02986e-05
-1.49449e-05
-1.33927e-05
-5.36034e-06
 6.34588e-06
 1.67608e-05
 2.05384e-05
 1.49458e-05
 1.40398e-06
-1.43261e-05
 -2.4681e-05
-2.39907e-05
-1.18414e-05
 6.48012e-06
 2.22428e-05
 2.80646e-05
   2.136e-05
 5.56606e-06
-1.19116e-05
-2.35479e-05
-2.48549e-05
-1.62049e-05
-1.90816e-06
 1.19007e-05
 1.99257e-05
 1.96643e-05
 1.21334e-05
 8.90253e-07
 -9.4306e-06
-1.51623e-05
-1.47744e-05
-9.14107e-06
-1.01047e-06
 6.40236e-06
 1.05736e-05
 1.04695e-05
 6.84242e-06
 1.42922e-06
 -3.5629e-06
-6.51606e-06
 -6.7916e-06
  -4.772e-06
-1.65012e-06
 1.27924e-06
 3.01931e-06
 3.30199e-06
 2.46502e-06
 1.23372e-06
 3.46774e-07
 8.27855e-08
 2.79564e-07
 3.09263e-07
-2.73036e-07
-1.60589e-06
-3.21322e-06
-4.11153e-06
-3.43641e-06
 -8.4224e-07
 3.02769e-06
 6.66907e-06
 8.25759e-06
 6.54436e-06
  1.6003e-06
-4.95987e-06
-1.05036e-05
-1.23372e-05
-9.08377e-06
-1.54479e-06
 7.55813e-06
 1.43505e-05
 1.56879e-05
  1.0456e-05
  3.9634e-07
-1.04688e-05
-1.75223e-05
-1.74923e-05
-1.00788e-05
 1.85268e-06
 1.32961e-05
 1.93597e-05
 1.73884e-05
 8.11971e-06
-4.47021e-06
-1.50004e-05
-1.90454e-05
-1.50281e-05
-5.02557e-06
 6.30706e-06
 1.17938e-05
 1.93585e-05
 1.28421e-05
 1.81423e-06
-8.26401e-06
-1.29748e-05
-1.12856e-05
-5.28302e-06
 1.03116e-06
 4.75658e-06
 5.13459e-06
 3.61181e-06
 2.09966e-06
 1.73454e-06
 1.86194e-06
  1.4341e-06
-3.37016e-07
-3.08416e-06
-5.33262e-06
-5.81398e-06
-3.88462e-06
-1.94588e-07
 3.78068e-06
 6.32299e-06
 6.55642e-06
 4.47834e-06
 9.85339e-07
-2.52634e-06
-4.94984e-06
-5.62327e-06
-4.64805e-06
-2.50043e-06
 7.07134e-08
 2.48723e-06
 4.21803e-06
  5.0184e-06
 4.64765e-06
 3.00811e-06
 3.12095e-07
-2.88346e-06
-5.73173e-06
-7.10792e-06
-6.20815e-06
-2.93563e-06
 1.97685e-06
 6.83558e-06
 9.76751e-06
 9.32381e-06
 5.24586e-06
-1.26976e-06
-7.95341e-06
-1.21228e-05
  -1.192e-05
-7.12138e-06
 7.72335e-07
 8.78894e-06
 1.38808e-05
 1.39241e-05
 8.63743e-06
-1.20826e-07
 -9.0967e-06
-1.49767e-05
-1.53457e-05
-1.00065e-05
-7.22133e-07
 9.03332e-06
  1.5628e-05
  1.6566e-05
 1.12886e-05
 1.67421e-06
-8.73099e-06
-1.60425e-05
-1.73919e-05
-1.21231e-05
-2.14585e-06
 8.72637e-06
 1.63585e-05
  1.7653e-05
 1.20663e-05
 1.82693e-06
-9.10689e-06
-1.63148e-05
-1.70403e-05
-1.10001e-05
-8.19075e-07
 9.43106e-06
 1.55617e-05
 1.53632e-05
 9.14172e-06
-2.78922e-07
-9.09321e-06
-1.37152e-05
-1.27105e-05
 -6.8788e-06
 1.08893e-06
 7.87911e-06
 1.09189e-05
 9.47793e-06
 4.55326e-06
-1.49248e-06
-6.08643e-06
 -7.6452e-06
-6.00744e-06
-2.32205e-06
 1.45767e-06
 3.78448e-06
 3.94989e-06
 2.45329e-06
 4.61063e-07
-8.08582e-07
-8.89212e-07
-5.63749e-08
 7.04124e-07
  6.4791e-07
-5.72137e-07
-2.33425e-06
-3.62917e-06
-3.28153e-06
-1.09156e-06
 2.29735e-06
  5.4506e-06
 6.67092e-06
 5.10201e-06
 9.48519e-07
-4.27202e-06
-8.29808e-06
-9.21765e-06
-6.30754e-06
-3.28954e-07
 6.33373e-06
 1.09408e-05
 1.13124e-05
 6.99002e-06
-5.35197e-07
-8.32377e-06
-1.31459e-05
-1.27578e-05
-7.19346e-06
 1.58349e-06
 9.94736e-06
 1.44388e-05
 1.31023e-05
 6.35581e-06
-3.11142e-06
-1.13723e-05
-1.49163e-05
-1.22235e-05
-4.42306e-06
 5.17725e-06
  1.2497e-05
 1.43329e-05
 1.00129e-05
 1.47472e-06
-7.50294e-06
-1.29033e-05
-1.25529e-05
-6.66505e-06
 1.90085e-06
  9.2391e-06
  1.2117e-05
 9.41249e-06
 2.62358e-06
-5.02772e-06
-9.95969e-06
  -1.011e-05
-5.56329e-06
 1.29728e-06
 7.26173e-06
 9.55974e-06
 7.30877e-06
 1.75902e-06
-4.38272e-06
-8.24949e-06
-8.10761e-06
-4.22399e-06
 1.48389e-06
  6.2672e-06
 7.94108e-06
 5.78755e-06
 9.87762e-07
-4.16696e-06
-7.20423e-06
-6.76315e-06
-3.13563e-06
 1.94289e-06
 6.04737e-06
  7.3001e-06
  5.1142e-06
 6.57078e-07
-4.15637e-06
-6.94314e-06
-6.59316e-06
-3.22387e-06
 1.60514e-06
 5.61754e-06
 7.02263e-06
 5.20242e-06
 9.71975e-07
-3.65076e-06
-6.51863e-06
-6.26201e-06
-3.07131e-06
 1.62282e-06
 5.46187e-06
 6.66856e-06
 4.63498e-06
 2.93066e-07
-4.20355e-06
 -6.6875e-06
-5.90779e-06
-2.14582e-06
  2.8258e-06
 6.62582e-06
 7.37848e-06
 4.54205e-06
-6.38116e-07
-5.84906e-06
-8.62733e-06
-7.55279e-06
-2.90997e-06
 3.36146e-06
 8.50015e-06
 1.02043e-05
 7.51495e-06
 1.40688e-06
-5.56966e-06
-1.05569e-05
-1.13046e-05
-7.33705e-06
-1.98067e-07
 7.29087e-06
 1.19999e-05
 1.19762e-05
 7.06909e-06
-7.98448e-07
-8.43863e-06
-1.28409e-05
-1.20609e-05
 -6.5142e-06
 1.69721e-06
 9.16482e-06
 1.29145e-05
 1.14624e-05
 5.48484e-06
-2.46946e-06
-9.19534e-06
-1.19568e-05
-9.86155e-06
 -3.9455e-06
 3.16874e-06
 8.59132e-06
 1.02035e-05
 7.67473e-06
 2.34629e-06
-3.49714e-06
-7.33823e-06
-7.95495e-06
-5.34824e-06
-8.52582e-07
 3.43968e-06
 5.87681e-06
 5.62096e-06
 3.02858e-06
-4.96132e-07
-3.38174e-06
-4.33794e-06
-3.10959e-06
-4.15039e-07
 2.28398e-06
 3.57205e-06
 2.70339e-06
 1.28535e-07
-2.77428e-06
-4.25871e-06
-3.37003e-06
-3.50886e-07
 3.34584e-06
 5.69012e-06
 5.44897e-06
  2.5328e-06
-1.77914e-06
  -5.606e-06
-7.28137e-06
-6.16069e-06
-2.59701e-06
  2.2299e-06
 6.54051e-06
 8.88516e-06
 8.22898e-06
  4.4473e-06
-1.50248e-06
-7.68186e-06
-1.18365e-05
-1.18128e-05
-7.06845e-06
 1.34812e-06
  1.0404e-05
 1.63781e-05
 1.60604e-05
 8.76106e-06
-3.46246e-06
-1.55593e-05
 -2.2062e-05
-1.91636e-05
-7.13634e-06
  9.2459e-06
 2.24719e-05
 2.59209e-05
 1.74787e-05
 6.74307e-07
-1.64382e-05
-2.58823e-05
-2.33907e-05
-1.05987e-05
 6.08673e-06
 1.90596e-05
 2.29581e-05
  1.6909e-05
 4.44089e-06
-8.71604e-06
-1.70566e-05
-1.77517e-05
 -1.1343e-05
-1.17675e-06
 8.32772e-06
 1.34747e-05
 1.27875e-05
 7.21517e-06
-3.83288e-07
-6.82031e-06
-9.64192e-06
-8.27946e-06
  -3.844e-06
 1.34598e-06
  5.0602e-06
 5.91391e-06
 3.99482e-06
 5.85189e-07
-2.41669e-06
-3.57042e-06
-2.43842e-06
 2.58232e-07
 2.89264e-06
 3.86775e-06
 2.37085e-06
-1.06363e-06
  -4.856e-06
-6.89293e-06
-5.73843e-06
-1.38239e-06
 4.60247e-06
 9.54497e-06
 1.09558e-05
 7.71525e-06
 6.67448e-07
-7.46309e-06
-1.35358e-05
-1.47076e-05
-1.03575e-05
-1.66942e-06
 8.26057e-06
 1.59218e-05
 1.84899e-05
 1.51125e-05
 6.73648e-06
-4.08651e-06
-1.44964e-05
-2.22617e-05
-2.63236e-05
-2.70065e-05
-2.48271e-05
 -2.0388e-05
-1.33199e-05
-3.16268e-06
  0.00185233
           0
