 2.80074e-08
           1
-4.57573e-09
 5.24214e-09
 7.40132e-09
-1.01016e-08
 1.49061e-08
-1.51447e-08
  1.0732e-08
-5.75447e-09
 7.93549e-10
 3.84221e-09
 2.65159e-10
 -5.4828e-09
-9.69854e-09
 1.19968e-08
 7.59628e-09
-6.62626e-09
-1.08245e-08
 2.17832e-08
-2.15452e-08
 2.05891e-08
-1.98698e-08
 8.55067e-09
-4.21264e-09
 1.05235e-08
-4.70449e-09
-9.82759e-09
 1.02224e-08
 1.11751e-09
-6.08507e-09
 7.72308e-09
-3.37864e-09
-6.37128e-09
 4.54862e-09
  4.2963e-09
-1.06556e-08
 7.17446e-09
  7.6611e-09
-1.56088e-08
 1.18345e-08
-8.57092e-09
 7.59844e-09
-3.68166e-09
-2.18454e-09
 4.54034e-09
 3.22633e-09
-7.49097e-09
-2.13887e-09
-1.19735e-09
 1.28365e-08
-1.03488e-08
 8.01356e-09
 -7.9924e-09
 1.51648e-09
 4.47802e-09
 2.76202e-09
-1.20651e-08
 8.63834e-09
-6.67355e-09
  2.5476e-09
 1.71247e-09
-5.28224e-10
 9.41485e-09
 -1.1694e-08
 5.64041e-10
 1.03549e-08
-1.63239e-08
 1.45834e-08
-1.35951e-08
 2.86017e-09
 1.04499e-08
-6.96708e-09
 3.19458e-09
-3.44404e-09
 1.04417e-08
-1.87126e-08
 1.63301e-08
-1.56744e-08
 1.41114e-08
-1.46448e-08
 1.32264e-08
 4.29191e-10
 3.67498e-09
-1.50537e-08
 3.53545e-09
 6.19186e-09
-9.28542e-09
 1.38041e-08
-3.78042e-09
-6.56195e-09
 1.02993e-08
-1.69565e-08
 1.75528e-09
  1.6572e-08
-6.92264e-09
 3.49708e-10
-1.96653e-09
 2.27885e-09
-6.98425e-09
  1.0323e-08
-1.04639e-08
 1.51575e-09
 5.08861e-09
  8.2742e-10
 -7.8897e-09
  1.1665e-08
-4.23709e-09
-5.62351e-09
 5.77301e-09
-7.19698e-10
-2.96551e-09
-1.62478e-09
 5.64005e-09
-6.11887e-09
 -1.2973e-09
 9.89668e-09
-6.40165e-09
 1.50923e-08
-1.63477e-08
-6.73688e-09
 1.78457e-08
-1.97367e-08
 1.39388e-08
-2.73163e-09
-4.04228e-09
 1.39136e-08
 -1.2245e-08
 2.35869e-09
 4.74714e-09
-6.24855e-09
 -3.4962e-09
 7.52481e-09
-6.69388e-09
 6.35802e-09
-2.24255e-09
-1.86255e-09
 1.19475e-08
-2.20052e-08
 2.26526e-08
-1.68903e-08
 1.23279e-08
-7.13576e-09
-5.09981e-09
 5.09848e-09
 3.13556e-09
-1.01599e-09
 1.47383e-10
 1.34143e-09
-3.32617e-09
-7.95791e-09
 2.33295e-08
-1.91969e-08
 -6.4834e-10
 5.56512e-09
 4.98914e-12
 2.67233e-09
-4.95171e-09
 6.85096e-09
-1.03165e-08
 4.89422e-09
 3.23548e-09
-4.41721e-09
 7.08602e-09
-5.39774e-09
-3.36243e-09
 1.75336e-09
-1.91427e-09
 7.40399e-09
 1.61077e-09
-1.23356e-08
 9.57362e-09
 2.55871e-10
 -1.0808e-08
 1.83744e-08
-1.42425e-08
 4.77399e-09
 -2.2586e-09
-2.18464e-09
 -4.1021e-11
 8.01946e-09
-5.28271e-09
-1.11188e-09
 1.51855e-08
-1.76867e-08
-4.56394e-09
 1.89887e-08
-2.22901e-08
  2.3001e-08
-2.64657e-08
 2.42005e-08
-2.70218e-09
-5.45406e-09
-5.02514e-09
 7.02477e-09
-4.57951e-09
 5.80938e-09
-6.10894e-09
 1.92875e-09
 3.03437e-09
-7.18421e-09
 4.68364e-09
-1.69757e-09
 7.30587e-09
-5.55164e-09
 2.49429e-09
 8.79967e-10
-9.91578e-09
 1.34776e-09
 1.13691e-08
-9.78518e-09
 5.65465e-09
-8.38232e-09
 1.41376e-08
-4.10501e-09
-5.62885e-09
 4.32571e-09
-1.02375e-08
 6.36484e-09
 6.86117e-10
 9.32236e-09
  -1.244e-08
 1.07245e-08
-1.52201e-08
 9.77443e-09
-3.94698e-09
-8.15103e-10
 1.31964e-08
-8.33032e-09
-5.46586e-09
 6.61191e-09
-1.26206e-09
-9.83617e-09
 6.06722e-09
 7.47127e-09
-4.95486e-09
-7.56595e-10
-1.31689e-09
 1.53389e-08
-1.92993e-08
 9.38485e-09
-1.37154e-08
 8.01374e-09
 5.85816e-09
-3.85675e-09
-4.07163e-09
 1.07623e-08
-6.83989e-09
 1.16779e-08
-2.11677e-08
 1.33581e-08
-6.68746e-09
-4.25634e-09
 9.62459e-09
  4.1241e-10
-6.69168e-09
 1.05553e-08
-4.83539e-09
 1.36497e-09
-1.31253e-09
-1.25582e-08
 1.40486e-08
-5.07054e-09
  9.6994e-09
-2.02926e-08
 1.71981e-08
-3.85661e-09
 3.55178e-09
 8.58297e-10
-1.01709e-08
 2.73664e-10
 4.77564e-09
-2.99954e-09
 1.15968e-08
-1.47349e-08
 6.18843e-09
 6.86287e-09
-1.32479e-08
 7.26304e-09
 4.43765e-09
-1.43386e-08
 7.72485e-09
 4.51733e-09
 -3.9161e-09
 8.22801e-09
-4.23834e-09
-1.71369e-08
 1.73104e-08
-3.49034e-09
-2.49153e-09
-1.09514e-09
 1.20766e-08
-1.08787e-08
 1.00623e-08
-1.34081e-08
 6.56885e-09
-6.52524e-09
 9.83631e-09
-1.10239e-08
 2.32834e-09
 1.63233e-08
-1.20646e-08
 6.65883e-10
 2.52137e-09
-7.96574e-09
 3.63359e-09
 1.72097e-09
-1.88579e-09
-6.09407e-10
 6.25857e-09
-8.87682e-09
  8.3089e-09
 2.04679e-09
-8.70019e-09
 3.46803e-09
-6.99422e-09
 1.51326e-08
-8.40368e-09
-1.12124e-08
 1.59007e-08
-4.35803e-09
 -7.0619e-09
 1.70725e-08
-1.07449e-08
 7.15194e-09
-1.16554e-08
-3.78973e-09
  9.9967e-09
-2.64671e-09
 2.72897e-09
-2.19693e-09
  2.8985e-09
 5.37459e-09
-1.20223e-08
 5.77314e-09
-8.37109e-09
  2.2799e-09
  1.1575e-08
-1.55051e-09
-7.90676e-09
 1.55598e-09
 4.70778e-09
-1.15403e-08
  8.8418e-09
-3.78537e-09
 1.08316e-08
-8.94645e-09
 4.45797e-09
-1.02255e-08
 8.60842e-09
-2.24511e-09
 2.69905e-09
-3.15684e-09
-8.91031e-09
 1.57554e-08
-3.18811e-10
-7.16428e-09
 -2.1137e-09
 1.24366e-08
-1.98447e-08
 1.34124e-08
 3.79677e-09
-1.70832e-08
 2.29019e-08
 -2.6398e-08
 1.87639e-08
 2.68971e-09
-6.07568e-09
-6.15986e-09
 1.11637e-08
-1.59145e-08
 1.64817e-08
-9.40927e-09
 3.22268e-09
  -3.039e-09
 5.00858e-09
-6.76878e-10
-5.71523e-09
 8.57152e-09
-1.55184e-09
-5.70603e-09
 4.42611e-10
 5.01614e-09
-8.68879e-09
 7.06842e-09
-4.26194e-09
 5.75197e-09
 4.00303e-09
-3.71272e-09
-6.48789e-09
-1.28522e-09
 4.04785e-09
 1.75683e-09
-1.35008e-09
 6.88092e-09
 -1.3152e-08
 7.63194e-09
-3.15884e-09
 9.12388e-09
-7.92829e-09
-8.88522e-09
 2.08981e-08
-1.01296e-08
-4.87038e-09
-1.64432e-09
 1.45984e-08
-1.47354e-08
 5.20624e-09
-1.58915e-09
 9.11644e-09
-1.17805e-08
 1.00857e-08
-3.52115e-10
-1.84525e-08
 2.13861e-08
-9.20671e-09
-1.21194e-10
-5.04244e-09
 1.36913e-08
-6.72376e-09
 1.24434e-09
-5.28483e-09
 4.17072e-09
 5.64287e-09
-1.19063e-08
 6.10157e-09
-3.92605e-10
 -2.3743e-09
 5.23176e-09
-9.86812e-09
 9.48639e-09
 7.22521e-10
 9.43301e-10
 2.37135e-09
-1.61539e-08
  6.3546e-09
 5.48894e-09
 -9.4757e-09
 1.64441e-08
 -1.4919e-08
 9.18337e-09
 1.22712e-09
 -4.5414e-09
-1.06352e-08
 2.28068e-08
-1.91498e-08
 8.35801e-09
-3.77367e-09
-8.37877e-10
 1.20797e-08
 -1.9175e-08
  1.6912e-08
-1.24784e-08
 1.30187e-08
 -6.1995e-09
-1.68325e-09
-1.52927e-09
 3.38549e-10
-2.11126e-09
 1.07461e-08
-1.54194e-08
 1.58032e-08
-5.20356e-09
-8.02104e-09
 1.04805e-08
 -8.2624e-09
 9.41584e-09
-2.55745e-09
 -1.0011e-08
    8.94e-09
-1.08626e-08
 1.06732e-08
 2.62788e-09
-5.93034e-11
-7.91763e-09
 4.13664e-09
 3.77482e-09
-6.93254e-09
 3.03645e-09
-5.22444e-09
-3.87817e-09
 1.81564e-08
-1.24295e-09
-1.97731e-08
 1.88258e-08
-1.22004e-08
 4.74684e-09
 3.97291e-09
-5.81648e-09
  8.2056e-09
 -1.3167e-08
 3.48371e-09
 4.12119e-09
-3.90876e-09
  1.1112e-08
 -3.3731e-09
-9.20071e-09
 7.30884e-09
-1.31695e-08
  1.6591e-08
-3.45182e-09
-5.94953e-09
 5.93425e-09
-4.95499e-09
-6.47161e-10
 8.33632e-09
-3.88755e-09
-3.90046e-09
-1.79466e-09
 7.83496e-09
-9.53251e-10
-3.39446e-09
-1.66818e-09
 5.23775e-09
-4.88875e-09
 1.30906e-09
-4.25036e-09
  1.1354e-08
 -6.6181e-09
 -1.0034e-09
 7.10402e-09
   -5.94e-09
-4.73076e-09
 4.83055e-09
-3.84118e-09
  8.5569e-09
-6.43106e-09
-7.99667e-10
 1.14577e-08
-1.95126e-08
 1.55927e-08
 5.12833e-09
-1.94524e-08
 8.33437e-09
 4.05329e-09
-8.48378e-09
 8.29103e-09
-8.68428e-09
 5.41304e-09
 9.82816e-09
-3.27842e-09
-1.31094e-08
 2.34565e-09
  9.4992e-09
-3.73661e-09
-8.87923e-09
 9.34769e-09
-1.46601e-09
 1.34233e-09
-1.75141e-09
 1.21552e-09
 1.72851e-09
 8.06502e-10
-2.23068e-09
-1.09354e-08
  3.7135e-09
 1.66572e-08
-1.34816e-08
 7.38403e-10
 1.12616e-09
 8.21753e-09
-5.39932e-09
-5.12675e-09
-2.28885e-09
 1.18097e-08
-8.73976e-09
-4.54921e-09
 1.55307e-08
 -1.1868e-08
 8.01224e-09
-1.05313e-08
 5.27957e-09
 1.00315e-08
 -1.4052e-08
 -1.4476e-09
 1.43933e-08
-1.39661e-08
 6.76993e-09
 1.84716e-10
 -3.9105e-09
 3.71247e-09
 3.73171e-09
-1.19577e-08
 5.24358e-09
 7.80436e-09
-1.52168e-09
-6.61111e-09
 6.46232e-11
-2.47062e-09
 8.99837e-09
-1.31505e-08
 1.94535e-08
-1.92518e-08
 1.74982e-08
-9.25585e-09
 2.30203e-09
-1.18819e-08
 2.12761e-08
 -2.1571e-08
 1.14999e-08
 1.84307e-09
-8.38728e-09
 8.42045e-09
-2.10367e-09
 1.14778e-09
-3.02727e-09
-4.22141e-11
 4.95331e-09
-7.02143e-09
-4.58378e-09
 1.46831e-08
-1.40003e-08
 1.12848e-08
 -8.6697e-09
 1.52189e-08
-1.29858e-08
 1.13072e-09
-6.81163e-09
 1.09279e-08
 1.99906e-09
-1.13565e-08
-2.07691e-10
 1.68003e-08
-1.13149e-08
 1.19593e-09
-1.02171e-09
-3.87085e-09
  4.7302e-09
 2.31918e-09
 1.35604e-09
-4.38156e-09
-3.30822e-09
 8.87191e-10
 3.42242e-09
 2.13174e-09
  -2.507e-09
 6.86537e-10
-6.37834e-10
 -3.4918e-09
 7.25854e-09
-8.05097e-09
 1.10493e-08
-1.58244e-08
 1.99036e-08
-2.00108e-08
 2.40138e-09
 1.21491e-08
-3.44794e-09
 4.77311e-09
-1.12423e-08
 9.64972e-11
 9.67682e-09
-4.49496e-09
 -4.8985e-09
-7.38753e-09
 2.14083e-08
-9.33146e-09
-2.72135e-09
 8.55775e-09
-6.83687e-09
-2.72358e-09
  1.2612e-10
 2.11813e-09
 1.66841e-09
 3.77108e-09
-9.49869e-09
 7.64004e-09
-1.38157e-08
 2.03753e-08
-7.07928e-09
  3.1399e-10
 -6.9109e-09
 4.18798e-09
-1.21053e-09
  4.9813e-09
-1.42695e-08
 1.95153e-08
-1.23625e-08
 3.73458e-09
-1.28869e-09
  3.3108e-09
 5.71152e-09
-1.73387e-08
 1.01381e-08
 4.06838e-09
-1.01717e-08
 1.93941e-09
 5.52475e-09
-1.75048e-09
 8.41413e-10
-7.27181e-09
 1.25837e-08
 2.15265e-09
-1.54872e-08
 6.22468e-09
-3.38931e-09
 -6.9691e-10
 1.31425e-08
-1.86974e-08
 1.81841e-08
-7.08963e-09
 8.99617e-10
-1.47061e-09
-6.22372e-09
 9.58172e-09
-5.77848e-09
  5.0542e-09
-7.89536e-09
 2.57065e-09
 4.90675e-09
  2.1831e-09
-5.38359e-09
-5.96062e-09
 1.68828e-08
-1.62179e-08
 3.55639e-09
 7.95934e-09
-1.36571e-08
 1.32132e-08
-6.83341e-09
 4.02865e-09
-6.85082e-09
 1.10725e-08
-8.43121e-09
-2.13226e-09
  6.3182e-10
 1.21994e-08
-7.18195e-09
-7.18756e-09
 8.61284e-09
-1.12608e-08
 1.58294e-08
-1.30692e-08
 6.53063e-09
-6.84676e-11
-2.41241e-09
 8.79563e-09
-7.14488e-09
 6.65593e-10
-1.26494e-08
 1.16444e-08
 5.90908e-09
-1.17241e-08
 1.09213e-08
-8.90484e-09
 1.16802e-08
-3.81406e-09
-9.00048e-09
  2.1799e-09
-5.89812e-10
 4.65545e-09
-6.40836e-09
 1.26195e-08
-7.31313e-09
  4.2168e-09
-1.31431e-08
 1.56809e-08
-1.39027e-08
 1.45131e-08
-6.64297e-09
-6.74957e-09
-2.29541e-09
 1.87956e-08
-1.31952e-08
 5.74865e-09
-4.46224e-09
-1.25809e-09
 8.13663e-09
-1.38097e-08
 1.52903e-08
-8.62869e-09
-1.22043e-09
-1.34282e-09
 1.17183e-08
-5.49278e-09
-8.44739e-09
 7.65149e-09
-4.97097e-09
 8.92773e-09
-4.22193e-09
-8.68021e-10
-3.85269e-09
 5.61498e-09
-3.43867e-09
 3.93198e-09
-7.55317e-09
 6.49365e-09
 4.47004e-09
-9.06199e-09
-3.09096e-09
 1.04494e-08
-8.98353e-10
-6.97065e-11
-3.22346e-09
-2.33972e-09
-6.72411e-09
 9.56312e-09
  2.0171e-09
 2.32271e-10
-5.24705e-09
 1.37478e-08
-8.57239e-09
-1.27018e-08
 7.07844e-09
  -8.274e-10
 7.58221e-09
-4.33396e-09
 3.15768e-10
 8.42269e-09
-8.86759e-09
-3.76689e-09
 4.25874e-09
 2.68502e-10
 6.29187e-10
-7.54849e-12
-5.65158e-09
 9.88595e-09
-5.79011e-09
-5.56035e-10
 2.46672e-09
-4.86145e-09
 7.39222e-09
 9.21021e-10
-6.02195e-09
 1.07788e-09
-1.55893e-09
 -1.8191e-09
 3.14199e-09
 7.43855e-09
-1.30892e-08
 1.21088e-08
 -1.0583e-08
 1.18843e-08
-9.77068e-09
 4.61789e-09
-1.04548e-08
 1.58381e-08
-1.09321e-08
 1.80204e-09
-4.02424e-10
 1.48394e-08
-1.85465e-08
 4.96817e-09
-1.86363e-09
 3.34518e-09
-2.67671e-09
  1.3713e-08
 -1.8908e-08
 7.66213e-09
 2.60439e-09
-1.31172e-08
 1.25249e-08
 5.37656e-09
-1.22548e-08
 5.69745e-09
-1.46139e-09
 4.85639e-09
-4.77235e-09
-2.09754e-09
-3.44301e-09
 8.37196e-09
-7.62097e-09
 1.59458e-08
-1.57546e-08
 3.21737e-09
 1.74608e-09
 7.63758e-09
-8.50391e-09
-3.70204e-09
 4.01195e-09
-5.03517e-09
 1.05956e-08
-1.08535e-08
 8.55745e-09
 3.84168e-09
-1.00038e-08
 2.78593e-09
 1.07301e-08
-1.98558e-08
 9.07454e-09
-5.11426e-09
 9.14479e-09
-1.47509e-09
 -7.9211e-09
 1.06592e-08
 5.60383e-09
-1.87272e-08
 1.41967e-08
-1.22901e-08
 3.85424e-09
 5.55977e-09
-4.81089e-09
-3.19468e-10
 4.89957e-09
 2.29241e-09
-5.39263e-09
 -5.4279e-09
 1.21583e-08
-7.21547e-09
-5.28782e-09
  4.7596e-09
 9.55621e-09
-8.30669e-09
 1.06627e-09
-9.64674e-09
 1.47078e-08
-8.81361e-09
  1.0662e-11
 5.90217e-09
 6.56669e-10
-3.56881e-10
-1.46992e-09
 -7.1405e-09
-3.61808e-09
 1.40015e-08
-7.59973e-09
 5.19524e-09
-3.34095e-09
 2.65028e-09
 4.79374e-09
-8.08521e-09
-2.58815e-09
 3.59226e-09
-8.61047e-09
 1.45087e-08
-3.42917e-09
-4.18002e-09
 3.07975e-09
 1.04537e-09
-4.09303e-09
 5.35873e-09
-5.54371e-09
 1.73479e-09
 1.70423e-09
 1.23456e-10
-7.72952e-09
 3.43061e-11
   1.727e-08
-2.06434e-08
 2.62173e-08
-2.60378e-08
 1.73133e-08
 -7.1709e-09
 -1.3269e-08
 1.21966e-08
 2.74688e-09
-4.80022e-09
 6.61642e-09
 8.81533e-10
-6.54584e-09
 2.49134e-09
 6.57854e-10
-1.46902e-08
 2.12478e-08
-1.02322e-08
 4.11417e-11
 9.98194e-09
-1.05606e-08
-2.60416e-10
 3.24283e-09
-9.52643e-10
 1.46366e-09
 1.78661e-09
-1.15976e-08
 1.58729e-08
-6.83618e-09
 2.49654e-09
-2.54289e-09
-3.50184e-09
-2.82398e-10
  3.0672e-09
  3.8234e-10
 4.17651e-09
-2.98268e-09
 4.15745e-09
-1.55727e-08
 1.99956e-08
 -9.9597e-09
 -6.0085e-09
 7.11478e-09
-4.08892e-09
 2.20186e-09
  1.3336e-09
 9.37383e-09
-8.52372e-09
-4.45117e-09
 8.42101e-09
-1.61097e-08
 1.93703e-08
-1.61642e-08
 9.86278e-09
 -5.5748e-09
 5.63763e-09
 5.31059e-09
-9.44237e-09
 5.14229e-09
-1.83568e-09
 -7.5042e-09
 8.01913e-09
-2.79469e-09
-7.37464e-09
 1.55634e-08
-7.57949e-09
 8.52893e-10
 9.86497e-09
-2.02249e-08
 1.62508e-08
-3.52819e-09
 -1.6867e-08
 1.91789e-08
-8.94139e-09
  6.2298e-09
 4.70307e-09
-8.98976e-09
 1.67868e-09
 1.43163e-10
 6.76215e-10
-5.83993e-09
 9.72091e-09
-5.32113e-09
 9.29943e-10
 1.97149e-09
-4.57489e-09
 1.43764e-09
-4.59361e-10
 7.34202e-09
-1.06578e-08
 1.08236e-08
-8.38722e-09
 5.19472e-09
-4.77801e-09
 -8.3393e-12
 -4.9895e-09
 1.32308e-08
  1.3528e-09
-1.40658e-08
  7.8207e-09
-2.50784e-09
-2.42447e-09
 1.05235e-08
-1.04002e-08
 8.20814e-09
-1.55821e-09
-1.09056e-08
 4.69097e-09
-1.20752e-10
 1.05833e-08
-1.17133e-08
 1.56337e-08
-1.84531e-08
 1.59715e-08
-1.79027e-08
 1.03479e-08
-3.83234e-09
 3.04476e-09
-7.95333e-09
 1.40037e-08
 1.54392e-09
-1.43508e-08
 1.48829e-08
-1.76676e-08
 1.38145e-08
-4.25944e-09
-1.20225e-08
 1.43247e-08
-3.26137e-10
 3.85782e-10
-6.49947e-11
-4.23331e-09
 4.95945e-09
-8.57895e-09
 8.84721e-10
 7.84579e-09
-8.22065e-10
-6.32419e-09
 7.16713e-09
-1.21455e-08
  1.4559e-08
-6.00011e-09
 5.83241e-09
-1.19465e-08
 3.78846e-09
 3.45216e-09
 1.29344e-09
-4.58583e-09
 4.25618e-09
-4.25551e-09
 7.70026e-09
-1.52517e-08
 1.02243e-08
 4.87393e-09
-7.38877e-09
 1.78468e-09
  6.0584e-09
 -8.6416e-09
-9.91219e-10
 7.57952e-09
-9.57165e-09
 3.41097e-09
 1.03163e-08
 -9.2563e-09
-3.52451e-09
 8.27127e-09
-4.63598e-09
 1.02505e-08
-1.92453e-08
  1.7334e-08
-1.87554e-08
 2.10678e-08
-1.22175e-08
-4.91547e-09
 8.34618e-09
 1.08536e-08
-1.06228e-08
-3.64885e-09
  -2.938e-09
 8.00648e-09
 -2.7385e-09
 -2.9347e-09
  1.0699e-08
-1.46086e-08
 1.42203e-08
-1.56176e-08
 1.22854e-08
 -1.1218e-08
           0
           0
