      320025
     -638668
     14959.5
      387515
      225778
     -119160
     -237107
     -154677
     24773.5
      152234
      134200
     41792.9
    -58144.9
     -130275
    -73003.1
     12170.6
     88672.2
     84148.8
    -13010.9
    -13455.4
    -57779.7
    -49125.8
     369.941
     49674.6
     62312.9
    -6944.79
      -23625
      -39774
    -17222.9
    -1356.69
       44589
       19672
     187.196
    -12111.7
    -29226.4
    -6142.44
    -1488.06
     20905.8
     16193.1
     25783.9
    -15411.2
    -62336.3
     9817.24
     36522.3
    -16094.9
     10972.7
     33257.8
    -15106.1
    -23055.2
    -27637.6
    -9197.74
     47121.9
       36640
    -8734.29
    -42141.2
     9071.78
      -38707
     10411.1
     33927.8
     22915.4
     16393.4
    -42441.7
    -15048.3
     2159.74
    -6381.27
    -10442.2
     36825.5
     31714.8
    -20798.8
     7855.87
    -44935.9
    -14566.5
     7414.54
     26750.1
     23608.4
     21208.4
    -29344.6
    -22696.9
    -29954.4
     3890.91
     37566.4
     52218.8
    -44048.4
    -1290.03
    -30763.8
     2479.43
     7834.53
     35850.4
    -5524.16
    -18661.3
     1684.57
    -7444.67
    -10533.1
     5956.61
     47235.5
    -20838.1
     3209.63
    -26310.8
    -9485.68
    -18605.3
     40250.1
     19740.9
     31315.5
    -42900.8
    -30467.9
      4031.8
    -13009.6
     36934.8
    -5247.36
     15905.3
     35668.4
    -37356.3
    -54442.3
      3247.6
     21613.5
     22607.2
     40086.3
    -33432.7
    -3188.27
    -27030.8
     10758.1
    -18231.2
     3150.35
     55776.8
     14730.1
    -87580.6
     25592.8
     36068.4
     -5100.1
    -35085.3
    -26947.6
     79350.7
    -25937.1
       12033
     2655.09
    -77357.5
     26820.4
     38342.1
     52529.3
    -70026.3
     7104.83
    -19189.7
    -9139.58
     34244.9
     50472.6
     -104726
     60235.8
     8809.99
    -16734.7
    -4733.72
     3606.51
      -38997
     31031.7
     32741.3
    -15700.2
      -61.69
    -10297.4
     41026.2
     -113215
     75170.9
    -25803.6
     7781.97
     78432.1
      5530.5
    -67955.5
      -67118
     6955.23
     32726.9
     81536.5
     21110.5
    -59036.1
    -42746.9
     13781.6
    -80813.7
     97584.2
      101054
    -83684.7
    -20233.9
    -67683.7
     53510.8
    -4637.45
     66924.4
     5140.34
    -26341.2
    -87374.2
     9766.08
    -4810.07
      152955
    -28385.3
     -107471
     24277.3
     29541.2
    -42473.4
     25214.1
    -14108.1
    -8467.54
      112286
    -30080.9
     -108850
     28646.1
    -8221.68
     8072.52
     38743.2
     93497.5
    -67458.8
     -138313
     62569.4
     65777.1
    -32319.3
    -9203.44
     66501.4
    -8245.07
    -69141.7
      -17145
     9036.28
     21286.2
     49371.6
     19821.3
    -27436.8
    -38913.8
    -99890.7
      114124
    -9078.69
     89847.3
    -27396.7
    -97655.7
    -23932.2
       46703
     42120.7
    -55018.4
      186043
     -188671
    -67179.2
      108800
    -27885.8
      101949
    -96922.9
     30951.8
     34779.9
     -138296
     2529.67
      215615
    -57595.3
     -165975
     25345.8
      139053
     16370.3
     -143925
    -44616.5
      199447
    -13707.5
     -152107
    -27985.4
      147518
    -16254.8
     20581.3
      -29602
     -116196
     64711.4
     67548.5
    -45917.3
     95834.8
     -194531
      121761
     46332.2
    -62255.5
    -35587.2
     20273.3
    -21053.4
      106467
     -105964
     49943.8
      130881
     -211748
    -98477.1
      192034
     50056.8
    -18542.1
    -80819.2
       83004
     -175985
      175138
     -147389
      151119
    -22499.2
    -20650.6
    -8173.42
    -97437.5
      129867
    -70680.3
      167394
     -267171
     80507.6
      147463
     -140965
      170636
     -160875
     -143185
      211507
     87354.1
     -145325
      122484
     -322193
      319760
    -79848.9
    -23922.8
     7991.77
      112140
     -230698
     16048.5
      167845
     21736.5
     20917.6
     -225260
       61140
    -3964.93
      123205
    -9097.41
     6196.66
    -66474.7
    -84177.4
       48832
      101185
     5287.39
     -140253
      116949
     25875.1
     -164685
     87443.9
     27484.5
     30938.8
     33766.3
     -202264
      101462
     28457.3
     93362.8
    -77393.6
     -187525
      304214
     -209854
      124263
    -61477.3
    -63869.5
      144988
    -51151.1
    -17817.1
    -65063.6
      182801
     -346830
      361734
     -103945
     85057.8
     -219416
    -45591.5
      193352
     46191.1
     11726.1
    -9211.36
     -453886
      334433
      262051
     -141334
    -64776.6
     -249089
      133267
      290192
     -252158
      182745
     -182208
    -75885.5
       59910
      263822
     -189153
     6940.02
     -135541
     43258.1
      232597
     620.846
     -374713
      239949
    -13711.1
    -33138.1
      161637
     -305678
      387076
     -186010
     -201994
    -15115.6
      312538
      134259
     -197390
     -278151
     87211.5
      195186
    -32535.8
      155223
     -250678
     24861.6
    -91821.5
      162088
       55460
     55135.6
     -316711
      149343
      167768
     -244434
     73661.7
     73478.6
      126828
     -363237
     90691.2
      387862
     -254194
     -338285
      370957
     75322.6
     -142025
       59229
     -222661
      271921
    -57312.7
     -240137
      273371
      233891
     -701007
      522018
     -145732
      139453
     -293198
      154743
      116683
    -69287.2
     44175.9
     -389039
      413556
      174139
     -496912
     67575.8
      361662
     -200839
     78287.1
     26540.3
     -674857
      508053
      663830
     -322550
     -758323
     45289.5
      632718
      127745
     -337680
      100307
     -509340
      580030
    -14316.5
     -528841
      658669
    -61920.9
     -438439
      229200
     -140462
      144839
      106613
       39414
     -136312
     -513918
      786736
     25746.7
     -848483
      629342
      239029
     -674747
      836458
     -861717
    -13589.2
      570465
      368437
     -856205
      126615
      214962
      287325
     -802328
     89908.9
 1.14814e+06
     -333696
     -961191
     -100599
      966409
    -71482.8
     -214960
    -62400.3
     -240578
      478614
     -246494
     -314812
      628874
     -414987
      361906
     -304727
    -5320.14
    -75469.3
      250565
     -181183
      300763
     -276119
    -61472.3
     69273.1
      261224
     -320675
     -135748
      529759
     -278102
     12858.9
     -251066
      320991
     -116321
      224828
     -297776
     -104606
      493088
     -622021
      719828
     -659559
      357837
     -143785
      234536
     -301487
     26052.1
      149150
      110781
     -291588
      113018
      144156
     -334118
      353712
    -77188.3
     -147888
      113004
     -464922
      911465
     -112095
     -735921
     -171699
      806558
    -63426.7
      118010
     -274722
     -551401
    -85429.4
 1.48694e+06
     -739067
     -313781
     -222953
      460527
      215296
     -302653
     -386199
      377676
      767112
-1.10096e+06
     30137.3
      383493
    -75995.8
      328161
     -105792
     -744815
      328941
      608221
    -50836.2
     -518389
     -294365
      282230
      645642
      104716
     -761304
     -664800
      667445
 1.02396e+06
     -466602
     -483523
     -977239
 1.46472e+06
      590730
-1.73823e+06
      705161
     31026.2
      988065
-1.64953e+06
    -31032.9
 1.34566e+06
      236651
-1.26847e+06
     -229487
      291591
  1.3211e+06
     -648028
     -586489
-1.12166e+06
 2.81479e+06
-1.16486e+06
     -682189
     -524395
 1.49988e+06
      407451
-1.17456e+06
     -717697
 1.09362e+06
     56797.5
      240826
     -677483
    -26531.6
      350009
     -107386
    -23699.4
      446717
-1.38277e+06
 1.65713e+06
     16976.4
-1.37986e+06
     -209743
 1.22845e+06
      880854
-1.58576e+06
     -523436
 1.09496e+06
      510745
-1.14565e+06
      104764
      631385
     -500384
      818147
     -199607
-2.74739e+06
 3.44909e+06
      108556
-1.52387e+06
     -642415
      292178
 1.35864e+06
      576261
 -1.3188e+06
-2.76425e+06
 4.31146e+06
     -709529
-1.10011e+06
      461884
-1.30899e+06
 1.09945e+06
 1.44813e+06
-2.11911e+06
 1.24833e+06
-1.55388e+06
      680125
 1.52033e+06
     -873994
     -737897
     -703943
 1.62142e+06
     91555.2
     -231578
     -591738
     -912728
 2.21935e+06
-1.46033e+06
       81977
 1.65962e+06
-1.62125e+06
-1.41209e+06
 2.33838e+06
      513141
 -1.9896e+06
      882246
      358609
     -995416
      672058
     -730782
  1.9395e+06
     -411219
-3.61698e+06
 3.29484e+06
      971460
  -2.074e+06
      391061
     -466862
 1.23444e+06
     -973473
      972198
-1.26834e+06
 1.31516e+06
     -891900
     -480800
      467195
 1.93728e+06
-2.03167e+06
     -263339
      523084
-1.52122e+06
  3.1707e+06
 1.23757e+06
-5.85168e+06
   2.892e+06
     -721555
 2.27854e+06
     -930833
      747481
-3.49524e+06
 1.78972e+06
 1.02292e+06
      417349
-1.08918e+06
      849603
-3.00465e+06
 3.62646e+06
     -908599
-2.56762e+06
 5.35415e+06
-4.36212e+06
    -31911.6
  1.3263e+06
      776661
     -858791
     -459388
     -273456
 1.76465e+06
     -997285
     -925155
     -178129
 3.72211e+06
-4.58773e+06
 2.92953e+06
-2.31153e+06
 2.10476e+06
-1.35291e+06
      430245
 1.33036e+06
-1.77811e+06
     -519705
 1.22649e+06
      828750
-1.95589e+06
  1.6546e+06
     -630263
     -430556
     -397184
 1.80856e+06
-2.40997e+06
 3.19762e+06
-1.70554e+06
-2.52224e+06
 4.23925e+06
-2.36024e+06
-1.02792e+06
 4.10923e+06
-2.02324e+06
-2.88212e+06
      802225
 5.20938e+06
 -5.4435e+06
 2.62915e+06
-1.80713e+06
 1.74449e+06
-1.96539e+06
 1.31392e+06
      114050
 1.27955e+06
-1.38768e+06
-4.68485e+06
 6.54857e+06
 2.01876e+06
-6.53706e+06
-1.08508e+06
 7.47331e+06
-3.85915e+06
     -801501
     -417188
 2.25841e+06
 -1.1512e+06
      180381
 1.17664e+06
-3.78635e+06
 2.81427e+06
     -145032
 2.23967e+06
-3.07787e+06
-1.94351e+06
 3.56747e+06
 -1.0467e+06
  1.0941e+06
 1.34207e+06
-5.82371e+06
 2.74383e+06
      571717
  3.9521e+06
-3.95853e+06
-2.46761e+06
 1.19149e+06
 3.21273e+06
      702876
-3.76924e+06
     -204861
 1.93023e+06
-1.20991e+06
 3.29001e+06
-4.82341e+06
 4.98154e+06
-3.12851e+06
-3.78644e+06
 7.07431e+06
-1.91421e+06
     -862854
 1.50335e+06
-5.73237e+06
 5.08147e+06
     -461787
      520695
 1.34639e+06
-3.38547e+06
-5.11329e+06
 1.08019e+07
-2.29841e+06
 -3.9525e+06
      775122
 1.17708e+06
-2.14722e+06
 4.92084e+06
-3.12924e+06
-1.04323e+06
    -67224.7
  2.2808e+06
-2.08138e+06
 4.77603e+06
-5.88253e+06
-3.01994e+06
 1.26012e+07
 -1.1943e+07
 6.67711e+06
-2.76712e+06
     -447021
 1.64747e+06
-1.06647e+06
 1.05571e+06
-1.55413e+06
 2.57122e+06
-1.34205e+06
 -5.2034e+06
 9.34568e+06
-5.37007e+06
 2.08102e+06
-1.21021e+06
 -4.8568e+06
 7.95199e+06
      187802
 -4.4688e+06
-3.07794e+06
 6.95691e+06
-2.03359e+06
     -535908
-1.47489e+06
 2.48566e+06
      303482
-4.75049e+06
 2.90468e+06
 3.22312e+06
      225188
-8.32477e+06
 5.79988e+06
-1.86835e+06
 6.20783e+06
-5.34657e+06
-1.38853e+06
-1.31103e+06
 8.30508e+06
-7.73356e+06
 4.07851e+06
     -169031
-5.44776e+06
 7.45521e+06
-3.43311e+06
-3.82212e+06
 9.41279e+06
-7.20415e+06
 3.90413e+06
-6.78185e+06
  2.1627e+06
  9.1998e+06
-3.58739e+06
-8.59268e+06
      858253
 9.90645e+06
 -5.9939e+06
 3.89925e+06
-3.16574e+06
-6.29225e+06
 4.49336e+06
 1.07349e+07
 -1.0054e+07
     -746868
-1.45031e+06
 3.03648e+06
 1.34301e+06
 7.59475e+06
-1.60945e+07
 3.67923e+06
 7.94642e+06
 -4.5158e+06
      908139
 -1.1229e+06
 5.49156e+06
-1.35609e+07
 7.40231e+06
 6.84537e+06
      233190
-1.29865e+07
 3.87915e+06
 3.25245e+06
 7.80913e+06
-1.12563e+07
 1.67838e+06
  1.6311e+06
      557033
 2.65511e+06
-8.07579e+06
 6.21989e+06
     -405812
 3.83318e+06
-9.03955e+06
     -289181
  7.1899e+06
     -667308
 8.97478e+06
-2.49432e+07
 9.08036e+06
 1.25213e+07
 -1.2256e+06
-6.10093e+06
-8.56192e+06
 4.40845e+06
 8.46603e+06
 4.74704e+06
 -1.3586e+07
      232182
  2.0049e+06
  2.4497e+06
 1.99824e+06
 9.26765e+06
-2.25448e+07
 4.33813e+06
  5.2544e+06
 1.84565e+07
-2.04813e+07
-5.51725e+06
 9.76618e+06
-5.42177e+06
 1.74862e+07
-1.18672e+07
-1.57082e+07
 2.20002e+07
-6.68992e+06
     -527891
-1.01611e+06
  1.0705e+06
     -479334
 2.41372e+06
-6.45045e+06
 5.99313e+06
     -839758
 1.04381e+06
-2.54346e+06
-2.63943e+06
 2.83653e+06
 2.29288e+06
 1.31938e+06
     -212172
-1.35864e+07
    1.02e+07
 5.04547e+06
 1.08345e+07
-3.54528e+07
 1.99682e+07
 3.52279e+06
     -571106
 5.41727e+06
 -1.5347e+07
-6.07654e+06
 1.95554e+07
 5.18047e+06
 -1.1069e+07
-1.17185e+07
 9.74472e+06
 4.36632e+06
  1.0578e+06
-4.60515e+06
 4.98151e+06
-1.44549e+07
 1.04022e+07
 1.75049e+06
 7.13765e+06
-2.16618e+07
 2.24526e+07
-1.48695e+07
      533383
 4.11831e+06
 7.00093e+06
-1.13626e+06
-1.06001e+07
-7.80699e+06
 1.42437e+07
 1.15867e+07
-6.74089e+06
 -1.0103e+07
-2.22045e+07
 3.06406e+07
 2.84098e+07
-3.56898e+07
-3.67764e+07
 6.56228e+07
-3.32081e+07
 8.83595e+06
 1.36754e+07
-3.10899e+07
 9.84225e+06
 4.94471e+06
 1.11286e+07
 1.45022e+06
-2.19868e+07
  -1.055e+07
 2.82409e+07
 1.52107e+07
-2.21682e+07
-2.60942e+07
 2.54155e+07
 1.61973e+07
-1.23291e+07
 -1.3228e+07
 1.33547e+07
-2.39012e+07
 5.23715e+07
-4.88414e+07
 1.56491e+07
 2.42344e+06
 1.75009e+06
-1.29666e+07
 2.51312e+07
-2.35787e+07
-3.70332e+06
 2.96055e+07
-1.71919e+07
-7.67952e+06
-1.69774e+07
 6.48223e+07
-3.62117e+07
-5.39314e+07
 7.32575e+07
-6.62709e+06
-3.28628e+07
 3.27582e+07
-5.04402e+07
 3.64366e+07
 3.38298e+07
-4.48739e+07
-2.22691e+07
 3.26839e+07
 1.99222e+07
-1.97891e+07
-1.62831e+07
 1.19431e+07
-5.87636e+06
 2.88649e+07
-3.09299e+07
 2.04785e+07
-3.91149e+07
 4.36113e+07
-7.52677e+06
-3.95084e+06
-2.74693e+07
 4.63422e+07
-4.70387e+07
  4.9407e+07
-2.71282e+07
-1.29964e+07
 6.83536e+06
 4.72811e+07
-7.26974e+07
 3.21193e+07
 2.98938e+07
-5.34123e+07
 2.98457e+07
-2.56877e+06
 5.68682e+06
-2.37174e+07
 2.71041e+07
-1.71713e+07
 1.50268e+07
 -2.1157e+07
 1.18508e+07
 1.08456e+07
-9.69148e+06
-1.47951e+07
 2.04125e+07
-1.57328e+07
 3.66141e+07
-4.37588e+07
-7.00777e+06
 5.66561e+07
-4.66542e+07
 1.27041e+07
 1.18949e+07
-3.27717e+07
 3.00482e+07
 5.62867e+06
 -3.6911e+07
 3.25052e+07
 1.31449e+07
-5.42561e+07
  1.2996e+07
 5.49729e+07
-1.54085e+07
-5.39311e+07
 3.00043e+06
 5.78992e+07
-9.23932e+06
-1.24475e+07
 -4.4122e+07
  2.5672e+07
 5.41254e+07
-3.77497e+07
-4.87877e+07
 7.62809e+07
-3.49739e+07
-1.12239e+06
 -1.6944e+07
 5.17548e+07
-3.37945e+07
 5.22724e+06
-2.61736e+07
 9.65349e+06
 7.38142e+07
-7.72616e+07
-8.30359e+06
 2.69957e+07
     -165340
 3.42064e+07
-5.27392e+07
 3.26373e+06
 3.95008e+06
 4.36024e+07
-4.78607e+07
 1.76171e+07
 2.75139e+06
-2.76006e+07
 3.84787e+07
-2.92479e+07
 4.97647e+07
-7.80459e+07
 6.88775e+07
-6.59644e+07
 7.21476e+07
-4.18405e+07
 1.56752e+07
 1.20089e+07
 -1.1297e+08
 1.65245e+08
-2.97418e+07
-1.09515e+08
 7.54556e+07
 -1.3451e+07
 3.55563e+07
-5.45006e+07
 4.67288e+07
-2.39481e+07
-5.08543e+07
   8.943e+07
-8.31049e+06
-5.22755e+07
 2.32866e+07
-3.31307e+07
 4.00361e+07
 7.55018e+07
-1.39058e+08
 1.69328e+07
 5.80813e+07
 3.44101e+07
 -8.1243e+07
 1.79543e+07
     -425305
   2.171e+07
  1.4531e+07
-4.31736e+07
 3.15444e+06
 1.99813e+07
 2.33334e+07
-7.45073e+07
 1.02419e+08
-1.11954e+08
 7.60511e+07
-8.75047e+06
-1.63038e+07
 1.51246e+07
-5.94605e+07
 7.77584e+07
 1.47759e+07
-7.59415e+07
-2.31399e+07
 1.28502e+08
-9.61327e+07
 3.59547e+07
-4.86834e+07
 6.90688e+07
-3.68675e+07
-3.93359e+07
 1.05824e+08
-7.00875e+07
-3.95968e+07
 5.13131e+07
 4.49364e+07
-7.69445e+07
 3.78827e+07
-4.78258e+07
 5.43174e+07
  2.7574e+07
-8.88216e+07
 4.61868e+07
-3.10483e+06
 1.85755e+07
-1.77349e+07
-2.05576e+07
 5.66914e+07
-1.01546e+08
 1.33176e+08
-7.83022e+07
-1.33311e+07
 2.35746e+07
 1.32057e+07
-5.00728e+06
-4.71396e+06
-5.25533e+07
 1.37047e+08
-1.62147e+08
 6.48862e+07
 1.07884e+08
 -1.6958e+08
 4.87034e+07
 5.43526e+07
-2.62675e+06
-6.33953e+07
 5.72065e+07
-8.55157e+07
 1.19067e+08
-2.07622e+07
-8.97344e+07
 4.54848e+07
-5.19762e+06
 8.39318e+07
-8.01548e+07
-3.19977e+07
 4.45443e+07
-2.57025e+07
  1.0032e+08
-1.03865e+08
 4.86036e+07
-1.24411e+08
 1.43917e+08
 1.80501e+07
-9.69904e+06
-1.82894e+08
 1.44289e+08
 2.16093e+07
 2.26517e+07
-8.20997e+07
 2.73961e+06
-3.74718e+07
 1.70132e+08
-1.48303e+08
  6.5501e+07
-1.10884e+08
 1.81502e+08
-1.28009e+08
 8.70036e+06
     -960163
 1.25108e+08
-1.50636e+08
     -685459
 9.91498e+07
-1.05495e+08
 1.58572e+08
-9.69738e+07
-1.35862e+08
   1.187e+08
 1.77176e+08
-1.53788e+08
-1.78838e+08
 1.25324e+08
 2.56503e+08
-2.31595e+08
-1.21027e+08
 1.35142e+08
 3.49483e+07
 1.39226e+08
-3.13539e+08
 3.42966e+07
 2.02008e+08
-2.59605e+07
-2.77187e+07
-1.91658e+08
 1.49195e+08
-2.54818e+06
  2.7958e+08
-5.32693e+08
 2.43717e+08
 3.11212e+07
 8.46595e+07
-6.11481e+07
-2.05249e+08
 2.05434e+08
-2.36846e+07
 8.40052e+07
-2.10882e+08
 7.27479e+07
 1.62656e+08
-1.68479e+08
-5.51872e+07
 1.84984e+08
-2.90729e+07
-1.17337e+08
-2.71994e+06
  9.8572e+07
 3.45776e+07
-1.20018e+08
 4.21722e+07
 3.73419e+07
-8.08041e+07
 6.37027e+06
  2.0091e+08
-1.87511e+08
  -3.964e+07
-6.15248e+07
 3.54918e+08
-2.27312e+08
-3.24199e+07
 -1.0402e+08
 2.60142e+08
-1.65444e+08
 2.12965e+08
-3.11572e+08
 6.80451e+07
  1.2852e+08
 8.74085e+07
-2.02572e+08
-2.95277e+07
 8.16991e+07
 1.37589e+08
-1.40448e+08
-7.05799e+07
 1.48031e+08
-1.79743e+08
 2.94242e+08
-2.18764e+08
-4.29852e+07
 1.86481e+07
 2.53159e+08
-1.66566e+08
-1.97504e+08
 1.15347e+08
 3.11125e+08
-3.41492e+08
 1.36789e+08
-2.82108e+08
 3.52977e+08
 1.23224e+08
-4.36325e+08
 1.59108e+08
-7.88141e+07
 4.06278e+08
-3.08867e+08
-1.86202e+08
 2.70243e+08
-1.08926e+08
 2.33977e+08
-2.28474e+08
-1.55544e+08
 2.53717e+08
 4.12911e+07
-9.03075e+07
-2.04743e+07
 -1.5065e+08
 2.43433e+08
-1.09878e+07
 1.68864e+07
-2.99558e+08
 1.27979e+08
 4.37629e+08
-5.76019e+08
 2.20696e+08
-1.07882e+07
 1.35253e+08
-2.70813e+08
    2.25e+08
-1.08543e+08
 1.03051e+08
-2.11037e+08
 3.01442e+08
-3.51381e+08
 3.54772e+08
-2.29343e+08
 1.05448e+08
-1.50296e+08
 1.53578e+08
-7.67838e+07
 2.88355e+08
-5.33755e+08
 2.22452e+08
 7.95883e+07
 3.34649e+08
-6.24359e+08
 1.33903e+08
 2.04538e+08
-5.20884e+07
 2.08829e+08
-4.21579e+08
 8.15414e+07
 5.96966e+07
 2.56306e+08
-8.90707e+07
-1.91012e+08
-3.88834e+08
 8.98295e+08
 -5.4147e+08
 4.04414e+08
-6.77542e+08
 3.75344e+08
-9.92147e+07
 5.68136e+08
 -5.5822e+08
-2.11641e+08
 1.92848e+08
 4.74048e+08
-3.15907e+08
-2.69981e+08
 2.53504e+08
-6.79081e+07
  1.0302e+08
-2.46328e+07
-8.13638e+07
 1.33493e+08
-3.26648e+08
 2.84424e+08
 1.39845e+08
-2.59305e+08
 1.29894e+08
-3.77748e+08
 4.19912e+08
  2.8807e+08
-6.62373e+08
 8.20213e+07
 4.08026e+08
-3.14485e+08
  2.3359e+08
-1.24243e+08
-2.71076e+08
 2.59204e+08
 4.56842e+08
-8.51186e+08
 4.12782e+08
-9.66931e+07
 5.03216e+08
-8.59986e+08
 5.37324e+08
-5.14606e+07
-6.92007e+07
 1.15733e+08
-3.32908e+08
 3.41655e+08
 7.44662e+07
 -4.5957e+08
  3.2554e+08
 1.38746e+08
-2.07745e+08
-4.07576e+08
 9.11551e+08
  -5.424e+08
-5.09541e+07
  -3.678e+07
 2.83109e+08
  6.6559e+06
-2.17585e+08
-2.01025e+07
-1.77452e+08
  9.6049e+08
-1.05329e+09
-6.09338e+06
 1.03282e+09
-1.08019e+09
 6.32828e+08
-6.07975e+08
  9.7379e+08
-9.52682e+08
 4.20808e+08
 4.48275e+07
-4.91318e+08
 1.10238e+09
-8.77244e+08
-5.74036e+08
 1.23497e+09
  1.5607e+08
-1.45586e+09
 9.01859e+08
-1.78244e+08
  5.9191e+08
-4.55706e+08
-9.37404e+08
 1.43915e+09
-2.67528e+08
-5.69589e+08
 1.77517e+08
 2.14123e+08
  -1.098e+08
-3.67834e+07
 4.47984e+08
 -1.1658e+09
 1.20797e+09
-1.77123e+08
-9.70721e+08
 1.26164e+09
-6.47752e+08
 1.50779e+07
-4.24534e+08
 1.42402e+09
 -1.2435e+09
-1.93634e+08
 8.55278e+08
-2.03685e+08
-1.80808e+08
 7.55216e+07
-6.15544e+08
 1.06269e+09
-1.33137e+07
-1.21827e+09
 6.92006e+08
 6.09909e+08
-9.23501e+08
  5.7825e+08
-1.50694e+08
-7.79227e+08
 1.67833e+09
-1.48453e+09
  8.8904e+08
-1.00541e+09
 1.26072e+09
-8.88124e+08
 1.09535e+08
 9.56838e+08
-1.90403e+09
 1.63959e+09
-6.49117e+08
 7.43451e+08
-1.29554e+09
 2.17463e+08
 1.22675e+09
-1.28825e+08
-2.21852e+09
 1.94076e+09
  8.2105e+08
-2.21184e+09
 9.38198e+08
 4.47511e+08
-5.19852e+08
 7.88785e+08
-1.66557e+09
   1.113e+09
 1.00369e+09
-1.75159e+09
 1.65239e+08
 1.09407e+09
-5.36397e+08
-1.83512e+08
 1.81887e+07
-1.86189e+08
 1.29801e+09
-1.91271e+09
 9.46722e+08
 3.43463e+08
-2.44326e+08
-4.82874e+08
-1.54278e+08
  1.6094e+09
-1.54767e+09
 1.69626e+08
   2.137e+08
 3.60034e+08
 2.30499e+08
-1.94728e+09
 2.66637e+09
-1.81248e+09
 6.90468e+08
-2.72715e+08
  8.3948e+08
-2.09082e+09
 2.39414e+09
 -4.5662e+08
-1.82901e+09
 1.63256e+09
 -7.0243e+07
 4.91729e+08
-2.43907e+09
 2.44572e+09
-3.55204e+08
-6.00247e+08
-2.71351e+08
 4.20517e+08
  7.7559e+08
 -1.0036e+09
-5.82349e+08
  1.9441e+09
-1.51745e+09
 2.07148e+08
 2.17107e+08
 6.08263e+08
-1.08034e+09
 -2.2216e+08
 1.95417e+09
-1.92124e+09
 1.02411e+09
-1.16029e+09
 9.17194e+08
 9.79882e+08
-1.48884e+09
-7.01866e+08
 7.09277e+08
 3.53248e+09
-5.55354e+09
 1.28227e+09
 3.10654e+09
-1.45902e+09
-2.83204e+09
 3.49471e+09
-3.42785e+08
-2.44872e+09
 2.06069e+09
 5.26461e+08
-1.40524e+09
  -1.613e+09
  4.9378e+09
-3.91321e+09
 5.78087e+08
-2.85943e+08
 2.11071e+09
 -7.3013e+08
-3.34146e+09
 3.99519e+09
 5.13949e+08
 -5.1937e+09
 5.42154e+09
-1.29029e+09
-3.92554e+09
 6.37125e+09
-4.06819e+09
-1.21633e+09
 4.66125e+09
-2.34002e+09
-3.25388e+09
 4.05241e+09
  1.7261e+09
-4.45793e+09
-8.19355e+08
 4.39008e+09
-3.36909e+08
-2.08134e+09
-1.43491e+09
 1.40404e+09
 3.68315e+09
-3.07563e+09
-3.88885e+09
 7.20396e+09
-5.06532e+09
 2.04989e+09
 4.77722e+08
 1.38011e+08
-4.62243e+09
 3.93277e+09
 5.11447e+09
-8.90006e+09
 9.98745e+08
 5.01053e+09
-1.12923e+09
-3.15823e+09
 1.41307e+09
 2.23487e+09
-5.03029e+09
 6.58712e+09
-4.87398e+09
 1.12658e+09
  6.0097e+07
 1.83048e+09
-1.83497e+09
-4.57475e+09
 1.31384e+10
-1.12925e+10
-2.11207e+09
 7.97891e+09
 2.94902e+09
-1.20367e+10
 7.21129e+09
-2.85583e+09
 5.64731e+09
-2.85164e+09
-4.21291e+09
 1.64291e+09
 4.71265e+09
-2.46591e+09
-3.98645e+08
-3.17866e+09
 3.92392e+09
-1.95323e+09
 6.37004e+09
-8.98495e+09
   1.498e+09
 1.85207e+09
 4.29989e+09
-1.93208e+09
-8.94177e+09
 6.89286e+09
 3.97633e+09
-9.04246e+08
-1.05727e+10
 9.74688e+09
-1.29041e+09
-1.33576e+07
-1.35368e+09
    -3.2e+09
 8.12041e+09
-6.86374e+09
  2.7367e+09
-4.40792e+08
   -0.577776
   -0.571416
   -0.565624
   -0.560365
   -0.555607
   -0.551316
   -0.547462
   -0.544017
   -0.540948
   -0.538222
   -0.535801
    -0.53364
    -0.53169
     -0.5299
   -0.528213
   -0.526577
   -0.524943
   -0.523272
   -0.521537
   -0.519723
   -0.517834
    -0.51589
   -0.513926
   -0.511988
   -0.510133
    -0.50842
   -0.506907
   -0.505647
   -0.504683
   -0.504045
    -0.50375
   -0.503798
   -0.504177
   -0.504859
   -0.505808
    -0.50698
   -0.508326
     -0.5098
   -0.511356
   -0.512951
   -0.514547
   -0.516106
   -0.517587
   -0.518949
   -0.520146
    -0.52113
   -0.521853
    -0.52227
   -0.522343
   -0.522042
   -0.521344
   -0.520237
   -0.518718
   -0.516789
   -0.514459
   -0.511741
   -0.508652
   -0.505216
   -0.501483
   -0.497379
   -0.493109
     -0.4886
   -0.483931
   -0.479154
   -0.474327
   -0.469505
   -0.464742
   -0.460086
   -0.455583
   -0.451266
   -0.447163
   -0.443295
   -0.439675
   -0.436309
   -0.433202
   -0.430356
   -0.427769
    -0.42544
    -0.42337
   -0.421556
   -0.419996
   -0.418687
   -0.417626
   -0.416807
    -0.41622
   -0.415852
   -0.415685
   -0.415691
   -0.415836
   -0.416075
   -0.416354
   -0.416614
    -0.41679
   -0.416821
   -0.416648
   -0.416225
   -0.415519
   -0.414515
   -0.413216
   -0.411642
   -0.409832
   -0.407837
   -0.405719
   -0.403546
   -0.401391
    -0.39932
   -0.397397
   -0.395675
   -0.394194
   -0.392984
   -0.392057
   -0.391417
    -0.39105
   -0.390935
   -0.391037
   -0.391314
   -0.391719
   -0.392199
   -0.392703
    -0.39318
   -0.393582
   -0.393869
   -0.394004
   -0.393957
   -0.393703
   -0.393219
   -0.392491
   -0.391506
   -0.390256
   -0.388738
   -0.386953
   -0.384909
   -0.382619
   -0.380101
   -0.377376
   -0.374472
   -0.371418
   -0.368248
   -0.364994
   -0.361695
   -0.358387
   -0.355106
   -0.351891
   -0.348779
   -0.345805
   -0.343002
   -0.340401
   -0.338027
   -0.335899
   -0.334031
   -0.332428
   -0.331088
   -0.330002
   -0.329156
   -0.328531
   -0.328102
   -0.327844
   -0.327733
   -0.327739
   -0.327833
   -0.327987
   -0.328164
    -0.32833
   -0.328447
   -0.328477
   -0.328384
   -0.328138
   -0.327719
   -0.327114
   -0.326324
   -0.325356
   -0.324229
   -0.322966
   -0.321595
   -0.320149
   -0.318659
   -0.317159
   -0.315684
   -0.314264
   -0.312931
   -0.311708
   -0.310617
   -0.309672
    -0.30888
   -0.308243
   -0.307753
   -0.307399
   -0.307164
   -0.307026
   -0.306961
   -0.306943
    -0.30695
   -0.306958
    -0.30695
   -0.306909
   -0.306823
   -0.306683
   -0.306477
   -0.306196
   -0.305827
   -0.305353
   -0.304757
   -0.304017
   -0.303113
   -0.302023
   -0.300731
   -0.299222
   -0.297489
   -0.295529
   -0.293343
    -0.29094
    -0.28833
   -0.285528
   -0.282549
   -0.279409
   -0.276121
   -0.272699
    -0.26915
    -0.26548
   -0.261691
   -0.257781
    -0.25375
     -0.2496
   -0.245332
   -0.240952
   -0.236469
   -0.231891
   -0.227226
   -0.222482
   -0.217659
   -0.212754
    -0.20776
   -0.202661
   -0.197444
   -0.192091
    -0.18659
   -0.180933
   -0.175121
   -0.169165
   -0.163086
   -0.156913
   -0.150681
   -0.144428
    -0.13819
   -0.131998
   -0.125873
   -0.119825
   -0.113854
   -0.107943
   -0.102067
  -0.0961877
  -0.0902592
  -0.0842281
  -0.0780362
  -0.0716236
  -0.0649307
  -0.0579022
  -0.0504902
  -0.0426574
  -0.0343805
  -0.0256526
  -0.0164853
 -0.00690973
  0.00302345
    0.013245
   0.0236695
    -1.38238
     17675.1
