 8.53011e-06
  4.4463e-08
-1.10675e-05
-1.87361e-05
-1.86111e-05
-1.09432e-05
-3.99852e-07
 6.74423e-06
 6.30512e-06
-1.38624e-06
-1.17296e-05
 -1.8544e-05
 -1.7713e-05
-9.64592e-06
 9.01681e-07
 7.51689e-06
 5.96708e-06
-3.09193e-06
-1.42878e-05
-2.05615e-05
-1.75625e-05
-6.67551e-06
 5.42071e-06
 1.06675e-05
 4.99079e-06
-8.52006e-06
-2.10267e-05
-2.36556e-05
-1.38633e-05
  2.1051e-06
  1.3062e-05
 1.08697e-05
-3.28703e-06
-1.93586e-05
-2.57523e-05
 -1.8026e-05
-2.11193e-06
 1.04061e-05
 1.10551e-05
  3.2769e-07
-1.34915e-05
-2.09052e-05
-1.78219e-05
-7.55433e-06
 2.40946e-06
  5.8992e-06
 1.73539e-06
-6.34203e-06
-1.28017e-05
-1.40532e-05
-1.02726e-05
-4.63939e-06
-8.59049e-07
-7.88189e-07
-3.64707e-06
-7.01463e-06
-8.72291e-06
-8.19529e-06
-6.49254e-06
-5.18107e-06
-5.07402e-06
-5.76211e-06
-6.18524e-06
-5.69711e-06
-4.67897e-06
 -4.2099e-06
-5.08269e-06
-7.00753e-06
-8.64428e-06
-8.59599e-06
-6.53572e-06
-3.63074e-06
-1.87685e-06
-2.63563e-06
-5.65385e-06
-9.02572e-06
-1.04825e-05
-8.93655e-06
-5.29946e-06
-1.93128e-06
-1.07177e-06
-3.32835e-06
-7.23523e-06
-1.02192e-05
-1.03385e-05
-7.52256e-06
-3.65883e-06
-1.27466e-06
-1.91378e-06
-5.12998e-06
-8.79656e-06
-1.05222e-05
-9.17619e-06
-5.60661e-06
-2.11126e-06
-9.67147e-07
-3.00549e-06
-7.03266e-06
-1.05427e-05
-1.12214e-05
-8.41748e-06
-3.67528e-06
 1.03212e-07
 3.75763e-07
-3.40044e-06
-9.20453e-06
 -1.3485e-05
-1.32524e-05
-8.12975e-06
-8.97523e-07
 3.93407e-06
 2.86122e-06
-4.11711e-06
-1.30514e-05
-1.81863e-05
  -1.561e-05
-6.18732e-06
 4.43793e-06
 9.15176e-06
 4.09964e-06
 -8.2275e-06
 -1.9995e-05
-2.29936e-05
 -1.4332e-05
 8.64741e-07
 1.23883e-05
  1.1794e-05
-1.28012e-06
-1.81817e-05
-2.69594e-05
-2.09861e-05
-4.17691e-06
 1.15487e-05
 1.49422e-05
 3.73405e-06
-1.38206e-05
 -2.5259e-05
-2.29978e-05
-9.37651e-06
 5.72605e-06
 1.22336e-05
 6.61736e-06
-6.47635e-06
-1.80936e-05
-2.11215e-05
-1.44835e-05
-3.16704e-06
 5.53245e-06
 6.62549e-06
  1.6565e-07
-9.31344e-06
-1.59318e-05
-1.60468e-05
 -1.0145e-05
-2.20156e-06
 2.98397e-06
 2.58392e-06
-2.72028e-06
-9.46922e-06
-1.36128e-05
-1.29083e-05
-8.10327e-06
-2.29117e-06
 1.03831e-06
 8.47061e-08
-4.33328e-06
-9.38923e-06
-1.20305e-05
-1.08047e-05
-6.66523e-06
-2.24667e-06
-2.54988e-07
-1.77988e-06
-5.73385e-06
-9.57723e-06
-1.09329e-05
-9.06615e-06
-5.26488e-06
-1.98144e-06
-1.24996e-06
-3.44729e-06
-7.07479e-06
-9.80867e-06
-9.95333e-06
-7.52436e-06
-4.12715e-06
-1.91133e-06
-2.21389e-06
-4.73409e-06
-7.84132e-06
 -9.6232e-06
-9.07216e-06
-6.63081e-06
-3.83759e-06
-2.34251e-06
-2.94466e-06
-5.16881e-06
-7.66343e-06
-8.99527e-06
-8.50407e-06
-6.59811e-06
-4.42662e-06
-3.17976e-06
-3.41767e-06
-4.86353e-06
-6.66866e-06
-7.90687e-06
-8.08447e-06
-7.23658e-06
-5.83242e-06
-4.49452e-06
-3.75124e-06
-3.89702e-06
-4.90821e-06
-6.43959e-06
-7.86225e-06
-8.48737e-06
-7.84923e-06
-6.05337e-06
-3.84802e-06
-2.40875e-06
-2.70975e-06
-4.89093e-06
-7.96936e-06
-1.02216e-05
-1.01223e-05
 -7.3699e-06
-3.33434e-06
-3.79457e-07
 -5.4306e-07
-4.09696e-06
-9.16073e-06
 -1.2596e-05
-1.19986e-05
-7.32321e-06
-1.23113e-06
 2.38167e-06
  8.5447e-07
-5.30301e-06
-1.24185e-05
 -1.5777e-05
-1.27019e-05
-4.62115e-06
 3.45175e-06
 5.95675e-06
 5.32619e-07
-9.95285e-06
-1.87596e-05
  -1.949e-05
 -1.0674e-05
 2.59212e-06
 1.14021e-05
 8.89624e-06
-4.45446e-06
-2.02424e-05
-2.72811e-05
-1.95244e-05
-1.21626e-06
 1.51381e-05
 1.74128e-05
 3.08653e-06
-1.81677e-05
-3.11317e-05
-2.63779e-05
-7.35812e-06
 1.22394e-05
 1.88133e-05
 8.55776e-06
-1.05178e-05
-2.51562e-05
-2.63172e-05
-1.46238e-05
 1.31876e-06
 1.13755e-05
 1.02855e-05
-1.24522e-08
-1.26627e-05
-2.04264e-05
-1.95681e-05
-1.12297e-05
-2.81926e-07
 7.37623e-06
 7.65661e-06
 3.38759e-07
 -1.0774e-05
-1.95503e-05
-2.07796e-05
-1.31491e-05
-4.81909e-07
 1.00312e-05
 1.17439e-05
 2.69457e-06
 -1.2704e-05
-2.55931e-05
-2.76071e-05
-1.61219e-05
 3.45458e-06
 1.99548e-05
 2.25492e-05
 7.47305e-06
 -1.8685e-05
 -4.1403e-05
-4.58029e-05
-2.55158e-05
 1.20412e-05
 4.74718e-05
 5.82841e-05
 3.07866e-05
-3.08173e-05
-0.000103467
-0.000153708
 -0.00015204
-6.07464e-05
  0.00172703
    0.101623
   0.0862301
   0.0699649
   0.0498893
   0.0269169
  0.00477008
  -0.0119871
  -0.0201026
  -0.0191159
  -0.0115724
 -0.00192705
  0.00532982
  0.00746203
  0.00439789
 -0.00159599
 -0.00724168
 -0.00989244
  -0.0086974
 -0.00478576
-0.000475693
  0.00201019
  0.00164211
  -0.0010334
 -0.00434818
 -0.00649005
  -0.0064556
 -0.00449367
 -0.00185556
-4.45128e-05
 7.20498e-06
 -0.00160156
 -0.00385517
 -0.00542384
 -0.00541438
 -0.00387036
 -0.00174396
-0.000347118
-0.000566859
 -0.00229868
 -0.00446326
 -0.00564915
 -0.00502543
  -0.0029382
-0.000749927
 4.05094e-05
 -0.00116243
 -0.00358285
 -0.00556517
 -0.00572524
  -0.0039443
 -0.00146433
 1.80694e-06
-0.000511738
 -0.00257778
 -0.00474415
 -0.00559139
 -0.00467723
 -0.00273272
 -0.00106459
-0.000660182
 -0.00161766
 -0.00320556
 -0.00441801
  -0.0046089
 -0.00381286
 -0.00261953
  -0.0017527
 -0.00164104
 -0.00222597
 -0.00307658
 -0.00368818
 -0.00377148
 -0.00337272
 -0.00278905
 -0.00236235
 -0.00228945
 -0.00254682
 -0.00294505
 -0.00325835
 -0.00334241
 -0.00318556
 -0.00288826
 -0.00260247
 -0.00246628
 -0.00255122
 -0.00283444
 -0.00319255
 -0.00343926
 -0.00340766
 -0.00305438
  -0.0025219
 -0.00210479
 -0.00209711
 -0.00259558
 -0.00338633
  -0.0040162
 -0.00404632
 -0.00334925
 -0.00225297
   -0.001399
 -0.00136883
 -0.00229038
 -0.00369502
 -0.00474854
 -0.00475206
 -0.00360597
 -0.00193071
-0.000730104
-0.000781471
 -0.00212938
 -0.00401005
 -0.00529136
  -0.0051616
 -0.00365022
 -0.00163934
-0.000343276
-0.000567133
 -0.00220219
  -0.0042745
 -0.00552958
 -0.00519575
 -0.00346491
 -0.00138384
-0.000221228
-0.000688952
  -0.0025014
 -0.00454595
 -0.00556651
 -0.00493709
 -0.00305209
 -0.00108069
-0.000243807
 -0.00105693
 -0.00301028
 -0.00488617
  -0.0055157
 -0.00450559
 -0.00248135
-0.000703418
-0.000286275
 -0.00150385
 -0.00361322
   -0.005305
 -0.00550923
 -0.00406515
 -0.00184096
-0.000215364
-0.000234293
 -0.00194296
 -0.00432682
 -0.00590374
 -0.00563627
 -0.00360353
 -0.00100859
 0.000524215
-4.49869e-05
 -0.00247733
 -0.00532624
 -0.00678713
 -0.00582565
 -0.00290345
 0.000217848
  0.00151987
 2.57753e-05
 -0.00348197
 -0.00683524
 -0.00780464
  -0.0055778
 -0.00141914
  0.00201026
  0.00234415
-0.000843293
 -0.00559311
 -0.00873402
 -0.00801595
 -0.00375806
  0.00122106
  0.00348168
  0.00139521
 -0.00363364
 -0.00812287
 -0.00899013
 -0.00573184
-0.000703398
  0.00264251
  0.00218725
 -0.00151767
 -0.00583674
 -0.00796914
 -0.00676944
 -0.00329573
 0.000103013
  0.00138279
 8.89769e-06
 -0.00292132
 -0.00553091
 -0.00636432
 -0.00515868
 -0.00282505
 -0.00077898
-9.28175e-05
-0.000974413
 -0.00278135
 -0.00447223
 -0.00519002
 -0.00466471
 -0.00327447
 -0.00178892
-0.000961378
 -0.00116601
 -0.00224714
 -0.00361758
 -0.00456607
  -0.0046135
 -0.00375448
 -0.00245743
 -0.00141731
 -0.00119115
 -0.00189164
 -0.00312536
 -0.00420689
 -0.00454075
 -0.00395304
 -0.00279096
 -0.00172028
 -0.00134218
 -0.00185218
 -0.00293644
 -0.00395799
 -0.00433452
 -0.00387227
 -0.00286232
  -0.0019041
 -0.00154746
 -0.00198355
 -0.00294147
 -0.00385565
 -0.00419718
 -0.00376799
 -0.00281339
 -0.00188529
 -0.00153206
 -0.00199235
 -0.00303351
  -0.0040681
 -0.00445796
 -0.00389848
 -0.00263665
 -0.00138942
-0.000957949
 -0.00172903
 -0.00336817
 -0.00492642
 -0.00536552
 -0.00423427
 -0.00205467
-0.000121995
 0.000244078
 -0.00142079
 -0.00428809
 -0.00661219
  -0.0067704
 -0.00437121
-0.000685154
  0.00198098
  0.00170483
  -0.0016965
 -0.00629787
 -0.00910023
 -0.00796765
 -0.00323746
  0.00218322
  0.00456241
  0.00194213
 -0.00423857
  -0.0098507
  -0.0108714
  -0.0063607
 0.000668483
  0.00531658
  0.00433501
  -0.0015356
 -0.00816767
  -0.0110772
   -0.008516
 -0.00246975
  0.00296076
   0.0043935
  0.00122649
  -0.0042635
  -0.0085837
 -0.00922572
 -0.00604389
 -0.00114219
  0.00250726
  0.00281466
-0.000279418
 -0.00485902
 -0.00819424
 -0.00832113
 -0.00518249
-0.000646818
  0.00256897
  0.00249584
-0.000881978
 -0.00557633
 -0.00873812
 -0.00836677
 -0.00458326
  0.00037863
  0.00346151
  0.00267369
 -0.00162608
 -0.00685989
 -0.00976992
  -0.0084525
  -0.0036082
  0.00180738
  0.00439827
  0.00246714
 -0.00286247
 -0.00829231
  -0.0104004
 -0.00782068
 -0.00213131
  0.00309975
  0.00457755
  0.00136359
 -0.00451581
  -0.0093457
  -0.0100852
 -0.00628431
-0.000374938
  0.00389026
  0.00381674
-0.000522488
 -0.00633692
 -0.00990515
 -0.00895509
 -0.00411285
  0.00149625
   0.0042491
  0.00236381
 -0.00294318
 -0.00822968
  -0.0100486
 -0.00719114
 -0.00149488
  0.00333002
  0.00411035
 0.000294843
 -0.00565654
 -0.00985837
 -0.00953906
 -0.00486611
  0.00114136
  0.00456867
  0.00317313
 -0.00215809
 -0.00797943
  -0.0105436
 -0.00821387
 -0.00250533
  0.00292455
  0.00464867
  0.00162458
 -0.00418588
 -0.00912408
  -0.0101474
 -0.00669883
-0.000972748
  0.00352659
  0.00425184
 2.15052e-05
 -0.00546404
 -0.00925044
  -0.0091886
 -0.00540282
-0.000197293
  0.00332967
  0.00311288
-0.000684371
 -0.00579106
  -0.0091554
 -0.00874507
 -0.00476229
  0.00044517
  0.00371117
  0.00294599
 -0.00152652
 -0.00705406
  -0.0101515
 -0.00867083
 -0.00329578
  0.00267626
  0.00526668
  0.00246401
 -0.00420645
  -0.0103811
   -0.011679
 -0.00684447
  0.00103931
  0.00644888
   0.0053665
 -0.00162285
 -0.00955758
  -0.0127142
 -0.00889967
 -0.00104268
  0.00513762
  0.00545803
 0.000161784
  -0.0066609
  -0.0103211
 -0.00879888
 -0.00372966
  0.00118958
   0.0029125
 0.000856784
 -0.00313113
 -0.00632037
 -0.00693822
 -0.00507169
 -0.00229052
-0.000424122
-0.000389139
  -0.0018006
  -0.0034632
  -0.0043066
 -0.00404611
 -0.00320544
 -0.00255795
  -0.0025051
 -0.00284482
 -0.00305372
 -0.00281273
 -0.00231006
 -0.00207848
 -0.00250938
  -0.0034597
 -0.00426778
 -0.00424394
 -0.00322676
 -0.00179254
-0.000926622
 -0.00130123
 -0.00279137
  -0.0044561
 -0.00517535
 -0.00441208
  -0.0026164
-0.000953494
-0.000529144
 -0.00164325
 -0.00357212
 -0.00504534
 -0.00510423
 -0.00371397
 -0.00180641
-0.000629314
-0.000944855
 -0.00253273
 -0.00434296
 -0.00519494
 -0.00453039
 -0.00276805
 -0.00104235
-0.000477492
 -0.00148384
  -0.0034721
 -0.00520507
 -0.00554014
 -0.00415581
 -0.00181453
  5.0957e-05
 0.000185518
 -0.00167884
 -0.00454438
 -0.00665768
 -0.00654284
 -0.00401375
-0.000443117
   0.0019423
  0.00141262
 -0.00203266
  -0.0064436
  -0.0089788
 -0.00770686
 -0.00305475
  0.00219106
  0.00451833
  0.00202404
 -0.00406201
 -0.00987177
  -0.0113522
 -0.00707587
 0.000426932
  0.00611623
  0.00582285
-0.000632009
 -0.00897652
  -0.0133102
  -0.0103611
 -0.00206219
  0.00570171
  0.00737713
  0.00184354
 -0.00682338
  -0.0124707
  -0.0113543
 -0.00462929
  0.00282702
  0.00603986
  0.00326707
 -0.00319745
   -0.008933
  -0.0104279
 -0.00715064
  -0.0015636
  0.00273143
  0.00327108
 8.17831e-05
 -0.00459815
 -0.00786572
  -0.0079225
 -0.00500868
 -0.00108693
  0.00147322
  0.00127571
 -0.00134303
 -0.00467506
  -0.0067208
 -0.00637296
 -0.00400067
 -0.00113117
 0.000512626
 4.18203e-05
 -0.00213939
 -0.00463557
 -0.00593957
 -0.00533442
  -0.0032907
 -0.00110921
 -0.00012589
-0.000878747
 -0.00283088
 -0.00472839
 -0.00539771
 -0.00447606
 -0.00259933
-0.000978259
-0.000617121
 -0.00170196
  -0.0034929
 -0.00484265
 -0.00491407
 -0.00371486
 -0.00203762
-0.000943644
 -0.00109302
 -0.00233727
 -0.00387135
 -0.00475108
 -0.00447902
 -0.00327371
 -0.00189466
 -0.00115652
 -0.00145382
  -0.0025519
 -0.00378352
 -0.00444106
 -0.00419856
 -0.00325756
 -0.00218547
 -0.00156988
 -0.00168734
 -0.00240118
 -0.00329239
 -0.00390371
 -0.00399139
 -0.00357278
 -0.00287953
 -0.00221899
 -0.00185203
   -0.001924
 -0.00242324
  -0.0031793
 -0.00388168
 -0.00419031
 -0.00387525
 -0.00298862
 -0.00189981
 -0.00118923
 -0.00133783
 -0.00241471
 -0.00393456
 -0.00504653
 -0.00499752
  -0.0036386
  -0.0016462
-0.000187342
-0.000268115
 -0.00202271
 -0.00452276
  -0.0062188
 -0.00592382
 -0.00361555
-0.000607824
  0.00117586
 0.000421861
 -0.00261815
 -0.00613115
 -0.00778927
 -0.00627109
 -0.00228151
  0.00170416
  0.00294091
  0.00026296
 -0.00491383
  -0.0092618
 -0.00962246
 -0.00526986
  0.00127976
  0.00562936
  0.00439218
 -0.00219922
 -0.00999389
   -0.013469
  -0.0096394
-0.000600479
  0.00747387
  0.00859691
  0.00152385
 -0.00896957
  -0.0153701
   -0.013023
 -0.00363282
  0.00604273
  0.00928836
  0.00422506
 -0.00519273
  -0.0124199
  -0.0129931
 -0.00721996
 0.000651086
  0.00561623
  0.00507805
-6.15035e-06
  -0.0062517
  -0.0100847
 -0.00966098
 -0.00554425
 -0.00013919
  0.00364173
  0.00378016
 0.000167249
 -0.00531923
 -0.00965218
  -0.0102591
 -0.00649187
-0.000237924
   0.0049525
  0.00579811
  0.00133034
 -0.00627209
  -0.0126356
  -0.0136299
 -0.00795956
  0.00170556
  0.00985189
   0.0111328
  0.00368953
 -0.00922499
  -0.0204411
  -0.0226134
  -0.0125974
  0.00594487
   0.0234374
   0.0287755
   0.0151997
  -0.0152148
  -0.0510829
  -0.0758873
  -0.0750637
  -0.0299912
    0.852655
     46.4153
