-8.25766e-05
 0.000248115
-9.95981e-05
-0.000232926
 2.85473e-05
 0.000165892
 0.000130972
-5.10436e-05
-0.000120647
-0.000140523
 4.72718e-05
 0.000179214
 4.30575e-05
-2.86521e-05
-0.000166418
-7.20921e-05
 8.99253e-05
 0.000169623
 4.62572e-05
-9.69522e-05
-9.99912e-05
-0.000160672
   4.824e-05
 0.000223674
 0.000130098
-3.67204e-05
-0.000169305
-0.000158781
 9.06472e-06
   0.0001679
 6.89091e-05
 4.62335e-06
-5.12444e-05
-3.41944e-05
-2.58496e-05
-7.91793e-05
 8.89282e-05
 5.15822e-05
-7.87675e-05
  0.00017193
-8.68223e-05
 4.32738e-05
-0.000137547
-0.000170561
 0.000162222
 5.82475e-05
 9.39165e-05
 6.92105e-05
 2.98627e-05
-0.000153312
-0.000209565
-0.000217818
 0.000171039
 0.000333078
 0.000350855
-9.42974e-07
-0.000476077
-0.000364679
-0.000106662
  0.00010188
 0.000578611
 0.000315463
 0.000157155
-0.000594963
 -0.00059558
-0.000228155
 0.000436087
 0.000679627
 0.000384718
-0.000171066
-0.000682039
-0.000791393
 5.76787e-05
 0.000921674
 0.000683654
 0.000144192
-0.000587606
-0.000986912
-0.000407937
 0.000492467
 0.000972226
 0.000675465
-0.000376715
-0.000698517
-0.000818324
-3.60726e-05
 0.000539169
  0.00078008
  0.00049887
 -0.00031777
-0.000908099
-0.000616222
 0.000118238
 0.000755077
 0.000705843
 0.000130605
-0.000500955
 -0.00084918
-0.000370493
 0.000280708
  0.00112679
 0.000422236
-0.000350087
-0.000894831
-0.000666505
 0.000372224
 0.000835623
 0.000588899
-8.96376e-05
-0.000872247
-0.000601693
-1.76178e-05
 0.000691152
 0.000858558
-8.37988e-05
-0.000582831
-0.000782352
-2.26167e-05
 0.000510752
 0.000812457
-5.28285e-05
-0.000545934
-0.000497104
-6.26292e-05
 0.000359661
 0.000725459
-0.000123733
-0.000335272
-0.000401489
-0.000437653
 0.000485384
 0.000566817
 0.000488805
-0.000353227
-0.000687882
-0.000696484
 0.000266794
  0.00086944
  0.00057092
 0.000131916
-0.000956975
-0.000747239
-0.000177053
  0.00074102
  0.00112575
 7.96149e-05
-0.000819533
-0.000751291
 -0.00033531
  0.00049221
 0.000894792
  0.00038293
-8.07662e-05
-0.000889428
 -0.00106697
 0.000370703
 0.000898726
  0.00104739
-0.000221438
-0.000952304
-0.000821753
 0.000151477
 0.000365646
 0.000987843
 0.000369479
 -0.00070811
-0.000797004
-0.000338396
 0.000358743
 0.000887043
 0.000513355
-0.000503699
-0.000771004
-0.000279005
 0.000123487
 0.000673365
  0.00041698
-5.98346e-05
-0.000560957
-0.000486665
 0.000170715
 0.000378152
  0.00020952
 1.85706e-05
 8.72987e-05
-0.000526663
-0.000192314
 0.000254493
 0.000168148
 8.14138e-05
 0.000203716
-0.000237306
-0.000202976
-0.000199909
 0.000107767
 0.000372689
 9.47984e-05
 5.02428e-05
-0.000421746
-0.000208955
-3.09442e-05
 0.000388396
 0.000519673
-0.000206205
-0.000570561
-0.000256117
 0.000238199
 0.000328477
 0.000433644
-0.000321469
-6.61253e-05
 -0.00102634
 0.000725775
 0.000502192
 0.000140529
-0.000186657
-0.000418526
-0.000654723
 0.000552669
 0.000242673
 0.000808253
-0.000169626
-0.000790248
 -0.00107263
 0.000597566
  0.00104202
  0.00066516
-0.000295415
 -0.00127762
-0.000746595
 0.000394754
   0.0013887
 0.000325619
 0.000186211
 -0.00097296
 -0.00153132
 0.000531792
 0.000851681
  0.00075684
 0.000390605
-0.000424359
 -0.00156198
 1.39035e-05
 2.18722e-06
  0.00141965
 0.000666359
-0.000431611
 -0.00126852
 -0.00103105
   0.0012084
 0.000883697
 0.000557669
  -0.0008598
-0.000651902
-0.000460946
  0.00021621
  0.00109987
 0.000364079
-0.000445103
-0.000960866
 0.000352801
-4.96017e-05
  0.00013947
 0.000679185
-0.000247483
 -0.00076155
 0.000588898
-0.000476208
 0.000425941
  0.00021548
 -0.00015582
-0.000407284
 0.000313625
-0.000574467
  0.00105165
-0.000380539
-7.05147e-05
-0.000469188
 0.000298621
 0.000154676
 0.000340079
 -0.00022584
-0.000700824
 0.000327399
 0.000276963
 0.000144926
 0.000103995
-0.000202068
-0.000491071
 9.40755e-05
-3.33273e-05
 0.000629792
 0.000288562
-0.000569472
-0.000450209
 0.000293546
-0.000218699
 0.000428156
 0.000520428
-0.000539591
-0.000729205
   0.0010145
-0.000170662
-0.000591653
 0.000232077
 0.000334343
 5.04613e-05
 -8.5125e-05
 1.41911e-05
-0.000308834
  -0.0004885
 0.000139563
  0.00156364
 -0.00015373
-0.000914388
 -0.00111827
 0.000500147
 0.000389726
 0.000893449
 0.000637323
-0.000932181
-0.000440101
 -0.00175204
 0.000637324
  0.00227756
 0.000234654
-0.000393895
 -0.00105585
 -0.00136778
 0.000183521
  0.00204152
 0.000491584
-7.21579e-05
 -0.00207829
-0.000200988
  0.00048479
  0.00149972
 0.000304866
-0.000811068
-0.000799094
-0.000805163
 0.000565531
  0.00143022
 0.000754604
-0.000710653
 -0.00194898
 -0.00048377
  0.00155123
  0.00110165
 0.000419298
-0.000792729
 -0.00210282
 4.53637e-05
  0.00132783
 0.000984334
 0.000127005
 7.64736e-05
 -0.00118351
 -0.00210295
  0.00110468
  0.00135648
  0.00164879
-0.000283726
 -0.00209561
 -0.00141789
  0.00123189
 0.000682286
 0.000139562
  0.00164226
-0.000522763
 -0.00271806
-0.000828374
  0.00207412
  0.00199819
-0.000679904
 -0.00128089
-0.000704394
-0.000302989
  0.00159433
-9.10783e-06
 5.89078e-05
-2.12523e-06
-0.000469437
 -0.00121168
 0.000172825
  0.00232872
 -0.00071129
 -0.00012653
 -0.00108915
 5.41782e-05
 0.000232364
 0.000782225
-9.17246e-05
 0.000344479
 -0.00134025
-0.000126473
 0.000811826
 0.000836138
-0.000606916
-0.000684857
 7.93395e-05
 0.000269108
-0.000159168
 0.000702468
 0.000425181
  -0.0011066
-0.000984602
 0.000557171
  0.00206406
 -0.00163747
 0.000887404
 -0.00101489
-0.000225311
  6.8328e-05
  0.00037461
   0.0010203
-0.000119531
-0.000977702
-0.000311522
-0.000309753
 0.000538321
 0.000147449
   0.0018629
-0.000611675
 -0.00196011
 -0.00101369
 0.000462002
  0.00231286
  0.00275085
  -0.0037332
 -0.00198377
-0.000760444
  0.00398589
 0.000919818
 -0.00101049
  -0.0018784
 -0.00135332
  0.00244153
 5.60698e-05
  0.00101498
 -0.00163868
-0.000397857
 0.000587538
-0.000588091
  0.00158247
-4.32557e-06
 -0.00185013
 0.000578558
-0.000149482
 0.000907839
  0.00101966
 -0.00201488
 0.000746296
 -0.00144555
 0.000826129
  0.00138615
 0.000790546
 -0.00205168
 -0.00131802
  0.00117777
 0.000816692
 0.000999936
-0.000788742
-0.000800781
 -0.00178942
  0.00272747
-0.000889507
 0.000750227
 0.000552438
-0.000104338
 -0.00244775
 -0.00102845
  0.00233807
  0.00210071
   0.0010085
 -0.00417522
  -0.0005331
 0.000760739
 0.000497599
   0.0021409
-0.000828218
-0.000334753
-0.000559047
 -0.00254329
  0.00325611
 9.31453e-05
 -0.00088989
  0.00110152
-0.000655626
 -0.00162028
  0.00118016
 0.000361223
  -0.0011556
  0.00240049
 8.66409e-06
 -0.00158753
 -0.00287961
  0.00198476
  0.00252125
  0.00200192
 -0.00454955
-0.000269102
-0.000830633
  0.00168035
  0.00413455
  -0.0035765
-0.000781513
 0.000622031
 -0.00242862
  0.00351999
-0.000636956
  0.00110209
-0.000459577
  -0.0042437
  0.00378747
 -0.00142944
  0.00217362
   0.0010944
 -0.00412151
-0.000135894
  0.00161752
  0.00105586
 0.000856736
-0.000772406
 -0.00239672
 -0.00102366
  0.00283803
  0.00100759
  0.00107042
  -0.0032734
-7.78861e-05
 -0.00135739
  0.00297231
 0.000890343
 0.000731466
 -0.00503727
  0.00186185
  0.00124382
 0.000384159
-0.000137047
 0.000388213
 -0.00370005
  0.00199927
  0.00205913
 0.000942604
  -0.0028644
 -0.00151066
 0.000766276
   0.0022662
  0.00226399
 -0.00366069
  -0.0022568
   0.0025354
 0.000881915
-0.000670423
  0.00116493
  -0.0005631
 -0.00288885
   0.0036368
 -0.00457197
  0.00425589
  0.00300277
 -0.00429655
 -0.00351981
  0.00280375
  0.00117788
  0.00395475
 -0.00367302
 -0.00512034
  0.00546562
-0.000303646
 -0.00140409
  0.00326195
 -0.00153442
 -0.00430454
  0.00294548
  0.00340532
 -0.00641475
  0.00618792
-0.000389594
 -0.00515526
 0.000228012
  0.00391084
  0.00168098
 -0.00422776
-0.000486716
  0.00526452
  -0.0075474
  0.00527111
 -0.00166134
  0.00205218
 -0.00405856
  0.00644664
 -0.00516908
 -0.00334441
  0.00622198
  0.00082308
 -0.00367397
  0.00100876
  0.00136688
 -0.00408047
  0.00421456
 -0.00203606
 0.000236841
  0.00223452
-0.000116972
 -0.00655348
  0.00650586
   -0.001168
-0.000132198
-0.000731321
 0.000941843
 -0.00246252
  0.00400825
 -0.00285547
 -0.00131102
  0.00440842
  -0.0023064
 4.60962e-05
 -0.00204521
  0.00340204
 -0.00213344
 0.000496739
-0.000163849
  0.00275976
 -0.00218602
 -0.00448899
  0.00681536
 -0.00559575
  0.00605932
 0.000672658
 -0.00710388
-0.000532964
  0.00795444
 -0.00642165
  0.00475383
 -0.00256743
  0.00165263
 -0.00432679
  0.00154098
  0.00333694
  0.00186778
 -0.00993474
   0.0074998
  0.00160982
 -0.00583939
 4.05215e-05
   0.0114836
  -0.0141193
  0.00341126
  0.00209339
  0.00308834
 -0.00329982
 0.000888873
 -0.00502673
  0.00409971
   0.0050861
 -0.00582215
 -0.00264812
  0.00410033
  0.00182002
 -0.00193758
 -0.00286024
  0.00102922
  0.00513542
 -0.00540706
  0.00186459
 0.000337788
 -0.00236212
  0.00186995
  0.00125397
 -0.00158503
  0.00300882
 -0.00657288
  0.00111955
  0.00509901
  0.00452857
  -0.0119898
  0.00218401
   0.0033331
-0.000263339
  0.00314449
 -0.00155634
 -0.00354429
 -0.00278408
 0.000162526
   0.0157802
  -0.0114384
 -0.00514161
  0.00800277
 -0.00943806
   0.0126571
  -0.0087316
  0.00575332
-0.000429651
  -0.0100355
   0.0113272
 -0.00751601
   0.0041176
  0.00838877
  -0.0117362
 -0.00548448
  0.00532672
   0.0134284
 -0.00563118
  -0.0106095
 -0.00199433
  0.00685006
   0.0131837
  -0.0114977
 -0.00896715
  0.00823495
-0.000881732
    0.003375
  0.00335899
  -0.0107092
   0.0028328
 0.000182446
  0.00427903
  0.00277724
 -0.00854632
 -0.00276583
   0.0148854
  -0.0143012
  0.00749807
 -0.00381042
  0.00643289
 -0.00691543
  -0.0022453
  0.00634643
  0.00636046
  -0.0139239
-0.000533643
   0.0100985
  0.00683321
  -0.0198928
  0.00543092
  0.00644299
 -0.00276679
   0.0145845
  -0.0327518
   0.0203418
  0.00123912
-0.000876789
   -0.001272
 -0.00452832
  0.00147403
  0.00211584
  0.00925392
  -0.0230273
   0.0205409
 -0.00509467
 -0.00442239
  0.00172617
-8.16404e-05
   0.0060759
 -0.00666548
 -0.00909634
   0.0270297
  -0.0205294
 -0.00774592
   0.0171655
  0.00597257
  -0.0128734
  -0.0145891
   0.0208656
  0.00238164
 -0.00142476
  -0.0117436
  -0.0044924
     0.01673
  0.00639098
  -0.0245435
  0.00931253
   0.0126555
  -0.0168089
  0.00666895
   0.0030996
 -0.00202023
 0.000571371
   -0.011725
   0.0194104
  -0.0135708
   0.0122894
  -0.0106046
 -0.00806243
   0.0154574
  0.00212802
 0.000845522
  -0.0269359
   0.0228718
 0.000387401
  0.00255608
  -0.0107857
   0.0021526
 -0.00278218
   0.0115052
 -0.00585623
 -0.00357184
  0.00547364
 -0.00225186
 -0.00789801
   0.0127596
  -0.0017395
  -0.0082677
  0.00765681
 -0.00619113
  0.00314577
  0.00727583
  -0.0152226
  0.00727184
  0.00898029
  -0.0129361
  0.00293493
  0.00615527
 -0.00624242
-0.000774253
  0.00317578
  0.00136343
  0.00565221
  -0.0166999
   0.0108591
  -0.0138073
   0.0280478
 -0.00500263
   -0.029477
   0.0210023
  -0.0133655
   0.0205726
   0.0162396
  -0.0468086
  0.00419504
   0.0219993
   0.0103205
   -0.012487
-0.000104466
  -0.0319875
   0.0287166
   0.0364222
  -0.0421842
  -0.0177238
   0.0232775
   0.0117516
  0.00856744
  -0.0467525
   0.0263052
  0.00959254
 -0.00529593
  -0.0120859
   0.0159995
  -0.0111911
  0.00162765
 -0.00564546
    0.027728
  -0.0245583
  -0.0155839
   0.0358675
   -0.018287
   0.0165136
   -0.040577
   0.0336565
  0.00312003
   0.0010465
  -0.0404485
   0.0326803
   0.0160435
  -0.0245163
 0.000809901
  -0.0120196
   0.0436181
  -0.0419467
   0.0210765
  -0.0194735
   0.0193948
   0.0116416
  -0.0372746
-1.85738e-05
   0.0580712
  -0.0503606
 -0.00316893
   0.0368322
  -0.0551209
   0.0514774
   0.0045622
  -0.0443851
 0.000832242
   0.0396628
  -0.0108117
 -0.00520056
  -0.0186005
  0.00132016
   0.0398064
  -0.0256582
 -0.00240774
   -0.014866
   0.0259078
 -0.00567405
   0.0128605
  -0.0420612
     0.03223
 -0.00539418
   0.0079779
 0.000415731
  -0.0389664
   0.0304823
   0.0327403
  -0.0480951
   0.0136308
   -0.028897
   0.0751509
  -0.0619914
   0.0167443
 -0.00755061
   0.0159734
 -0.00421472
  -0.0298965
   0.0660222
  -0.0563191
 -0.00526242
   0.0327882
   0.0161937
  -0.0603843
    0.039393
 0.000155719
 -0.00748645
  0.00315252
  -0.0279731
   0.0607718
   -0.036812
  -0.0230557
   0.0187496
   0.0358521
  -0.0270471
  -0.0257661
   0.0117975
   0.0409773
  -0.0330541
  -0.0157673
    0.021551
   0.0306301
  -0.0730136
   0.0347007
   0.0361292
  -0.0253284
   -0.029258
   0.0177356
-0.000912662
   0.0347297
 -0.00177172
  -0.0772954
   0.0371832
   0.0323929
  0.00652542
 -0.00592991
  -0.0544179
 -0.00566664
   0.0541281
   0.0328455
   0.0110703
   -0.147525
    0.038606
    0.105496
  -0.0157729
  -0.0416341
   0.0403517
   -0.121378
    0.016468
    0.120016
   0.0731233
  -0.0566809
   -0.226289
  -0.0550221
    0.332395
   0.0947577
  -0.0285707
   -0.425608
   -0.160607
    0.420395
    0.468681
   -0.119062
   -0.664498
   -0.460939
    0.549711
     1.06243
   0.0373769
    -1.35883
   -0.982187
     1.03472
     1.89655
   0.0705019
    -2.38792
    -1.72271
     2.18657
     3.52922
    -1.29964
    -5.87968
     1.34491
     9.95637
    -11.8647
     5.58346
 0.000580928
