  0.00245114
 -0.00654826
  0.00216408
  0.00472291
 0.000796655
 -0.00300184
 -0.00302976
-0.000282374
  0.00200823
  0.00198957
 0.000366583
 -0.00100067
-0.000983121
-5.98705e-05
 0.000535886
 0.000158092
 -0.00070084
-0.000879589
 0.000130177
  0.00146272
  0.00175869
 0.000421666
 -0.00159761
 -0.00265259
 -0.00161772
 0.000910383
  0.00296432
  0.00277139
  0.00037075
 -0.00236117
 -0.00336146
 -0.00181641
   0.0011039
  0.00315465
  0.00280014
 0.000389515
 -0.00215388
  -0.0029401
 -0.00163105
 0.000714917
  0.00230467
  0.00207139
 0.000572939
 -0.00106552
 -0.00170564
 -0.00122865
 -0.00018027
  0.00074181
  0.00108189
 0.000903102
 0.000354719
-0.000362886
-0.000919181
  -0.0010196
-0.000469348
 0.000386278
   0.0010533
  0.00105279
 0.000265184
-0.000727224
 -0.00115297
-0.000652638
 0.000252144
  0.00089107
  0.00071091
 4.01694e-05
-0.000554593
-0.000470961
 3.79757e-05
 0.000396919
  0.00021275
-0.000345993
-0.000599367
-0.000253798
  0.00055745
  0.00103594
 0.000666948
-0.000444372
 -0.00130045
 -0.00118625
-6.18389e-05
  0.00115448
  0.00149565
  0.00070401
-0.000666356
 -0.00147847
 -0.00111752
 6.98335e-05
  0.00111909
  0.00125866
 0.000461085
-0.000701929
 -0.00115048
-0.000672589
 0.000242107
 0.000854813
  0.00078749
 5.89884e-05
-0.000614662
-0.000738474
-0.000246588
  0.00044866
 0.000642602
 0.000396263
 -0.00025133
-0.000688677
-0.000567941
 9.39922e-05
 0.000704935
 0.000743622
 0.000164917
-0.000582884
-0.000905442
-0.000496178
 0.000298178
 0.000903925
 0.000784105
 8.91686e-05
 -0.00066292
-0.000840529
-0.000423172
 0.000264873
 0.000667322
 0.000499152
 5.40858e-05
-0.000294022
-0.000377254
-0.000285948
-5.53292e-05
 0.000114154
  0.00036448
 0.000489854
 0.000273034
-0.000221546
-0.000832478
-0.000975638
-0.000218693
 0.000876547
  0.00154765
  0.00110822
-0.000289836
 -0.00178817
 -0.00202887
-0.000674446
  0.00134457
  0.00243899
  0.00173838
-0.000419637
 -0.00224118
  -0.0024034
-0.000644605
  0.00162429
  0.00256336
   0.0014905
-0.000808813
 -0.00242822
 -0.00198527
 0.000102508
  0.00206459
  0.00226942
 0.000516906
 -0.00165574
  -0.0024875
 -0.00118619
  0.00121527
  0.00259939
  0.00185051
-0.000440951
 -0.00247184
 -0.00250304
-0.000537367
  0.00197817
  0.00285358
  0.00143889
 -0.00107521
 -0.00266331
 -0.00214739
 5.36301e-05
  0.00212069
  0.00239957
 0.000798366
 -0.00137589
 -0.00231948
 -0.00129453
 0.000620386
  0.00196185
  0.00161299
 9.11303e-06
 -0.00152726
 -0.00171407
-0.000514194
  0.00100948
  0.00159948
 0.000816268
-0.000455852
 -0.00126684
-0.000906381
 0.000109804
 0.000871104
 0.000798911
-5.92034e-06
-0.000688686
-0.000659323
 1.26648e-05
  0.00068871
 0.000741553
 5.63902e-05
-0.000716529
  -0.0009597
-0.000301787
 0.000664445
  0.00106461
 0.000646999
-0.000403609
  -0.0012047
-0.000968198
 0.000150713
  0.00125511
  0.00135499
 0.000290367
 -0.00116666
   -0.001831
 -0.00110019
 0.000665638
  0.00212198
  0.00207979
 0.000375536
  -0.0017988
 -0.00274263
  -0.0017055
 0.000760569
   0.0028308
  0.00282919
 0.000636333
 -0.00218765
 -0.00350999
 -0.00209702
  0.00102974
   0.0034939
   0.0033735
 0.000581329
 -0.00276756
 -0.00416603
 -0.00237114
   0.0013201
   0.0041203
  0.00382593
 0.000617347
 -0.00297247
 -0.00446514
 -0.00248892
  0.00120067
  0.00386466
  0.00357868
 0.000705734
 -0.00241306
 -0.00362396
 -0.00202253
  0.00081913
  0.00274895
  0.00239343
 0.000470943
 -0.00155984
  -0.0020259
 -0.00102903
 0.000514678
  0.00129045
 0.000908612
 6.05586e-05
-0.000544848
-0.000495477
-9.34282e-05
 0.000137976
 6.97024e-05
-0.000104537
 -0.00021023
 4.51378e-05
 0.000339179
 0.000399694
 0.000225491
-0.000157228
-0.000466076
-0.000567414
-0.000439371
 9.13416e-05
 0.000671055
  0.00101389
 0.000635389
-0.000255401
 -0.00124365
 -0.00139674
-0.000482943
 0.000956809
  0.00185907
  0.00136467
-0.000357966
 -0.00188779
 -0.00212224
-0.000536264
  0.00157598
  0.00255708
  0.00157622
-0.000769337
 -0.00257109
 -0.00247777
-0.000392617
  0.00198921
  0.00287918
  0.00156047
-0.000923287
  -0.0026713
  -0.0023516
 -0.00022952
  0.00197575
  0.00260767
  0.00120913
 -0.00108997
 -0.00245221
 -0.00180234
 0.000199774
  0.00192315
  0.00207933
 0.000565654
 -0.00123901
  -0.0019922
 -0.00110649
 0.000580626
   0.0016614
   0.0013685
-2.00441e-05
 -0.00128415
 -0.00142353
-0.000423623
 0.000878286
  0.00135089
 0.000747896
-0.000441256
 -0.00113789
-0.000883113
 1.32259e-05
 0.000823516
 0.000831274
 0.000228783
-0.000504305
-0.000671951
 -0.00024316
 0.000352063
 0.000509777
 0.000133539
-0.000384073
-0.000509595
-8.04031e-05
 0.000530827
 0.000700782
 0.000156499
-0.000596342
-0.000937563
 -0.00041267
 0.000472925
   0.0010752
 0.000750676
-0.000278247
-0.000970329
-0.000879004
 2.48946e-05
 0.000841908
 0.000824583
 -2.3073e-05
-0.000825839
 -0.00083238
 9.46434e-05
  0.00106041
  0.00109894
 3.02386e-05
 -0.00127662
 -0.00166574
-0.000600688
  0.00123596
  0.00213273
  0.00148003
-0.000438494
 -0.00216463
 -0.00232205
-0.000785601
  0.00140901
  0.00259839
  0.00187231
-0.000209152
 -0.00205427
 -0.00235273
-0.000937975
  0.00101594
  0.00219578
  0.00171203
 -2.0059e-05
  -0.0016187
 -0.00193123
-0.000825511
 0.000887264
   0.0018194
  0.00137377
-0.000133196
 -0.00145829
 -0.00167367
-0.000593331
  0.00090031
  0.00166495
  0.00117243
 -0.00014572
 -0.00132074
 -0.00142957
-0.000498517
 0.000710987
  0.00129917
 0.000833005
-0.000242452
-0.000970865
-0.000814482
 3.65846e-05
    0.000775
 0.000739795
 -1.7711e-05
-0.000761834
-0.000858686
-0.000104629
   0.0008178
   0.0010562
 0.000484118
-0.000685431
 -0.00123792
-0.000832433
 0.000286505
  0.00117602
  0.00111016
  0.00013412
-0.000955212
 -0.00123513
-0.000444341
  0.00076233
  0.00131937
 0.000703524
-0.000669517
 -0.00156457
 -0.00110407
 0.000469298
  0.00192252
  0.00190046
 0.000115027
 -0.00206102
 -0.00290844
  -0.0013118
  0.00168641
  0.00357803
  0.00281897
-0.000473107
 -0.00369556
   -0.004101
 -0.00115922
   0.0029179
  0.00487166
  0.00281785
 -0.00153011
 -0.00477773
 -0.00415664
-0.000175834
  0.00394902
  0.00475789
  0.00179645
 -0.00253976
 -0.00463133
 -0.00292458
 0.000974094
  0.00388668
  0.00344958
 0.000401805
 -0.00281019
 -0.00356008
 -0.00140388
  0.00162037
  0.00325116
  0.00224693
-0.000435584
 -0.00257817
 -0.00276861
-0.000773366
  0.00156786
  0.00270843
  0.00182263
-0.000259803
 -0.00211691
 -0.00236946
-0.000950475
  0.00109708
  0.00227825
  0.00172642
-1.61763e-06
 -0.00162332
 -0.00197605
-0.000846773
 0.000830693
  0.00176891
  0.00120512
-0.000161206
 -0.00133544
 -0.00130368
-0.000181819
 0.000941098
  0.00124748
 0.000413838
-0.000625216
 -0.00117092
-0.000683435
 0.000309336
  0.00108703
 0.000949021
 1.76524e-05
-0.000793832
 -0.00108895
-0.000546376
 0.000398421
 0.000994587
 0.000869995
 0.000188634
-0.000596189
-0.000863628
 -0.00068746
-1.93101e-05
 0.000638755
  0.00087128
 0.000556449
-0.000111406
-0.000763896
 -0.00105557
-0.000589167
 0.000356782
  0.00129775
  0.00141341
  0.00045906
 -0.00107644
 -0.00205498
 -0.00157967
 0.000218876
   0.0021107
  0.00267877
  0.00117509
 -0.00140882
  -0.0032534
 -0.00270323
-9.63977e-06
  0.00294457
  0.00382932
   0.0018473
 -0.00177402
 -0.00418073
   -0.003406
 1.72248e-05
   0.0035604
  0.00438455
  0.00168801
 -0.00238192
 -0.00454811
 -0.00302041
  0.00101482
  0.00425434
  0.00400873
 0.000308833
 -0.00368801
 -0.00473636
 -0.00182273
  0.00275859
   0.0051759
  0.00341179
 -0.00119521
 -0.00493078
 -0.00474713
 -0.00078125
  0.00378751
   0.0052927
  0.00262404
 -0.00200958
 -0.00490538
 -0.00384575
 0.000182479
   0.0038889
  0.00425763
   0.0012161
 -0.00252724
 -0.00400093
 -0.00217937
  0.00123943
  0.00338184
   0.0025965
-0.000232283
 -0.00263132
 -0.00258415
-0.000390993
  0.00191635
  0.00239232
 0.000730466
 -0.00142109
 -0.00210499
-0.000912001
  0.00098331
  0.00187507
  0.00100952
-0.000613289
 -0.00156419
-0.000990136
 0.000282171
  0.00108919
 0.000858244
-0.000161332
 -0.00070498
-0.000393117
 0.000352401
 0.000545642
-0.000110746
-0.000898238
-0.000774104
 0.000380934
  0.00148534
  0.00144563
-9.95904e-05
 -0.00187657
  -0.0022831
-0.000704696
  0.00171832
  0.00292901
  0.00174915
 -0.00105118
 -0.00306748
 -0.00261052
 9.38692e-05
  0.00274154
  0.00307593
 0.000866981
 -0.00211822
 -0.00327905
 -0.00159972
  0.00143095
  0.00318679
  0.00217802
-0.000727978
 -0.00297185
 -0.00263063
 5.90746e-06
  0.00264095
  0.00297605
 0.000709975
 -0.00209728
 -0.00305393
 -0.00143855
  0.00137193
  0.00287819
  0.00189978
-0.000597545
  -0.0024686
 -0.00207308
 1.24941e-05
  0.00198268
  0.00207325
 0.000322648
 -0.00159951
 -0.00197909
-0.000650133
  0.00129233
   0.0020262
 0.000917841
-0.000901821
 -0.00191158
 -0.00130259
 0.000413856
  0.00161152
  0.00149584
 0.000137244
 -0.00122599
 -0.00148244
-0.000456929
 0.000787496
  0.00128166
 0.000706462
-0.000348384
 -0.00106461
-0.000841217
-1.73829e-06
 0.000722684
 0.000868657
 0.000231792
-0.000437087
-0.000679965
-0.000416657
 0.000182266
 0.000556161
 0.000434046
-1.82999e-05
  -0.0003084
-0.000400218
-0.000222661
 0.000134447
 0.000312653
 0.000297494
 0.000211238
-6.51372e-05
-0.000348293
-0.000550973
-0.000354294
 0.000208244
 0.000682497
 0.000829355
 0.000309774
-0.000656976
 -0.00120624
-0.000800631
 0.000331471
  0.00133299
  0.00133641
 9.26084e-05
 -0.00137802
 -0.00182851
-0.000652444
   0.0013056
    0.002296
  0.00137606
 -0.00083906
 -0.00256558
  -0.0022875
-4.69934e-05
  0.00239958
  0.00298736
  0.00114555
 -0.00158697
 -0.00313205
 -0.00208106
 0.000448557
  0.00257802
  0.00249378
 0.000445654
  -0.0016462
 -0.00223398
-0.000934173
 0.000895529
  0.00177488
 0.000939404
-0.000553131
 -0.00145118
-0.000857934
 0.000479605
  0.00136939
 0.000896211
-0.000257148
  -0.0012823
 -0.00117008
-0.000109901
  0.00100307
  0.00126057
 0.000543007
-0.000558256
 -0.00107969
-0.000733762
 0.000130532
 0.000712317
 0.000686041
 0.000134072
-0.000498189
-0.000528462
-0.000153307
 0.000358946
 0.000565893
 0.000200414
-0.000386354
-0.000710123
-0.000462523
 0.000281123
 0.000909615
 0.000859238
 0.000117974
-0.000859004
 -0.00130356
-0.000698219
 0.000494293
  0.00139477
  0.00129388
 0.000152576
 -0.00115482
 -0.00162668
-0.000768017
 0.000676253
  0.00155247
  0.00125111
-5.17108e-05
 -0.00134244
 -0.00154387
-0.000488219
  0.00100501
  0.00162899
 0.000897385
-0.000518231
 -0.00160011
 -0.00130277
 0.000142265
  0.00149939
  0.00165284
 0.000349205
 -0.00138643
 -0.00205641
 -0.00108375
  0.00102771
   0.0024141
  0.00196465
-0.000110336
 -0.00232215
 -0.00282032
   -0.001178
  0.00148031
  0.00308481
  0.00240531
  2.9355e-06
 -0.00240727
 -0.00295192
 -0.00149749
 0.000881328
  0.00247843
  0.00226966
 0.000684815
 -0.00113655
 -0.00196948
 -0.00153159
-0.000300968
 0.000933174
   0.0014804
  0.00107947
 0.000212168
-0.000866848
 -0.00136228
-0.000918438
 0.000186788
  0.00135259
  0.00144026
 0.000362121
 -0.00123503
 -0.00195167
 -0.00108653
 0.000947182
  0.00244827
  0.00202586
-0.000188909
 -0.00255429
 -0.00304813
 -0.00105408
  0.00196098
  0.00361264
   0.0024406
-0.000678839
 -0.00331454
 -0.00341945
 -0.00083589
  0.00229288
  0.00350114
  0.00202592
-0.000911357
 -0.00293836
 -0.00254313
-0.000178276
  0.00203282
  0.00238589
  0.00086455
 -0.00117655
 -0.00197578
 -0.00104574
 0.000642543
  0.00143966
 0.000946903
-0.000366166
 -0.00116955
-0.000845446
 0.000355014
  0.00114653
  0.00093705
-0.000205179
 -0.00120305
 -0.00123194
-0.000249605
  0.00102292
  0.00147887
 0.000802244
 -0.00048243
 -0.00137503
 -0.00123861
-0.000255294
  0.00100345
  0.00141293
 0.000829148
-0.000407327
 -0.00131586
 -0.00125291
-0.000228257
  0.00102144
  0.00149227
 0.000810104
-0.000528553
 -0.00156413
 -0.00134737
 2.73034e-05
  0.00139855
  0.00171349
  0.00061822
 -0.00109056
 -0.00202782
 -0.00126179
 0.000585524
  0.00206942
  0.00195446
 0.000181066
 -0.00180985
  -0.0023569
   -0.001051
  0.00113803
  0.00242469
  0.00174587
-0.000376573
  -0.0021365
 -0.00207914
-0.000380794
  0.00163624
   0.0022223
 0.000982624
 -0.00098531
 -0.00215297
 -0.00145985
 0.000292596
   0.0017879
  0.00170532
 0.000320773
 -0.00120982
 -0.00165577
-0.000757739
 0.000631078
  0.00137262
 0.000947843
-0.000153222
 -0.00093818
-0.000928394
-0.000142522
 0.000536706
 0.000648691
 0.000140363
-0.000285547
-0.000257488
   0.0001298
 0.000417091
 0.000103171
-0.000597321
-0.000907459
-0.000399334
 0.000774619
  0.00160546
  0.00115217
-0.000412949
  -0.0019837
 -0.00215758
-0.000550954
  0.00174625
  0.00286376
  0.00182558
-0.000747934
 -0.00290306
 -0.00288619
-0.000650352
   0.0020847
  0.00328411
  0.00196035
-0.000835754
  -0.0027844
 -0.00259613
-0.000480499
  0.00175155
  0.00249085
   0.0012605
 -0.00074446
 -0.00183739
 -0.00134356
 7.53745e-05
  0.00115593
  0.00104588
 7.70683e-05
-0.000756827
-0.000760748
 3.37437e-05
 0.000719034
 0.000603553
 -6.7854e-05
-0.000763812
-0.000687489
 2.95656e-05
 0.000778841
 0.000830121
 0.000135259
-0.000796858
 -0.00103819
-0.000360531
 0.000613369
  0.00118498
 0.000893917
-0.000176113
 -0.00111171
 -0.00132544
-0.000586068
 0.000596628
  0.00130608
  0.00125732
 0.000333351
-0.000790343
 -0.00148333
 -0.00117861
-6.25261e-05
  0.00110049
  0.00159446
  0.00106488
-0.000294816
 -0.00150723
  -0.0017246
-0.000738349
 0.000866743
  0.00180973
  0.00151289
 0.000144605
 -0.00130547
 -0.00178408
-0.000932641
 0.000455759
  0.00144459
  0.00131598
  0.00025308
-0.000858148
  -0.0011947
-0.000647684
  0.00036209
  0.00091737
  0.00071874
-9.24914e-05
-0.000716693
-0.000677141
-8.94396e-05
 0.000573909
 0.000774448
 0.000263364
-0.000427446
-0.000808066
-0.000548712
  0.00016744
 0.000753595
 0.000781261
  0.00021033
-0.000499387
-0.000884086
-0.000636135
  7.4809e-05
 0.000673283
  0.00089008
 0.000501602
-0.000263752
-0.000773461
-0.000918027
-0.000366363
  0.00046837
  0.00104741
 0.000946027
  3.2296e-05
 -0.00094857
 -0.00133859
-0.000628246
 0.000639918
  0.00150645
  0.00113277
-0.000160014
 -0.00148906
 -0.00155932
-0.000390457
  0.00123922
  0.00198304
  0.00113314
-0.000817681
 -0.00218482
 -0.00179181
 3.25716e-05
  0.00189696
  0.00224516
 0.000877192
 -0.00126777
 -0.00226703
 -0.00153555
 0.000389916
  0.00190553
  0.00184374
 0.000382373
 -0.00122398
 -0.00175295
-0.000870761
  0.00055202
  0.00129893
 0.000903643
 -0.00014351
-0.000850443
-0.000632276
 0.000197061
 0.000712098
  0.00043505
-0.000428844
 -0.00098949
-0.000575279
 0.000531159
  0.00131847
  0.00100078
-0.000285813
 -0.00152232
 -0.00154468
-0.000255003
  0.00142561
  0.00213803
  0.00108874
-0.000928737
 -0.00239679
  -0.0020819
 -0.00010639
  0.00205571
  0.00267426
  0.00140272
-0.000966179
 -0.00260522
 -0.00235905
 -0.00047745
  0.00169417
   0.0025908
  0.00167767
-0.000240177
 -0.00187001
 -0.00219813
  -0.0011056
 0.000610573
  0.00171619
  0.00169102
 0.000636304
-0.000648727
 -0.00141162
 -0.00124856
-0.000318689
  0.00065964
  0.00109805
 0.000897288
 3.80963e-05
-0.000751778
-0.000960713
-0.000450762
 0.000340518
 0.000879098
 0.000707242
 3.10689e-06
-0.000675875
-0.000929866
-0.000392372
 0.000452017
 0.000973917
 0.000812445
-2.11752e-05
-0.000968236
 -0.00112144
-0.000527394
 0.000632344
  0.00140852
  0.00109837
-8.86797e-05
 -0.00138105
 -0.00165718
-0.000623522
 0.000943122
  0.00198593
  0.00144771
-0.000213752
 -0.00178773
 -0.00208299
 -0.00075115
  0.00109682
  0.00218358
  0.00159471
-0.000104162
  -0.0016803
 -0.00194079
-0.000775492
 0.000793771
  0.00166702
  0.00121451
-5.44696e-05
-0.000995243
 -0.00111327
 -0.00033855
 0.000480388
 0.000767248
 0.000327607
-0.000216752
-0.000491257
-0.000253716
 0.000160058
 0.000385433
 0.000216475
-0.000213891
-0.000388046
-0.000142818
 0.000173799
 0.000344917
 0.000256561
 -8.0828e-05
-0.000284551
-0.000285436
-1.11016e-05
 0.000108133
 0.000115566
-1.44679e-05
-8.87594e-05
 0.000104099
  0.00033003
 0.000232758
-9.41647e-05
-0.000513259
-0.000578386
-0.000197767
 0.000473651
 0.000859349
 0.000627591
-0.000191052
 -0.00100097
 -0.00101785
-0.000231377
 0.000802685
  0.00132731
 0.000816146
-0.000356971
 -0.00139337
  -0.0013973
-0.000363406
  0.00102902
  0.00174984
  0.00120474
-0.000217185
 -0.00153649
 -0.00186031
-0.000862394
 0.000683081
  0.00185348
  0.00177749
 0.000532884
 -0.00105944
 -0.00196345
 -0.00157963
-0.000173019
  0.00127876
  0.00192383
  0.00127693
-0.000176931
 -0.00137009
 -0.00169975
-0.000934946
 0.000374791
  0.00136627
  0.00139275
 0.000586267
-0.000489869
 -0.00111152
  -0.0010301
-0.000375553
 0.000393146
  0.00078917
 0.000731471
 0.000281377
-0.000217334
-0.000499798
-0.000538519
-0.000278057
 0.000125647
 0.000437974
 0.000469383
 0.000207644
-0.000243797
-0.000648675
-0.000555071
 1.76416e-05
 0.000708982
 0.000907793
 0.000399711
-0.000453095
 -0.00111488
-0.000895655
 7.74704e-05
     0.00103
  0.00117562
 0.000416743
-0.000679538
 -0.00125028
-0.000827776
 0.000227107
  0.00108812
  0.00102775
  0.00019514
-0.000782679
 -0.00104865
-0.000469781
 0.000425118
  0.00087636
   0.0006283
-7.56874e-05
-0.000632711
-0.000598889
-0.000219247
 0.000222921
 0.000408938
 0.000392314
   0.0001573
-2.93206e-06
-0.000245165
-0.000383283
 -0.00047038
  -0.0002755
 0.000305024
 0.000781929
 0.000848874
 0.000219755
-0.000764028
 -0.00123246
-0.000832656
  0.00028466
  0.00126323
  0.00129584
 0.000377935
-0.000876885
  -0.0015075
-0.000982578
 0.000357161
  0.00134895
  0.00126079
 0.000292391
-0.000866423
 -0.00134854
-0.000761698
 0.000308084
 0.000973836
 0.000948554
 0.000261157
-0.000525733
 -0.00079551
 -0.00043188
 0.000162514
 0.000510713
  0.00040891
 3.15243e-05
 -0.00036916
-0.000444053
-0.000181328
 0.000179396
  0.00042922
 0.000330535
 0.000114518
-0.000197375
-0.000397776
-0.000316432
-9.00192e-05
 0.000269842
 0.000449139
 0.000340051
-6.36195e-05
-0.000407105
-0.000482308
-0.000241691
 0.000235262
 0.000501891
 0.000484784
 5.37659e-05
-0.000438937
-0.000577122
 -0.00034138
 0.000182757
 0.000569379
  0.00051081
 0.000108913
 -0.00041375
-0.000585536
-0.000330441
 0.000270988
 0.000536138
 0.000394408
 -7.4491e-05
-0.000467935
-0.000439831
-7.78463e-05
 0.000351526
  0.00051163
  0.00025511
-0.000246457
-0.000523629
-0.000392921
 9.65347e-05
 0.000418228
 0.000457267
 0.000112185
-0.000288289
-0.000475601
 -0.00024674
 0.000161302
 0.000438566
 0.000293276
-2.27667e-05
  -0.0003851
-0.000324235
-1.38778e-05
 0.000250064
  0.00029829
 0.000104485
-0.000208689
 -0.00026595
-6.59166e-05
 0.000105626
 0.000262695
 7.41656e-05
-0.000143914
 -0.00028342
-8.85062e-05
 0.000268265
 0.000338568
 8.86158e-05
 -0.00031682
-0.000431721
-0.000208378
 0.000296487
 0.000663188
  0.00042377
-0.000362614
-0.000933873
-0.000748088
  0.00028627
  0.00125647
  0.00127579
 8.04279e-05
  -0.0016081
 -0.00208712
-0.000741196
  0.00173296
  0.00315502
  0.00192851
 -0.00149187
 -0.00436776
  -0.0037541
 0.000605928
  0.00552021
  0.00642775
  0.00137124
 -0.00630711
 -0.00993656
 -0.00491769
  0.00607441
   0.0141061
   0.0106556
 -0.00391191
  -0.0184814
  -0.0190524
 -0.00150596
   0.0220063
   0.0304523
    0.011809
  -0.0229431
  -0.0445881
   -0.028985
   0.0184396
   0.0603326
   0.0550505
 -0.00452075
  -0.0750534
  -0.0915739
  -0.0241477
   0.0839387
    0.139017
    0.074085
  -0.0794362
   -0.196031
    -0.15265
   0.0511372
    0.259048
    0.267704
   0.0133053
   -0.324591
   -0.429602
   -0.124749
    0.400718
    0.661188
    0.280647
   -0.550833
    -1.03337
   -0.394369
     1.09795
     1.69228
   -0.514582
    -3.71931
     3.61701
  0.00616924
