 -0.00232094
   0.0031119
  0.00229432
-0.000966847
 -0.00298225
 -0.00231321
 0.000130924
  0.00234789
  0.00279592
  0.00131079
-0.000984472
 -0.00254617
 -0.00241749
-0.000768466
  0.00129778
  0.00248946
  0.00211922
 0.000487614
 -0.00136004
 -0.00229817
 -0.00180734
-0.000257513
  0.00135711
  0.00204853
  0.00143476
-4.78378e-05
 -0.00144234
 -0.00187661
 -0.00110139
 0.000370479
   0.0015998
  0.00181183
 0.000878149
-0.000612957
 -0.00173066
 -0.00178168
-0.000735293
 0.000764025
  0.00180178
  0.00174803
 0.000642512
-0.000843616
 -0.00182215
 -0.00172066
-0.000614183
 0.000832427
  0.00177172
  0.00167267
 0.000619989
-0.000752708
 -0.00164613
 -0.00156473
-0.000589535
 0.000686458
  0.00151654
  0.00143497
 0.000513623
 -0.00069126
  -0.0014748
 -0.00138911
-0.000492977
 0.000691804
  0.00148883
   0.0014489
 0.000600484
-0.000580216
 -0.00144231
 -0.00151796
  -0.0007795
 0.000359818
  0.00128239
  0.00150449
  0.00093185
-0.000103209
 -0.00103615
 -0.00138089
-0.000986437
-0.000104341
 0.000769621
  0.00117127
 0.000917974
 0.000197667
-0.000568082
-0.000957391
-0.000787565
-0.000197179
  0.00045587
 0.000802905
 0.000674025
 0.000176893
 -0.00038616
 -0.00069727
-0.000601657
-0.000177766
 0.000319225
 0.000613052
 0.000552632
 0.000193401
 -0.00025454
-0.000543988
-0.000525896
-0.000226836
 0.000179153
 0.000468524
 0.000495472
 0.000259329
 -9.5562e-05
-0.000374651
 -0.00043713
-0.000271637
  9.4857e-06
 0.000243033
 0.000315298
 0.000223222
 5.97277e-05
 -5.9023e-05
-7.41288e-05
-2.38061e-05
-6.40304e-06
-9.28332e-05
-0.000253093
 -0.00036076
-0.000274203
 4.99746e-05
 0.000488076
  0.00079237
 0.000727688
 0.000239369
-0.000483656
 -0.00107287
 -0.00117723
-0.000673835
 0.000232563
  0.00109304
  0.00144908
  0.00108222
  0.00015305
-0.000874396
 -0.00146958
 -0.00132373
-0.000514995
 0.000535548
  0.00128457
  0.00136143
 0.000751298
-0.000205082
 -0.00100749
 -0.00126136
-0.000871352
 -7.0057e-05
 0.000722405
   0.0011184
 0.000952745
 0.000336989
-0.000411932
-0.000936168
 -0.00100395
-0.000604161
 6.28215e-05
 0.000682193
 0.000967528
 0.000793997
 0.000248758
-0.000403984
-0.000848032
-0.000869842
-0.000465973
 0.000152604
 0.000669845
 0.000829032
 0.000569717
 5.20553e-05
-0.000438433
-0.000657457
-0.000527858
-0.000167462
 0.000203496
 0.000396257
 0.000359084
 0.000174799
-1.46868e-05
-0.000111277
-0.000109821
-7.98986e-05
-8.56587e-05
-0.000133392
 -0.00016523
-0.000113057
 3.68015e-05
 0.000223187
 0.000339644
 0.000307729
 0.000126606
-0.000120281
-0.000316679
-0.000376738
-0.000289502
-0.000106227
 9.15224e-05
 0.000242794
 0.000319446
 0.000318989
 0.000240795
 8.22886e-05
-0.000142311
 -0.00037871
-0.000529048
-0.000490298
-0.000216781
 0.000220414
  0.00064212
 0.000828409
 0.000642434
 0.000122626
 -0.00050464
-0.000930763
-0.000923858
-0.000470158
 0.000203128
 0.000745415
 0.000877418
 0.000557336
 2.90217e-07
-0.000451762
-0.000546391
-0.000281427
 0.000106253
 0.000305295
 0.000157897
-0.000219425
-0.000506107
-0.000410202
 0.000102977
 0.000739034
  0.00104006
 0.000698048
-0.000199333
 -0.00116132
 -0.00157034
  -0.0010776
 0.000132789
  0.00140017
  0.00196086
  0.00142171
 3.20386e-05
  -0.0014294
 -0.00210846
 -0.00158848
-0.000160627
  0.00134341
  0.00204486
  0.00155024
 0.000177618
 -0.00123859
 -0.00186466
 -0.00136192
-7.88777e-05
  0.00118336
  0.00167122
   0.0011254
-7.96907e-05
 -0.00119032
 -0.00153758
 -0.00093801
 0.000217635
  0.00121949
  0.00147029
 0.000837324
-0.000288636
 -0.00123857
 -0.00146166
-0.000841386
  0.00025234
  0.00119137
  0.00145406
 0.000917205
-9.11674e-05
 -0.00100039
 -0.00132391
-0.000931433
-9.22036e-05
 0.000699343
  0.00102576
 0.000770442
 0.000155953
-0.000420214
-0.000639329
-0.000443385
-3.62481e-05
 0.000273656
 0.000285737
 3.28171e-05
-0.000256683
-0.000331489
-9.71736e-05
 0.000308722
  0.00060278
 0.000550602
 0.000132252
-0.000429652
-0.000800924
 -0.00074465
-0.000275556
  0.00034267
  0.00076204
 0.000755879
 0.000351422
-0.000197933
-0.000575577
-0.000595458
-0.000294478
 0.000110207
 0.000375883
 0.000376105
 0.000159237
-0.000106198
 -0.00025758
-0.000227237
 -6.7411e-05
 0.000109596
 0.000208421
 0.000200932
 0.000114281
-2.25191e-06
-0.000114422
-0.000204191
-0.000250322
-0.000221662
-9.11474e-05
 0.000124468
 0.000344971
 0.000449612
 0.000347918
 4.20623e-05
-0.000340472
-0.000602939
-0.000581958
-0.000247695
 0.000253879
 0.000669401
 0.000766318
 0.000460597
-0.000115157
-0.000675445
 -0.00091722
-0.000687649
-7.38496e-05
 0.000624035
  0.00103871
   0.0009266
 0.000309371
-0.000520857
 -0.00113587
 -0.00119043
-0.000612332
 0.000338048
  0.00118271
  0.00146672
    0.001002
-1.35304e-05
 -0.00108079
 -0.00164191
 -0.00138094
-0.000396774
 0.000825657
  0.00165494
  0.00164371
 0.000771551
-0.000529984
 -0.00158722
 -0.00183886
 -0.00113136
 0.000183885
  0.00142914
  0.00195412
  0.00147926
 0.000253496
 -0.00108539
 -0.00184574
 -0.00165797
-0.000659241
 0.000596526
  0.00145273
  0.00151274
 0.000822845
-0.000176572
-0.000940055
 -0.00111463
-0.000713469
-5.11817e-05
 0.000476263
 0.000630472
 0.000435237
 0.000108064
-0.000118542
-0.000151609
-7.03026e-05
-3.06097e-05
-0.000120966
 -0.00028468
-0.000359142
-0.000206134
 0.000166725
  0.00057758
 0.000771711
 0.000580286
 4.27807e-05
-0.000594094
  -0.0010008
-0.000943388
-0.000420622
 0.000330952
 0.000951337
  0.00114019
 0.000802775
 9.12945e-05
 -0.00066708
 -0.00112684
 -0.00107851
 -0.00054261
 0.000241679
 0.000925311
  0.00119672
 0.000926644
 0.000224156
-0.000599197
 -0.00116193
 -0.00119124
-0.000649836
 0.000224827
  0.00102318
  0.00135004
  0.00102214
 0.000171279
-0.000801043
 -0.00141179
 -0.00133518
-0.000581718
 0.000490519
  0.00134311
  0.00153153
 0.000941699
-0.000136368
 -0.00114677
 -0.00155906
 -0.00115652
-0.000157072
 0.000896801
  0.00143356
  0.00117549
 0.000287135
-0.000717086
 -0.00126895
 -0.00107149
-0.000264099
 0.000666428
  0.00117655
  0.00098554
 0.000227004
-0.000643904
  -0.0011246
-0.000960201
-0.000270983
 0.000539741
  0.00103158
 0.000970603
 0.000432246
-0.000280477
 -0.00081575
-0.000951596
-0.000671565
-0.000130204
 0.000438129
 0.000816476
 0.000868232
  0.00056839
 1.68997e-05
-0.000573841
-0.000950805
-0.000915371
-0.000440769
 0.000281289
 0.000908271
  0.00111006
 0.000752365
-6.69777e-06
-0.000782106
 -0.00116221
-0.000934997
-0.000212483
 0.000621961
  0.00112409
  0.00103121
  0.00040042
-0.000422788
 -0.00100305
 -0.00104849
 -0.00056043
 0.000183879
 0.000791117
 0.000962174
  0.00064376
 3.30575e-05
-0.000538921
-0.000788503
-0.000619046
-0.000154332
  0.00034246
 0.000613679
 0.000541717
 0.000197533
-0.000210615
-0.000461737
-0.000441761
-0.000201102
 8.94103e-05
  0.00025585
 0.000224445
 6.38033e-05
 -6.7587e-05
-4.73304e-05
  0.00011698
  0.00028287
 0.000270598
 3.23606e-07
-0.000414287
-0.000717616
-0.000658628
 -0.00017552
 0.000522641
  0.00104611
  0.00104878
 0.000450421
 -0.00047166
 -0.00121403
 -0.00133016
-0.000700681
 0.000362248
  0.00127689
  0.00151345
 0.000907156
-0.000229994
 -0.00127538
 -0.00164378
 -0.00111987
 2.03615e-05
  0.00116256
  0.00169644
  0.00134946
  0.00031716
-0.000859665
 -0.00159201
 -0.00154658
-0.000784828
 0.000302443
  0.00121172
  0.00156296
  0.00124344
 0.000420038
-0.000560243
 -0.00130677
 -0.00152543
   -0.001115
-0.000219392
 0.000811116
  0.00153067
  0.00158779
 0.000908654
-0.000224722
 -0.00127759
 -0.00171753
  -0.0013027
-0.000235137
 0.000924171
  0.00155803
   0.0013417
 0.000424691
-0.000655508
 -0.00128886
 -0.00114891
-0.000367786
 0.000558726
  0.00108551
  0.00093103
 0.000231097
-0.000571155
  -0.0010017
-0.000828495
 -0.00017953
 0.000559177
 0.000971695
 0.000839969
 0.000253866
-0.000463606
-0.000931365
-0.000908422
-0.000408914
   0.0003095
 0.000880486
  0.00100517
    0.000609
-0.000120769
-0.000814963
 -0.00110803
 -0.00083039
-0.000104664
 0.000701436
  0.00116103
  0.00101639
 0.000327524
-0.000549864
 -0.00114983
 -0.00114464
-0.000526037
 0.000383139
  0.00109992
  0.00124176
 0.000729682
-0.000167418
-0.000976459
 -0.00127627
-0.000916957
-0.000100201
 0.000740522
  0.00117454
 0.000999717
 0.000339666
-0.000440642
-0.000939515
-0.000933813
-0.000473267
  0.00016845
 0.000659732
 0.000785662
 0.000532051
 6.33782e-05
-0.000385619
-0.000624402
-0.000580899
-0.000301307
 8.59266e-05
 0.000427872
 0.000593283
  0.00051881
 0.000226898
-0.000171486
-0.000509312
  -0.0006337
-0.000477858
-0.000102483
 0.000325049
 0.000604745
 0.000609829
 0.000341172
  -7.265e-05
-0.000442788
 -0.00060739
-0.000507264
-0.000197881
 0.000182389
  0.00047395
 0.000558055
 0.000407187
 9.15168e-05
-0.000250285
-0.000469537
-0.000473083
 -0.00027007
 3.26328e-05
 0.000280695
 0.000360069
 0.000250747
 3.86302e-05
-0.000143797
-0.000193639
-9.91343e-05
 5.92418e-05
 0.000168443
  0.00015245
 1.84457e-05
-0.000151467
-0.000252225
-0.000221947
-7.33991e-05
 0.000115303
 0.000245143
 0.000253604
  0.00014081
-3.30913e-05
-0.000183362
-0.000241199
-0.000186683
-5.20129e-05
 9.93607e-05
 0.000200603
 0.000215501
 0.000148726
 3.74087e-05
-7.21759e-05
-0.000149857
-0.000185931
-0.000186777
-0.000154146
-7.85304e-05
 5.21684e-05
 0.000224824
 0.000382408
 0.000431021
 0.000290307
-4.45836e-05
-0.000464221
-0.000766913
-0.000756198
-0.000356389
 0.000304529
 0.000926025
  0.00116778
 0.000839589
 3.42158e-05
-0.000880943
 -0.00142896
 -0.00128239
-0.000455362
 0.000668558
  0.00151603
  0.00162424
 0.000900919
-0.000307478
 -0.00139151
 -0.00179208
 -0.00130038
-0.000167391
  0.00103446
  0.00170994
  0.00154388
 0.000645638
  -0.0005261
 -0.00140628
 -0.00159845
 -0.00104776
-4.27319e-05
 0.000941092
  0.00146335
  0.00131075
 0.000575893
-0.000393811
 -0.00115904
 -0.00138179
-0.000972546
-0.000129965
 0.000752405
  0.00126494
  0.00117551
 0.000536021
-0.000343319
 -0.00103918
  -0.0012239
-0.000816837
-2.46973e-05
 0.000763243
  0.00116496
 0.000990187
 0.000332198
-0.000481715
 -0.00104907
 -0.00109055
-0.000587992
 0.000204321
 0.000890636
  0.00112552
 0.000791527
 5.80832e-05
-0.000702685
 -0.00110303
 -0.00094029
-0.000299465
 0.000487929
  0.00101278
  0.00100582
 0.000475961
-0.000293806
-0.000892403
 -0.00100108
-0.000561423
 0.000188177
 0.000837301
  0.00102153
 0.000623372
-0.000160384
-0.000906642
 -0.00118964
-0.000811643
 7.26142e-05
  0.00101375
  0.00149106
  0.00119071
 0.000195576
 -0.00101604
 -0.00180145
 -0.00168545
-0.000644857
 0.000838162
  0.00199149
  0.00215809
  0.00117061
-0.000517519
 -0.00203351
 -0.00254144
 -0.00170916
  8.0977e-05
  0.00190563
  0.00278528
  0.00221878
 0.000472039
 -0.00155569
 -0.00280622
 -0.00262919
 -0.00112235
 0.000929799
  0.00248569
  0.00278964
  0.00174066
-9.23782e-05
 -0.00179528
 -0.00257709
 -0.00213679
-0.000758476
 0.000871541
  0.00201166
  0.00219528
  0.00140506
 3.79224e-05
 -0.00128725
 -0.00199648
 -0.00179934
-0.000794534
  0.00056525
  0.00166414
  0.00198969
  0.00137153
 7.85434e-05
 -0.00127696
 -0.00202625
 -0.00177476
-0.000622797
 0.000857791
  0.00190467
  0.00196592
  0.00100301
-0.000469327
 -0.00165996
 -0.00193361
 -0.00116529
 0.000193833
  0.00137571
   0.0017372
  0.00111784
-8.12548e-05
 -0.00115346
 -0.00149779
-0.000959227
 0.000104532
  0.00105252
  0.00134608
 0.000842722
-0.000137986
 -0.00102495
 -0.00132075
-0.000878521
 4.10799e-05
 0.000928492
  0.00131409
  0.00101348
 0.000207483
-0.000670435
 -0.00117731
 -0.00108226
-0.000473844
 0.000313758
 0.000882253
 0.000977682
 0.000603147
 -9.4335e-06
-0.000538237
-0.000742907
-0.000570439
-0.000158342
 0.000262114
 0.000492843
 0.000455638
 0.000210998
-9.68747e-05
-0.000320703
-0.000371482
-0.000247588
-1.72758e-05
 0.000216757
 0.000353412
 0.000332973
 0.000155222
-0.000113227
-0.000359892
-0.000466929
-0.000368312
-8.88935e-05
 0.000254624
 0.000503174
 0.000534728
 0.000329159
-1.65097e-05
-0.000339843
-0.000497607
-0.000434988
-0.000207339
 6.40575e-05
 0.000264872
 0.000337738
 0.000292018
 0.000172702
 2.42566e-05
-0.000122235
-0.000237727
-0.000281868
 -0.00021533
-3.76308e-05
 0.000182329
 0.000322381
 0.000274231
 2.94527e-05
-0.000283918
-0.000457795
 -0.00033597
 6.33296e-05
 0.000521186
 0.000733708
   0.0005033
 -0.00010758
 -0.00077175
 -0.00107387
 -0.00076609
 4.90045e-05
 0.000940573
  0.00137771
  0.00105199
 8.32106e-05
 -0.00101099
 -0.00159875
 -0.00129876
-0.000232609
  0.00102308
  0.00174488
  0.00148845
 0.000358112
 -0.00102344
 -0.00186243
 -0.00165388
-0.000485925
 0.000992898
  0.00193439
  0.00178358
  0.00061096
-0.000924558
 -0.00194358
 -0.00186134
-0.000727409
 0.000806463
  0.00186584
  0.00186274
 0.000825993
-0.000629661
 -0.00167759
 -0.00175688
-0.000880741
 0.000405069
  0.00136696
  0.00151065
 0.000840685
 -0.00019083
-0.000983838
 -0.00114557
 -0.00068992
  3.0467e-05
 0.000569648
 0.000667688
 0.000374789
-2.64039e-05
-0.000239386
-0.000153007
 9.92494e-05
 0.000257141
 0.000132705
-0.000238892
-0.000608692
-0.000674426
-0.000298353
 0.000374833
 0.000970773
  0.00110409
 0.000624484
 -0.00025913
 -0.00107475
 -0.00134797
-0.000892724
 6.40709e-05
  0.00099238
   0.0013604
 0.000951007
-1.07284e-06
-0.000938454
 -0.00130598
-0.000880526
 8.85087e-05
  0.00102517
  0.00136286
 0.000880822
-0.000155094
 -0.00114831
 -0.00151584
 -0.00102808
 5.34752e-05
  0.00112775
  0.00159573
  0.00119862
 0.000159314
-0.000949793
  -0.0015339
 -0.00129962
-0.000399087
 0.000666412
  0.00133833
  0.00129293
 0.000599019
-0.000348519
 -0.00105386
 -0.00118443
-0.000720008
 5.68486e-05
 0.000735545
 0.000990043
 0.000732719
 0.000136045
-0.000474113
 -0.00079182
-0.000680491
-0.000228462
 0.000312187
 0.000660307
 0.000648691
 0.000298903
-0.000196003
-0.000581962
-0.000669953
-0.000430275
 4.77413e-06
 0.000415359
 0.000609424
 0.000513213
 0.000195303
-0.000180948
-0.000443211
-0.000488347
-0.000316403
-1.56303e-05
 0.000281597
 0.000453418
 0.000428648
 0.000207546
-0.000131975
-0.000456526
 -0.00061768
-0.000511681
-0.000143089
 0.000353763
 0.000751161
  0.00083226
 0.000511153
 -9.4834e-05
-0.000696097
-0.000970535
-0.000744351
-0.000112178
    0.000591
 0.000966712
 0.000785106
 0.000132841
-0.000614196
 -0.00100508
-0.000786063
-6.31317e-05
 0.000740588
  0.00113506
 0.000858966
 4.89207e-05
-0.000830538
 -0.00125985
-0.000977475
-0.000141421
  0.00076506
  0.00121879
  0.00097256
 0.000197884
-0.000627098
 -0.00100867
-0.000744866
-4.06915e-05
 0.000623266
 0.000802391
 0.000372184
-0.000381427
-0.000935764
-0.000869024
-0.000144152
 0.000833545
  0.00144342
  0.00123393
 0.000226922
 -0.00105049
  -0.0018509
 -0.00164811
-0.000480184
  0.00103669
  0.00203834
  0.00191224
 0.000680995
-0.000989328
 -0.00214899
 -0.00211552
-0.000873839
 0.000900365
  0.00221398
   0.0023244
  0.00115926
-0.000644734
 -0.00210587
 -0.00244158
 -0.00149621
 0.000197676
  0.00173121
  0.00232131
  0.00171816
 0.000301184
  -0.0011596
  -0.0019353
 -0.00169923
-0.000664002
 0.000582914
  0.00140758
  0.00145275
 0.000784852
-0.000186342
-0.000944644
 -0.00113486
  -0.0007219
 2.55779e-05
 0.000690912
 0.000930354
 0.000641138
 2.91012e-06
-0.000625074
-0.000893925
-0.000649049
-2.03765e-05
 0.000645106
 0.000964226
 0.000731186
 4.59457e-05
-0.000722134
 -0.00112887
-0.000907909
-0.000137244
 0.000777526
  0.00131769
  0.00114331
  0.00030581
-0.000760638
 -0.00146394
 -0.00138931
-0.000542642
 0.000632947
  0.00149771
  0.00157033
 0.000798403
-0.000405775
 -0.00139525
 -0.00164586
 -0.00103856
 8.52951e-05
  0.00112165
  0.00154057
  0.00116061
 0.000226799
-0.000746277
 -0.00125915
 -0.00108831
-0.000382303
 0.000448965
 0.000961538
 0.000912247
 0.000370733
-0.000340954
 -0.00083027
-0.000844254
-0.000389659
 0.000278359
 0.000798767
 0.000897172
 0.000525278
-0.000117611
-0.000696288
-0.000916167
-0.000678155
-0.000125334
 0.000442442
 0.000731648
 0.000620657
 0.000213633
-0.000226514
-0.000441231
-0.000328471
-2.99257e-06
 0.000284347
  0.00031321
 4.43587e-05
-0.000343691
-0.000559048
-0.000396432
 0.000110835
 0.000677487
 0.000922037
 0.000613388
-0.000153303
-0.000969338
   -0.001329
-0.000938269
 6.96588e-05
  0.00116465
  0.00170158
  0.00130049
 0.000103843
 -0.00126034
 -0.00201363
  -0.0016785
-0.000379723
  0.00119628
    0.002167
   0.0019634
 0.000667893
 -0.00101553
 -0.00214902
 -0.00209517
-0.000882996
 0.000805854
  0.00202628
  0.00210343
  0.00101332
-0.000616615
 -0.00187215
 -0.00206937
 -0.00113185
 0.000394044
  0.00166013
  0.00199979
  0.00127513
-7.73808e-05
 -0.00131852
 -0.00182121
  -0.0013906
-0.000325807
  0.00078956
  0.00141501
  0.00132279
 0.000664573
-0.000165997
-0.000768224
-0.000932427
-0.000699058
-0.000277512
 0.000102365
 0.000307923
 0.000333591
 0.000258343
 0.000166805
 9.73034e-05
 4.07756e-05
-2.29934e-05
 -9.4233e-05
-0.000145378
-0.000143905
-8.03389e-05
 2.11257e-05
 0.000114654
 0.000161021
 0.000144119
 7.46708e-05
-2.29209e-05
-0.000124045
 -0.00020143
-0.000222351
-0.000158437
-3.95798e-06
 0.000200556
 0.000361152
 0.000373275
 0.000180054
-0.000164799
-0.000498454
-0.000626227
-0.000431303
 2.95081e-05
 0.000537254
 0.000806755
 0.000660825
   0.0001402
-0.000493323
-0.000893506
-0.000826187
 -0.00030897
 0.000383961
 0.000872098
 0.000883483
 0.000411566
-0.000272505
-0.000782549
-0.000836467
-0.000417508
 0.000217312
 0.000692123
 0.000735913
 0.000338916
-0.000246251
-0.000660118
-0.000654809
-0.000239149
 0.000330505
 0.000708734
 0.000665319
 0.000218073
 -0.00038044
-0.000796673
-0.000799652
-0.000386219
 0.000228402
 0.000737129
 0.000900408
 0.000663968
 0.000158897
-0.000374191
-0.000712571
-0.000743921
 -0.00049787
-0.000111422
 0.000248464
 0.000450372
 0.000446085
 0.000276294
 3.61085e-05
-0.000161546
-0.000241006
-0.000182416
-3.22254e-05
 0.000125215
 0.000204735
  0.00016679
 3.36872e-05
-0.000121162
-0.000212406
 -0.00018645
-5.84845e-05
 0.000103337
 0.000207811
 0.000195606
 6.96656e-05
-0.000102966
-0.000231063
-0.000245841
 -0.00013971
 3.23452e-05
 0.000183987
  0.00024392
 0.000188864
 5.34375e-05
-9.65767e-05
-0.000193834
-0.000202392
-0.000130727
-1.46248e-05
  9.4385e-05
 0.000159237
 0.000159206
 0.000102318
  1.3781e-05
-7.22582e-05
-0.000124212
-0.000124643
-7.74385e-05
-5.80662e-06
 5.84724e-05
 8.85349e-05
  7.5951e-05
 3.32015e-05
-1.57144e-05
-4.57484e-05
-4.77079e-05
-2.70881e-05
 5.38524e-08
  1.7681e-05
 2.04602e-05
 7.92274e-06
  -9.524e-06
-2.35949e-05
-2.69193e-05
 -1.7419e-05
 3.17828e-06
 2.74905e-05
 4.30053e-05
 3.78199e-05
 2.94366e-06
-4.93994e-05
 -9.3674e-05
-9.74067e-05
-4.11806e-05
 6.27069e-05
  0.00016304
 0.000198346
 0.000125163
-4.09856e-05
-0.000224648
-0.000320179
-0.000252349
-2.81987e-05
 0.000245074
 0.000408254
 0.000339666
 4.09466e-05
-0.000340601
-0.000572955
-0.000472263
 -3.6056e-05
 0.000517483
 0.000841652
 0.000667283
-4.05494e-06
 -0.00083303
 -0.00129136
-0.000970972
 0.000108239
  0.00140526
  0.00209432
  0.00154651
-0.000187947
 -0.00224328
 -0.00331251
 -0.00241744
  0.00034445
   0.0035873
  0.00524449
  0.00378641
-0.000608292
 -0.00572911
 -0.00830799
 -0.00594789
  0.00103245
   0.0091105
   0.0131187
  0.00929869
 -0.00178912
   -0.014537
   -0.020767
  -0.0145903
  0.00302806
   0.0231514
   0.0328396
   0.0228507
 -0.00516133
  -0.0369368
  -0.0519703
  -0.0357435
  0.00889641
   0.0591066
   0.0822596
   0.0554873
  -0.0161821
  -0.0957184
   -0.130644
  -0.0846931
   0.0326529
    0.159485
    0.208944
    0.122524
  -0.0791403
   -0.283919
   -0.336737
   -0.139013
    0.249021
    0.574731
    0.492452
   -0.181935
    -1.10285
    -1.01569
     2.49999
   0.0327855
