-5.84395e-06
 3.71817e-05
-2.02657e-05
-5.09101e-05
-1.13893e-05
 4.07787e-05
 6.45118e-05
 1.86009e-05
-5.22818e-05
-5.25208e-05
-4.76835e-05
 2.38507e-05
 6.43317e-05
 6.87083e-05
 6.41037e-06
-6.63869e-05
  -7.562e-05
-3.48331e-05
 2.71028e-05
 8.94406e-05
 7.27419e-05
 6.41738e-06
-6.03917e-05
-0.000100442
-7.99841e-05
 4.94407e-05
 9.32378e-05
 9.37369e-05
 1.23146e-05
-3.81802e-05
-8.91644e-05
-9.14964e-05
 -5.8952e-06
 7.77661e-05
 8.56676e-05
 3.94381e-05
 4.15107e-06
-5.52697e-05
 -0.00011518
-2.94821e-05
 4.39072e-05
 9.65634e-05
 4.70666e-05
 -1.2402e-05
-4.42687e-05
-6.85035e-05
-1.71289e-05
 5.97312e-06
 7.54717e-05
 3.92789e-05
-1.14963e-05
-6.02376e-05
-2.12729e-05
 3.67234e-06
 2.12173e-05
 5.16349e-05
-7.66273e-06
-1.81679e-05
-4.69695e-05
-3.66683e-05
 3.47382e-05
  5.0905e-05
 4.74179e-05
 -4.4095e-06
-3.65768e-05
-6.26674e-05
-2.58251e-05
 -3.1531e-06
 2.72907e-05
 8.33746e-05
 5.68395e-05
-6.94583e-06
-7.12296e-05
-0.000105284
-4.18128e-05
 3.22377e-05
 0.000102508
 0.000115737
 1.17097e-05
-7.69374e-05
-0.000121586
-7.01034e-05
 -5.7335e-07
 0.000118821
 0.000104494
 5.26937e-05
-9.04761e-05
-7.75379e-05
-5.40991e-05
 2.18866e-07
 4.42154e-05
 4.47773e-05
 5.76433e-05
-1.73333e-05
-3.93898e-05
-4.42259e-06
-8.55793e-05
 4.11479e-05
 3.52909e-05
 2.59826e-05
 2.71986e-05
-3.06253e-05
 -1.0511e-05
-5.54273e-05
-7.34277e-06
  2.0008e-05
 4.05335e-05
  5.5114e-05
 2.65349e-05
-5.13878e-05
-0.000108506
-5.21689e-05
 4.22857e-05
 9.96376e-05
 9.65839e-05
 1.82825e-05
 -0.00010541
-8.24374e-05
-8.63348e-05
 2.21168e-05
 0.000110252
 0.000102438
 4.64931e-05
-5.13558e-05
-9.99857e-05
-0.000120728
 6.92269e-06
 5.10691e-05
 0.000130423
 5.87665e-05
 1.00898e-05
-0.000131189
-5.28815e-05
-8.94957e-05
 0.000100538
  8.5813e-05
 7.99123e-05
-5.61536e-05
-0.000103891
-4.63736e-05
 5.12353e-06
 0.000141232
 7.03997e-06
   2.408e-05
-0.000107578
-9.92359e-05
 2.50925e-05
 5.59411e-05
 0.000143974
 4.29722e-05
-0.000103552
-9.02438e-05
 -0.00010255
 1.22053e-05
 0.000100074
 0.000167499
 1.46197e-05
-7.91343e-05
-0.000133853
-5.47828e-05
 2.15302e-05
 0.000130512
-1.27313e-05
 3.29642e-05
 4.65993e-06
-4.58252e-05
-3.59666e-05
-5.74861e-05
 4.53522e-05
 5.61636e-05
 -3.7481e-05
 7.52352e-05
 3.67713e-05
-9.51171e-05
 -7.8036e-05
-1.31035e-05
 2.57498e-05
 0.000138331
 2.52324e-05
 -4.2014e-05
-4.29603e-05
-0.000103371
-2.24247e-05
 6.69544e-05
  0.00011488
 7.96799e-05
-0.000108675
-0.000107593
-4.19137e-05
 6.28194e-05
 9.04262e-05
 1.07457e-05
-1.00542e-05
-4.44359e-05
-6.53168e-05
  4.6192e-05
 1.79525e-05
  2.3815e-05
 1.54546e-05
-5.24239e-05
-1.02977e-05
 1.43941e-05
 2.37154e-05
-6.16825e-05
 6.36812e-05
 3.75539e-05
-6.55678e-05
-7.28047e-06
 7.20852e-05
-8.52382e-05
 2.95576e-06
-7.23726e-06
 5.90762e-05
-5.31785e-05
 0.000111304
-6.80366e-05
 1.28764e-06
-7.63085e-05
 4.91858e-05
 2.00264e-05
 1.15836e-05
-5.54274e-05
 2.69652e-05
 2.44031e-05
 2.48995e-05
 5.49465e-06
 1.44844e-06
-9.54196e-05
-7.43332e-05
   2.077e-05
 0.000171221
 2.29737e-05
 5.45476e-05
-0.000107534
-0.000140694
-2.45001e-05
-4.46514e-05
 0.000211858
 0.000141851
-5.01258e-06
-0.000143314
-0.000195469
 4.14881e-05
-6.70537e-06
 0.000217956
-3.91195e-05
 7.43794e-05
-2.84303e-05
-0.000169264
-6.96672e-05
  6.1292e-05
 0.000112075
-3.12587e-05
 9.03734e-05
-2.38374e-05
-7.03997e-05
-3.25374e-05
-9.79211e-06
-6.19563e-06
 3.41415e-05
 2.24818e-05
 2.97274e-05
 4.71823e-05
-3.29241e-05
-0.000102693
-2.84752e-05
 1.52296e-05
 9.06284e-05
 9.30624e-07
 7.33015e-05
-9.14728e-05
 1.29349e-05
-0.000112734
 1.41868e-05
 8.85243e-05
 9.31903e-05
-5.48401e-05
 -9.0078e-05
-5.63949e-05
 5.60089e-05
 0.000179935
-8.18526e-05
-6.32831e-05
-6.40032e-05
-3.33084e-05
 8.87847e-05
 9.26168e-05
-4.22373e-05
  0.00010613
-0.000197985
-1.13139e-05
-3.63232e-05
  1.0858e-05
 0.000213166
 7.61924e-05
 -0.00019399
 -0.00011006
  2.0239e-05
 7.51032e-05
 2.88237e-05
 1.54114e-05
 3.36121e-05
 3.16394e-05
-0.000201011
-5.69614e-06
 8.66976e-05
 9.27292e-05
 5.23296e-05
-0.000132465
-5.50435e-05
-2.38407e-05
 0.000165369
-0.000134697
  0.00016916
-0.000139062
 4.65735e-05
-3.61628e-05
 2.44665e-05
-0.000113547
 0.000145424
-2.71344e-05
  2.4641e-05
 0.000113087
-0.000127423
-0.000260294
 9.95224e-05
 0.000224612
 0.000108013
 -2.9592e-05
-0.000325334
 3.68565e-05
 2.74411e-05
 0.000153821
 0.000111255
-0.000120558
-2.66312e-05
-0.000175469
-4.31406e-06
 0.000280251
 7.56335e-05
-0.000320154
 9.01759e-05
 9.58434e-05
-0.000205116
  0.00019581
 0.000152799
 -0.00016806
-0.000281777
 0.000120726
 0.000122244
 0.000118358
 0.000177172
-0.000277422
-0.000262765
  0.00014105
-1.25657e-05
   0.0002766
-6.69948e-05
-1.51468e-05
-2.34454e-05
-8.89591e-05
-0.000214467
 0.000174076
 0.000127008
 0.000218681
-0.000220699
-4.19424e-05
-0.000179941
-7.58782e-05
 0.000307825
 8.24374e-05
 0.000143797
 -0.00023745
-0.000354948
 0.000206748
-4.94932e-05
 0.000286235
 7.62312e-05
 8.10988e-06
-0.000339041
-0.000107032
 7.79778e-05
 0.000138461
 0.000156886
 4.60603e-05
-0.000171691
   -0.000126
 0.000101095
-0.000191389
 0.000153941
 6.76852e-05
  0.00033214
-0.000376321
-8.38433e-05
-6.04882e-05
-1.16037e-05
  0.00026152
 0.000170524
-0.000249045
-3.00096e-05
 3.69022e-05
 -0.00018491
-0.000152806
 0.000678896
-0.000119626
-0.000370519
 4.68084e-05
-5.69828e-05
 0.000175692
 0.000162894
 -0.00026915
 -8.2287e-05
 0.000372033
-8.73481e-05
-0.000439088
 0.000155465
 0.000268216
 8.96223e-05
 4.83004e-05
-0.000541719
 0.000138653
-1.63138e-05
 0.000442042
-0.000175215
-2.55768e-05
-0.000152418
-8.54702e-05
-7.24448e-05
 0.000451156
 -2.5068e-05
-9.56243e-05
-0.000160721
 -0.00013463
  0.00014209
 0.000133308
 2.75125e-05
-0.000276477
 0.000173418
 0.000372987
-0.000302502
-0.000470974
 0.000240866
 0.000176768
 0.000131108
 7.44289e-05
 2.42565e-06
-0.000427368
-0.000107646
 0.000231569
-6.35242e-05
 0.000489402
-9.55996e-05
-5.49693e-05
 -0.00046344
 2.04124e-05
-8.39766e-05
 0.000534056
-0.000183239
 0.000461828
-0.000293548
 -0.00046576
-7.12109e-05
  0.00011243
 0.000332585
 0.000161289
  7.3162e-05
-0.000209317
-0.000404544
-0.000200602
 0.000436645
 0.000382876
 8.49881e-05
-0.000577664
-8.81623e-05
 0.000106677
 0.000113864
 0.000370626
-0.000342719
-4.40628e-05
-0.000203232
 0.000151161
 0.000351132
-5.03695e-05
-0.000505128
 0.000342654
  0.00013995
 -0.00044533
 0.000149977
 0.000260011
 4.46746e-05
-0.000241065
 3.09522e-05
-0.000218042
 0.000241089
 0.000116612
 0.000127906
 -0.00036758
-1.40066e-05
-0.000165651
 0.000275128
 0.000551793
-0.000214776
 -0.00054867
-0.000538236
 0.000556825
  0.00104559
-0.000624855
-2.77695e-05
-0.000702384
 0.000146923
 0.000357305
 0.000261302
 3.21148e-05
 0.000116543
-0.000841556
 0.000239663
 0.000266225
-0.000287752
 0.000383679
 0.000253824
-0.000480155
 6.26341e-05
-0.000154118
 3.94667e-05
-2.75074e-05
 0.000162363
 0.000356145
 0.000374793
 -0.00160904
 0.000341097
   0.0010607
-0.000526018
 0.000167499
-0.000385631
 0.000471399
-0.000219763
-0.000568581
 0.000491108
 0.000354484
 9.39688e-05
-0.000672115
-7.45132e-05
 0.000533458
-0.000448804
 0.000669476
 -0.00031948
-0.000485132
 0.000161149
 0.000690953
-0.000478364
 0.000312565
-0.000747783
-0.000299476
  0.00157329
-0.000386677
-0.000686379
  6.9121e-05
-0.000253871
 0.000319954
 0.000997714
 -0.00107463
 7.30261e-05
 0.000208322
-0.000570455
 0.000244868
 0.000729941
 1.92711e-05
-0.000415413
-0.000815934
 0.000219375
 0.000799345
 0.000284262
-0.000670985
 0.000106438
 1.89787e-05
-0.000692143
    0.000744
 7.60799e-05
 0.000233952
-0.000266885
-0.000315681
-0.000556822
 0.000785634
  0.00021749
 0.000804329
 -0.00203088
   0.0011556
-0.000109436
 -0.00127926
  0.00185819
 0.000207904
-0.000743282
 -0.00104101
 0.000846904
 0.000156952
 7.68676e-05
-4.86309e-05
 9.47625e-05
 -0.00104005
  0.00143333
-0.000627812
  7.4822e-05
-5.35646e-07
-0.000542893
 7.35237e-05
  0.00121623
-0.000364452
-0.000196373
 -0.00150311
  0.00080253
  0.00106281
 0.000245499
-0.000605621
-0.000975482
 4.82218e-05
  0.00133646
 -0.00129045
  0.00155955
  -0.0003003
 -0.00167495
 0.000366474
  0.00104649
 0.000985346
 -0.00207925
 0.000446594
-0.000158737
  0.00117235
-0.000583126
-0.000522727
 6.02062e-05
 0.000839893
 -0.00038525
-5.36826e-05
 -0.00135782
  0.00211479
 4.72143e-05
  -0.0014096
 -0.00076166
  0.00244416
 -0.00130834
 0.000289701
 0.000171578
 -0.00100122
 0.000702343
-0.000166496
 0.000358943
 0.000686438
 -0.00128249
-0.000419834
 0.000849699
 6.66665e-05
 0.000475374
  0.00065895
 -0.00375765
   0.0027313
 0.000688976
-3.58564e-05
 -0.00212683
  0.00118651
 2.84672e-05
 0.000693419
 0.000210686
 -0.00210888
 0.000450298
 0.000780918
  0.00127978
-0.000209849
 -0.00163056
   -0.000754
 0.000650031
 0.000949614
   0.0012945
-0.000862069
 -0.00111606
 -0.00127608
  0.00161485
  0.00015903
  0.00143041
 -0.00164832
 9.74698e-05
 -0.00105028
  0.00154542
-0.000184883
 -0.00107815
 0.000436994
  0.00304554
  -0.0030471
 -0.00207951
  0.00252927
 0.000660891
 0.000245242
-0.000615557
 -0.00165571
  0.00123079
-0.000215601
 0.000609325
  0.00121431
 -0.00237254
 -0.00167771
   0.0045539
  -0.0010216
 -0.00108582
 -0.00170563
  0.00123254
  0.00165582
 0.000107882
 -0.00150485
 -0.00140007
  0.00170658
  0.00111654
 -0.00165386
  0.00155378
 -0.00236699
  0.00156245
-0.000592433
 0.000358209
  0.00175398
 -0.00269325
-0.000532329
  0.00169702
 0.000899103
-0.000217636
  -0.0019972
 0.000158157
 0.000391897
  0.00210519
-0.000715666
 -0.00226176
  0.00224595
  -0.0028294
  0.00251944
 0.000852976
-0.000669723
 -0.00189583
  -0.0010538
  0.00501228
 -0.00325216
 6.78268e-05
 0.000544862
 5.61763e-05
-3.17703e-05
 -0.00196206
  0.00342328
   -0.001648
  0.00110186
 -0.00264355
 3.20884e-05
  0.00279285
 0.000886904
 -0.00353032
  0.00110623
-9.46264e-05
-0.000425345
  0.00179378
-0.000229064
 0.000308484
  -0.0041992
  0.00367531
-0.000144167
  0.00173695
 -0.00397905
 0.000950592
  0.00191983
 -0.00177561
  0.00151963
  -0.0001424
-0.000463417
 -0.00213094
  0.00218856
 -0.00132589
  0.00483645
 -0.00439514
 -0.00119412
  0.00254537
 -0.00278129
  0.00322176
 0.000544293
-0.000559728
 -0.00342341
  0.00159987
 0.000780582
 2.16156e-05
 0.000738774
-0.000361015
 0.000954605
  -0.0041554
  0.00116309
  0.00402216
 -0.00381929
  0.00522245
 -0.00797651
  0.00550493
-0.000924262
 -0.00185914
 0.000690098
  0.00285496
 -0.00201035
-0.000443889
 -0.00115962
  0.00211761
 -0.00027549
 -0.00262507
  0.00638813
 -0.00548403
-0.000364289
  0.00112768
  0.00254353
 -0.00135331
 -0.00141318
 -0.00237512
  0.00560435
  0.00225385
  -0.0100078
  0.00362673
  0.00395268
 -0.00217472
  0.00273212
 -0.00470692
 0.000587729
-0.000995017
  0.00536522
 -0.00242678
 6.39714e-05
-0.000932906
 -0.00364305
  0.00392471
  0.00443782
 -0.00475622
 -0.00239841
  0.00302424
-0.000657806
  0.00241003
 -0.00421498
  0.00230963
-0.000864407
  0.00475014
 -0.00630878
 0.000217745
 0.000260109
  0.00484837
 -0.00200874
  0.00177897
 -0.00816235
  0.00194805
  0.00697355
 0.000342408
 -0.00614861
 0.000522549
  0.00175038
 -0.00154042
   0.0038696
-0.000326447
 -0.00681053
  0.00587755
-1.61481e-05
  0.00098814
 -0.00635217
  0.00554039
 -0.00241606
   0.0037395
 -0.00392081
  0.00266415
 -0.00245141
 -0.00213668
  0.00520568
 0.000358706
 -0.00267937
 -0.00216769
  0.00249387
  0.00484572
  -0.0123153
  0.00852411
  0.00251462
   0.0015644
  -0.0129553
   0.0060078
  0.00171859
  0.00557256
  -0.0042303
 -0.00290552
 -0.00270924
  0.00265391
  0.00642237
 -0.00168192
 -0.00513552
 -0.00136729
  0.00315824
  0.00184929
  0.00143354
 -0.00458022
  0.00113258
 -0.00350902
    0.008442
 -0.00576999
  0.00581622
 -0.00918703
-0.000130767
   0.0092254
  0.00116073
 -0.00604985
  -0.0104363
   0.0147984
  0.00154601
 -0.00568651
 -0.00151128
 -0.00445839
   0.0152761
  -0.0140613
  0.00416039
  0.00628893
 -0.00771878
 -0.00270241
  0.00963698
 -0.00589205
  0.00206854
 0.000147757
 -0.00216237
 -0.00330364
   0.0100656
 -0.00583228
 -0.00149693
  0.00355055
 -0.00637445
  0.00835134
 -0.00401286
 0.000653867
-0.000802768
 -0.00238638
  0.00477446
-0.000696953
 -0.00541626
   0.0147308
  -0.0237398
   0.0158454
 -0.00176923
  0.00866937
  -0.0184921
  0.00356219
   0.0151568
  -0.0158813
  0.00741973
-5.40792e-05
  0.00197003
 -0.00586178
   -0.005881
   0.0121333
  0.00409012
 -0.00446807
  -0.0158496
   0.0103486
   0.0105246
 -0.00659347
 -0.00492477
  0.00430734
 -0.00545775
  0.00432231
   0.0034353
 0.000942133
 -0.00819423
 -0.00546741
   0.0193384
   -0.011088
  0.00366122
 -0.00831861
  0.00358229
  0.00854523
 -0.00971859
     0.00513
-0.000281686
 -0.00651462
   0.0022407
   0.0131721
  -0.0200971
   0.0206131
  -0.0202138
  0.00650941
  0.00580209
  0.00393571
 -0.00778831
 -0.00809139
  0.00995269
  0.00138223
 0.000489534
 -0.00114367
 -0.00501189
  -0.0053085
   0.0171899
 -0.00953057
  0.00393007
 -0.00407656
 -0.00514675
  0.00677494
  0.00236083
 -0.00315639
  0.00784384
   -0.018607
   0.0155068
  -0.0165242
   0.0238891
 -0.00193462
  -0.0199866
  0.00288615
  0.00264697
   0.0170473
  -0.0044569
  -0.0155552
 -0.00791855
   0.0270501
  -0.0103333
-0.000754918
 -0.00218186
  0.00488252
 -0.00996029
  0.00318316
  0.00862109
  0.00177926
 -0.00774135
 -0.00634064
  0.00132968
  0.00921807
  0.00441804
-0.000871979
  -0.0174576
 -0.00267128
    0.025838
 -0.00779988
  -0.0090013
  0.00611522
  -0.0048066
 -0.00421773
   0.0149199
  -0.0060352
 -0.00349461
  0.00512071
  -0.0188602
   0.0289699
  -0.0159682
   0.0072909
  -0.0151691
   0.0122673
  0.00281746
 -0.00315654
  -0.0114977
   0.0187199
  -0.0135461
  0.00789178
 -0.00753336
  0.00936362
 -0.00676446
 -0.00313857
    0.010087
 -0.00852431
   0.0133998
  -0.0275235
   0.0285957
  -0.0101891
 -0.00737605
  0.00457963
   0.0161862
  -0.0226192
 -0.00278948
   0.0224326
   -0.011954
  0.00338528
  -0.0118665
   0.0121752
  0.00709594
  -0.0264067
   0.0211206
 -0.00190537
  0.00237619
  -0.0119916
 0.000667248
   0.0174779
  -0.0238111
   0.0175734
  0.00490078
  -0.0123457
  -0.0235375
    0.045144
  -0.0111363
  -0.0175933
  0.00501017
   0.0149901
  -0.0298391
   0.0331556
  -0.0113811
-0.000547273
  -0.0153358
   0.0117218
  0.00936467
  0.00177126
  -0.0190924
  0.00275231
  0.00852837
   0.0038462
 -0.00698612
   0.0111348
  -0.0311581
   0.0294639
 -0.00287387
 -0.00643494
-0.000652068
 0.000964085
  0.00459886
  -0.0130551
  0.00799607
   0.0268399
  -0.0472562
    0.013032
   0.0284742
  -0.0322034
   0.0209737
  -0.0127563
  0.00216899
   0.0117207
  -0.0353255
   0.0531678
  -0.0355361
  0.00610093
  0.00543981
  -0.0128029
 -0.00032414
   0.0399434
  -0.0331655
  -0.0230361
   0.0306267
  0.00614566
 -0.00204108
  -0.0317285
   0.0418992
  -0.0299931
  0.00500779
   0.0214512
  -0.0158732
  -0.0130306
  0.00874593
   0.0301738
  -0.0298706
  -0.0301017
   0.0654848
   -0.037981
   0.0201434
  -0.0332224
    0.018623
  0.00389881
   0.0141395
  -0.0216666
 -0.00468287
  0.00279832
  0.00822549
   0.0286838
  -0.0580511
   0.0412625
  -0.0323306
   0.0217564
   0.0256182
  -0.0535075
   0.0483778
  -0.0633746
   0.0523527
   0.0198034
  -0.0316646
  -0.0534622
   0.0831395
  -0.0223524
 -0.00622815
  0.00845399
  -0.0584353
   0.0838512
  -0.0415068
   0.0364953
  -0.0538552
  -0.0291261
    0.109525
  -0.0261332
   -0.078056
   0.0438603
 -0.00520892
     0.04431
  -0.0282798
  -0.0392495
   0.0273275
   0.0101114
   0.0214068
    -0.03232
  -0.0236243
   0.0385773
 -0.00988999
   0.0420441
  -0.0992795
    0.078969
  -0.0213036
   0.0097278
 -0.00795345
  -0.0369887
    0.065473
  -0.0333437
   0.0312257
  -0.0919322
   0.0846907
  0.00658075
  -0.0360847
   0.0226816
  -0.0650334
   0.0558969
   0.0501293
  -0.0699149
  -0.0112072
   0.0259171
  0.00651871
 -0.00192796
 -0.00304224
   0.0175868
  -0.0393322
  -0.0178966
   0.0668218
   0.0254697
  -0.0906109
 -0.00521797
   0.0528576
   0.0355535
  -0.0461053
  -0.0627285
    0.119592
  -0.0989741
    0.055962
   0.0321712
   -0.121839
     0.11811
  -0.0469013
  -0.0190079
   0.0467824
 -0.00107331
  -0.0510255
  -0.0331293
     0.14978
   -0.060535
   -0.132427
    0.166855
   -0.100187
   0.0882527
  -0.0608489
  -0.0270024
   0.0707489
  -0.0519767
   0.0230795
   0.0270296
  -0.0763621
   0.0593415
 -0.00411803
  -0.0111946
 -0.00663102
 -0.00835113
   0.0485025
  -0.0185043
  -0.0685305
   0.0559603
   0.0348959
 -0.00912389
   -0.067713
   0.0123883
   0.0233387
   0.0816104
  -0.0832457
  -0.0424915
    0.010899
   0.0851702
  0.00327353
  -0.0773397
  -0.0163966
   0.0312336
   0.0505943
-0.000497828
  -0.0569289
  -0.0655066
     0.16383
  -0.0928193
   0.0247201
  -0.0298885
  0.00654612
   0.0402751
  -0.0417405
   0.0115251
  -0.0075085
   0.0331348
   0.0138655
   -0.159018
    0.177289
   0.0288472
   -0.144711
   0.0205708
   0.0276018
   0.0974787
   -0.118105
   0.0457329
  -0.0666816
   0.0523976
   0.0276952
   0.0624405
    -0.20587
    0.146425
  -0.0928311
    0.158152
  -0.0502071
  -0.0954899
    -0.12554
    0.366205
   -0.109761
   -0.246049
    0.164916
   0.0747877
  -0.0968418
   0.0385746
  -0.0178799
  -0.0508453
    0.101229
  -0.0368265
  -0.0644047
    0.132912
   -0.140077
   0.0473239
    0.040222
  0.00601461
  -0.0694836
   0.0136062
   0.0466911
   0.0204041
   -0.129077
    0.109694
   0.0513834
   -0.146759
   0.0299461
    0.111937
  -0.0698373
  -0.0192534
-0.000338015
 -0.00654617
   0.0889548
  -0.0254509
   -0.201712
    0.274536
  -0.0859163
  -0.0603196
  -0.0339384
    0.164904
   -0.144027
    0.107029
   -0.158842
    0.142973
   -0.019353
  0.00624084
   -0.155519
    0.244918
   -0.179627
   0.0993277
  -0.0864626
   0.0816153
  -0.0599338
   0.0909907
   -0.216164
    0.328073
   -0.246118
  -0.0121893
    0.189428
   -0.181607
    0.192983
   -0.289751
    0.244624
  -0.0398387
  -0.0608749
   0.0638917
   -0.184516
    0.308434
   -0.230525
    0.118224
   -0.132318
    0.136159
   -0.104642
    0.116109
  -0.0291658
   -0.153326
    0.143295
  0.00707687
  -0.0273758
    0.051995
   -0.128759
    -0.10292
    0.454116
   -0.301178
   -0.060808
  -0.0780336
    0.358669
    -0.11409
   -0.275117
    0.192958
     0.10048
   -0.105334
  -0.0384369
  -0.0590239
    0.236161
  -0.0474821
   -0.268145
    0.099895
    0.282506
   -0.215199
  0.00960397
   -0.158858
    0.166717
    0.251358
   -0.379642
 -0.00738179
    0.233508
   -0.126185
   0.0950267
   -0.155866
    0.112639
  -0.0237602
  -0.0578324
    0.161557
   -0.249285
    0.308671
   -0.318366
    0.214902
  -0.0629182
  -0.0767157
    0.241113
   -0.257549
 -0.00215726
    0.149192
  0.00597376
   0.0474402
   -0.370489
    0.276859
    0.154001
   -0.114331
   -0.244692
    0.198066
   0.0171801
   0.0699287
    -0.10498
  -0.0201828
   -0.207483
    0.508648
     -0.1408
   -0.389959
    0.191933
    0.180852
   0.0681725
   -0.293241
   -0.126353
    0.406607
  -0.0171512
   -0.249161
  -0.0947429
    0.420213
   -0.255084
   -0.101756
    0.197232
    0.079864
   -0.337458
    0.144707
    0.188305
   -0.175484
      0.1445
    -0.36827
    0.306446
   0.0734936
  -0.0574878
   -0.125675
   -0.276594
    0.747509
   -0.528107
    0.181387
   -0.239659
    0.268566
    -0.20463
    0.335128
   -0.198104
   -0.422211
    0.715578
   -0.382264
    0.038129
   0.0946757
  -0.0729827
   -0.186721
    0.203148
    0.360158
   -0.640967
    0.260043
   -0.224416
    0.656412
   -0.479931
   -0.191051
    0.354228
  -0.0437422
   -0.230835
    0.369943
   -0.263078
   0.0944692
   -0.286035
    0.430228
   -0.102915
  -0.0660803
   0.0381997
   -0.622942
     1.08935
   -0.190648
   -0.907507
     0.60111
    0.304411
   -0.644074
    0.611217
   -0.271405
   -0.299689
    0.284524
    0.101105
    0.227193
    -0.63959
   0.0155271
    0.633848
   -0.211658
   -0.399862
    0.544988
   -0.712974
    0.659507
   0.0803454
   -0.643127
    0.402724
   -0.274612
    0.704537
   -0.576577
    -0.54466
     1.13695
    -0.10144
     -1.1991
     1.10174
   -0.401355
    0.544362
    -0.78946
    0.118868
    0.341269
     0.17146
   -0.284894
   -0.355965
    0.207112
    0.614998
    -0.45394
   -0.361171
     0.44431
  -0.0988326
   -0.115112
    0.516214
   -0.556117
    -0.29793
    0.716406
   -0.128623
    0.161955
   -0.948314
    0.704297
     0.24045
   -0.327045
    0.300336
   -0.988562
    0.825655
    0.775079
    -1.76655
     1.08874
  -0.0177584
   -0.278104
    -0.16533
     0.52695
   0.0292972
    -0.73932
   -0.101241
     1.73531
    -1.60679
   0.0942244
    0.102401
     0.72303
   -0.128029
    -1.05972
    0.289991
      1.1257
   -0.369275
    -1.06088
    0.307475
      1.0368
   -0.285977
    -1.01146
    0.685426
   -0.140877
    0.356328
    0.606592
    -2.62391
     2.49424
   -0.144582
    -0.92357
    0.109851
     0.16702
   0.0965525
    0.584559
     -1.1664
    0.402702
    0.349709
   -0.229885
    0.243728
   -0.140054
    -1.06263
      2.0801
    -1.51953
    0.674993
   -0.800455
     1.15275
    -1.40997
     1.97989
    -1.91592
    0.277701
      1.5849
    -1.72526
   0.0787737
     1.67496
    -1.67213
  -0.0515495
     1.23558
   -0.777155
    0.314156
   -0.508973
   -0.219184
     1.63262
    -1.40616
   -0.358253
     1.25256
   -0.735183
    0.283772
   -0.536675
     0.68307
    0.066078
    -1.01105
    0.387631
     1.79047
    -3.04546
     2.15818
   -0.771081
   0.0957123
    0.555944
    -1.47108
     1.87561
    -1.52404
     1.06395
   -0.955956
    0.625309
    0.485995
   -0.816929
    -1.26711
      2.9242
   -0.363818
    -3.22648
     1.97616
     1.87993
    -1.74377
    -1.79771
     3.15764
    -1.29949
   -0.752463
     1.44946
    -1.15012
    0.486843
    0.137805
    -0.47118
   -0.191233
      1.5313
   -0.960982
    -1.71283
     2.31922
    0.231879
    -2.36687
      3.1682
     -2.9127
  -0.0174133
      1.6247
     2.99006
    -5.16253
    -2.40862
     6.59974
    0.562935
    -3.97303
    -0.50116
    -2.30497
     7.61143
    0.516734
    -8.01363
     -1.6406
      8.5049
     2.27865
    -7.64096
    -6.73507
     20.0667
    -16.6252
     6.42473
 0.000253025
