 0.000173812
-0.000370344
 0.000250513
 8.65822e-05
-0.000325843
-0.000286288
 0.000208231
 0.000600282
 0.000478513
-0.000114382
-0.000703749
-0.000785375
-0.000273654
  0.00045571
 0.000880573
 0.000687002
 1.25652e-05
-0.000646653
-0.000815826
-0.000410233
 0.000276651
 0.000713275
 0.000585692
 1.59627e-05
-0.000558337
-0.000681744
-0.000249857
 0.000408258
 0.000789278
 0.000570376
-0.000117433
-0.000775634
-0.000920105
-0.000417661
 0.000406797
 0.000994169
 0.000937026
 0.000279772
 -0.00054906
 -0.00102704
-0.000871689
-0.000205974
 0.000540387
 0.000929891
 0.000757584
 0.000179967
-0.000442578
-0.000757989
-0.000623707
-0.000168582
 0.000326782
 0.000587388
 0.000494212
 0.000127657
-0.000266541
-0.000462131
-0.000352466
-4.46199e-05
 0.000267914
 0.000397035
 0.000259286
-5.78261e-05
-0.000347777
-0.000418839
-0.000203444
  0.00017201
 0.000459231
 0.000474601
 0.000155846
-0.000296653
-0.000590477
-0.000500183
-4.88287e-05
 0.000479248
 0.000705743
 0.000441932
-0.000161934
-0.000710826
 -0.00078422
 -0.00029155
  0.00045064
 0.000938394
 0.000796227
 8.10609e-05
-0.000735416
 -0.00109003
-0.000720869
 0.000144549
 0.000923801
  0.00109389
 0.000553636
-0.000328462
-0.000971041
-0.000950714
-0.000328395
 0.000465654
 0.000892507
 0.000708699
 7.26065e-05
 -0.00055722
-0.000756335
-0.000435627
 0.000173832
 0.000639158
 0.000650732
 0.000197862
-0.000416239
-0.000789883
-0.000641218
-1.71521e-05
 0.000711673
  0.00105269
 0.000731428
-0.000148607
 -0.00107183
 -0.00141623
-0.000863946
 0.000352859
  0.00150279
  0.00178851
 0.000909088
-0.000655613
 -0.00192461
 -0.00201023
-0.000779627
  0.00101475
  0.00220842
  0.00198905
 0.000491162
 -0.00130483
 -0.00223899
 -0.00173928
-0.000177902
  0.00140101
  0.00201508
  0.00135919
-4.99615e-05
 -0.00130158
 -0.00165355
 -0.00099567
 0.000174922
  0.00112956
  0.00133126
 0.000726646
 -0.00025421
 -0.00102579
 -0.00114351
-0.000550196
 0.000352766
  0.00102001
  0.00104678
 0.000420562
-0.000457308
 -0.00103711
-0.000960136
-0.000293866
 0.000520625
 0.000973401
 0.000821006
 0.000189087
-0.000482155
-0.000812331
-0.000647311
-0.000152484
 0.000340814
 0.000583074
 0.000508478
 0.000219186
-0.000121437
-0.000379717
-0.000478014
 -0.00037503
-7.88467e-05
 0.000292985
 0.000537754
 0.000514577
 0.000178644
-0.000290033
-0.000612079
-0.000563847
-0.000175268
 0.000300902
 0.000568018
 0.000492915
 0.000159374
-0.000190434
-0.000390138
 -0.00039173
-0.000253352
-5.69158e-05
 0.000151581
 0.000367366
 0.000509851
 0.000420486
 1.36422e-05
-0.000549376
-0.000911232
-0.000729024
 2.80258e-05
   0.0009198
  0.00133815
  0.00086574
-0.000296204
 -0.00141605
 -0.00166224
-0.000759006
 0.000760993
  0.00186343
  0.00175245
 0.000425015
 -0.00123996
 -0.00210638
 -0.00156966
 2.93544e-05
  0.00159135
  0.00206516
  0.00115861
 -0.00046994
 -0.00171036
 -0.00176646
-0.000684757
 0.000765967
  0.00160184
  0.00135429
 0.000286727
-0.000865819
  -0.0013668
 -0.00100404
-8.15814e-05
 0.000809055
  0.00116565
 0.000853046
 9.91018e-05
-0.000685904
 -0.00108856
-0.000912017
-0.000242195
 0.000600464
  0.00114552
  0.00108257
 0.000363385
 -0.00063504
 -0.00132181
  -0.0012267
 -0.00034785
 0.000806769
  0.00149876
  0.00123244
 0.000152902
 -0.00106252
 -0.00156579
 -0.00101864
 0.000224602
  0.00128789
  0.00143845
  0.00057101
-0.000691592
 -0.00142427
  -0.0011009
 4.71343e-05
  0.00116091
   0.0014038
 0.000582699
-0.000708953
 -0.00149066
 -0.00119116
 6.02713e-06
  0.00124017
  0.00159972
 0.000828379
 -0.00052659
 -0.00152434
 -0.00144979
-0.000400438
    0.000873
  0.00149374
  0.00109298
 1.30075e-05
-0.000970633
 -0.00121495
 -0.00064929
 0.000256173
 0.000835963
 0.000760119
 0.000196603
-0.000366586
-0.000510999
-0.000207599
 0.000202205
 0.000327205
 7.60777e-05
-0.000342397
-0.000484289
-0.000179726
 0.000373554
 0.000755509
 0.000584536
-5.53194e-05
-0.000712191
 -0.00089927
-0.000459229
 0.000294358
  0.00081122
 0.000744937
 0.000178122
-0.000432366
-0.000643777
-0.000346325
 0.000136564
 0.000393001
 0.000243219
-0.000122064
-0.000331966
-0.000172517
 0.000227613
 0.000495142
 0.000341878
-0.000174105
-0.000636119
-0.000685677
-0.000192855
  0.00051162
 0.000895098
 0.000687537
-2.55635e-06
-0.000699428
-0.000944164
-0.000578956
 0.000116866
 0.000694889
 0.000795923
 0.000440638
-0.000109237
-0.000507359
-0.000555796
  -0.0003402
-4.44146e-05
 0.000210485
 0.000343693
 0.000390229
 0.000311928
 9.46127e-05
-0.000262168
 -0.00058937
-0.000666612
-0.000313462
 0.000353999
 0.000930049
 0.000978558
 0.000349013
-0.000628744
 -0.00130737
 -0.00115169
-0.000156908
  0.00105036
  0.00163288
  0.00112174
-0.000237585
 -0.00152787
 -0.00182529
  -0.0008725
 0.000750626
  0.00192302
  0.00182513
 0.000453469
   -0.001268
 -0.00216431
 -0.00161712
 4.17553e-05
  0.00168481
  0.00219842
  0.00125007
-0.000516432
 -0.00191114
  -0.0020098
-0.000810807
 0.000883246
  0.00193567
  0.00168187
 0.000359714
 -0.00113565
 -0.00180876
 -0.00127395
 5.60245e-05
  0.00126444
  0.00158032
 0.000858252
 -0.00038787
 -0.00127244
 -0.00125558
-0.000439788
 0.000567935
  0.00108134
 0.000828997
  8.6932e-05
-0.000555545
-0.000699282
 -0.00036116
 9.75326e-05
 0.000321566
 0.000221283
  2.9607e-05
-1.75868e-05
  0.00010622
 0.000182765
 3.01866e-05
-0.000315048
-0.000545692
-0.000377981
 0.000157585
 0.000710041
 0.000813177
   0.0003258
-0.000428092
-0.000927098
-0.000804381
 -0.00015912
 0.000544174
 0.000851936
 0.000614182
 7.88883e-05
-0.000402213
-0.000582245
-0.000454418
-0.000177745
 0.000120792
 0.000347768
 0.000462833
 0.000393585
 9.79408e-05
 -0.00031677
-0.000631889
-0.000567853
-0.000101144
 0.000469159
 0.000782716
  0.00055773
-4.47423e-05
-0.000636797
-0.000783834
-0.000393917
   0.0002385
 0.000666334
 0.000603478
 0.000151792
-0.000331279
-0.000519627
 -0.00033367
  3.4587e-05
 0.000289492
  0.00028542
 0.000100332
-8.89766e-05
-0.000153376
-8.63929e-05
 1.21799e-06
 3.43057e-05
 1.68153e-05
-6.01735e-06
 2.41773e-05
  8.7654e-05
 9.13928e-05
-6.16058e-06
-0.000167398
-0.000257978
-0.000153373
 0.000102752
 0.000368428
 0.000423365
 0.000179953
-0.000292516
 -0.00062735
-0.000567676
-7.03314e-05
 0.000567893
 0.000904514
 0.000611596
-0.000168241
-0.000930197
 -0.00109008
-0.000498155
   0.0005282
  0.00124488
  0.00112771
 0.000216132
-0.000895912
 -0.00145154
 -0.00102452
  0.00011236
  0.00121825
  0.00154153
 0.000864108
-0.000387234
 -0.00141875
 -0.00155151
-0.000724254
 0.000548448
  0.00148093
  0.00150228
  0.00061252
-0.000627696
 -0.00145154
 -0.00138031
-0.000481993
 0.000659469
  0.00133417
  0.00117947
 0.000314324
-0.000642681
 -0.00114609
-0.000911498
-0.000159344
 0.000583928
 0.000918286
 0.000688164
 0.000101484
-0.000476938
-0.000746251
-0.000607784
-0.000167861
 0.000333086
 0.000664242
 0.000661656
 0.000307582
-0.000231172
-0.000661354
-0.000725009
-0.000365302
 0.000216634
 0.000674527
 0.000697184
 0.000266061
-0.000317811
-0.000662502
-0.000536583
-5.14718e-05
 0.000444259
 0.000613244
  0.00033326
-0.000178364
-0.000559111
-0.000561635
-0.000156757
 0.000358994
 0.000647015
  0.00051292
 2.63428e-05
-0.000486659
-0.000689052
-0.000433201
 0.000109434
 0.000576605
 0.000646539
 0.000265598
-0.000266481
-0.000582713
-0.000469641
-1.96865e-05
 0.000383966
 0.000442028
 0.000142699
-0.000254867
-0.000390495
-0.000139987
 0.000276347
 0.000472217
 0.000230922
-0.000272103
-0.000635353
-0.000528501
 3.43616e-05
  0.00063299
 0.000817742
 0.000407705
-0.000311283
-0.000812992
-0.000752181
 -0.00017409
 0.000498294
 0.000793842
 0.000511173
-9.06885e-05
-0.000582084
-0.000614095
-0.000216147
 0.000303379
 0.000564691
  0.00038931
-4.56275e-05
-0.000434153
-0.000473321
-0.000170352
  0.00022387
 0.000446953
 0.000315296
-2.69746e-05
-0.000309649
-0.000313963
-7.56621e-05
 0.000184549
  0.00023808
 5.14815e-05
-0.000183812
-0.000245984
-3.22416e-05
  0.00028579
 0.000406949
 0.000180445
-0.000280574
-0.000608912
-0.000523174
-5.74388e-06
 0.000592577
 0.000833828
 0.000510855
-0.000214187
-0.000842629
 -0.00094404
 -0.00040307
 0.000443867
  0.00102426
 0.000964073
 0.000260653
-0.000625491
 -0.00115625
-0.000979834
-0.000178483
 0.000760688
  0.00125695
   0.0010205
 0.000135983
-0.000826309
 -0.00134845
 -0.00104646
-0.000108456
 0.000903593
  0.00140084
  0.00104966
 6.01121e-05
-0.000989674
 -0.00145148
 -0.00103393
-7.81021e-07
  0.00103965
  0.00146923
   0.0010489
 2.96387e-05
 -0.00101779
 -0.00149674
 -0.00114668
-0.000158854
  0.00095772
   0.0015795
  0.00134853
 0.000311147
-0.000979524
  -0.0017778
 -0.00156109
 -0.00036061
  0.00115693
  0.00204204
  0.00167341
 0.000207635
 -0.00146992
 -0.00224103
 -0.00156808
 0.000152474
   0.0017984
  0.00225324
  0.00118417
-0.000642911
 -0.00202204
  -0.0019843
 -0.00059814
  0.00116248
  0.00205935
  0.00149051
-0.000103335
 -0.00157682
 -0.00190437
-0.000884624
 0.000746752
  0.00180906
  0.00159149
  0.00026027
 -0.00122859
 -0.00181819
 -0.00114685
 0.000280755
  0.00145636
  0.00160656
 0.000706311
-0.000598245
 -0.00142002
 -0.00129691
 -0.00038536
 0.000655041
  0.00120271
  0.00101312
 0.000272483
-0.000538681
-0.000983379
-0.000888734
-0.000318424
 0.000415011
 0.000925454
 0.000944004
 0.000383953
-0.000444101
 -0.00108638
 -0.00107253
-0.000352676
 0.000689731
  0.00136497
  0.00117704
 0.000157966
 -0.00107756
 -0.00164813
 -0.00111699
  0.00021701
   0.0014547
  0.00174921
 0.000836478
-0.000678117
 -0.00174287
  -0.0015695
-0.000296308
  0.00120209
  0.00177878
  0.00103803
-0.000465649
  -0.0016011
 -0.00147806
-0.000207103
  0.00125547
   0.0017576
 0.000840243
-0.000788114
 -0.00186009
 -0.00150461
 5.18109e-05
  0.00163112
  0.00201961
 0.000865551
-0.000951616
 -0.00205415
 -0.00163783
-2.47172e-05
  0.00156978
  0.00193166
 0.000864437
-0.000779547
 -0.00174144
 -0.00133849
 6.14567e-05
  0.00131625
   0.0014793
 0.000469113
-0.000890284
 -0.00147092
-0.000872894
 0.000433445
  0.00139038
  0.00123116
 9.23798e-05
  -0.0011181
 -0.00145447
 -0.00065936
 0.000644912
  0.00141286
  0.00108409
-6.89527e-05
 -0.00110996
 -0.00125449
-0.000413675
 0.000674004
  0.00115211
 0.000675103
 -0.00031357
-0.000939344
-0.000735301
 0.000101326
 0.000820824
  0.00077516
  3.2194e-05
-0.000744817
-0.000895305
-0.000235079
 0.000626473
 0.000983033
 0.000486342
-0.000429716
-0.000994413
 -0.00071112
 0.000213319
 0.000999266
 0.000965601
 8.24406e-05
-0.000952346
  -0.0013039
-0.000602688
 0.000624334
  0.00147864
  0.00127342
  0.00012225
  -0.0011771
 -0.00167051
-0.000998281
 0.000349931
   0.0014342
  0.00152555
 0.000595366
 -0.00063022
 -0.00136373
 -0.00115898
 -0.00027123
 0.000643278
  0.00102198
 0.000720494
 0.000108916
-0.000393499
-0.000520711
-0.000346049
-8.87405e-05
 5.37996e-05
 7.50294e-05
 4.49182e-05
 8.74233e-05
  0.00017578
 0.000196651
 0.000104758
-4.44663e-05
-0.000179501
-0.000216182
-0.000163733
-7.51889e-05
  3.3328e-05
 0.000124239
 0.000232381
 0.000278434
 0.000164288
-0.000128461
-0.000460539
-0.000579599
-0.000274733
 0.000353311
 0.000906436
 0.000884721
 0.000180152
-0.000845134
 -0.00142876
 -0.00102904
 0.000209732
  0.00149552
  0.00185386
 0.000873349
-0.000854002
  -0.0021443
  -0.0020182
-0.000431695
  0.00157649
  0.00260122
  0.00189297
-0.000148253
 -0.00215864
 -0.00277313
 -0.00154242
 0.000685453
   0.0024725
  0.00265331
  0.00112634
 -0.00108238
 -0.00252648
 -0.00235096
-0.000730918
   0.0012881
  0.00242301
  0.00204333
 0.000424107
  -0.0013775
  -0.0022943
 -0.00180524
-0.000222711
  0.00143067
  0.00218056
  0.00157464
 4.31037e-05
 -0.00146948
    -0.00201
 -0.00129106
 0.000236203
  0.00154449
  0.00177046
 0.000828346
-0.000643483
   -0.001629
 -0.00144805
-0.000247063
  0.00111222
  0.00165103
 0.000990754
-0.000388575
 -0.00148856
 -0.00150906
-0.000426723
 0.000989402
   0.0016783
  0.00114159
-0.000209363
 -0.00141219
 -0.00156409
-0.000588588
 0.000797208
  0.00154805
   0.0011392
-6.56995e-05
 -0.00118004
 -0.00137148
-0.000528881
 0.000662234
  0.00132792
 0.000940971
-0.000125983
 -0.00107167
 -0.00121355
-0.000442351
 0.000636171
  0.00125009
   0.0009792
 4.26876e-05
-0.000884521
 -0.00122825
 -0.00079119
 9.84245e-05
 0.000867377
  0.00108674
 0.000723099
 2.28545e-05
-0.000620746
-0.000871552
-0.000744299
-0.000288933
 0.000228487
 0.000634391
 0.000763308
 0.000586906
 0.000134371
-0.000402818
-0.000777169
-0.000780238
-0.000357039
 0.000298816
 0.000806055
 0.000826164
 0.000325953
 -0.00040265
-0.000864613
-0.000730383
  -6.978e-05
 0.000640848
 0.000881477
 0.000480814
-0.000252454
  -0.0007767
-0.000711133
-0.000157724
 0.000431797
 0.000625268
 0.000345145
-0.000101122
-0.000327338
-0.000210524
 2.87149e-05
  0.00010537
-7.92523e-05
-0.000270891
-0.000145269
  0.00030871
 0.000688147
 0.000537561
-0.000200701
 -0.00104552
 -0.00124771
  -0.0004227
 0.000944184
  0.00185527
  0.00144363
 -0.00014142
 -0.00185687
 -0.00234372
 -0.00112273
  0.00103411
   0.0025661
    0.002284
 0.000353386
 -0.00190722
 -0.00282724
 -0.00172687
  0.00060159
  0.00243989
  0.00254689
 0.000913703
 -0.00126726
 -0.00244576
 -0.00194777
-0.000218784
  0.00142795
  0.00199206
  0.00128061
-0.000103802
 -0.00116888
 -0.00137982
-0.000774642
 0.000139241
 0.000781175
 0.000883166
 0.000497553
-7.03724e-05
-0.000509804
 -0.00060856
-0.000355709
 7.11174e-05
 0.000403367
 0.000446314
 0.000152116
 -0.00022449
-0.000400873
-0.000216321
 0.000196694
 0.000511404
 0.000407756
-0.000104229
-0.000659752
-0.000810359
-0.000375997
 0.000430956
  0.00106154
  0.00103104
 0.000313312
-0.000646109
 -0.00126984
 -0.00115533
-0.000335132
 0.000698096
  0.00134389
  0.00122188
 0.000409389
-0.000665956
 -0.00135695
 -0.00123868
   -0.000379
 0.000704412
  0.00134909
  0.00111443
 0.000153361
-0.000900163
 -0.00133258
-0.000838249
 0.000272879
  0.00116468
  0.00124921
 0.000436661
-0.000712208
 -0.00135852
 -0.00104173
 7.01836e-06
  0.00104735
  0.00137714
 0.000758425
-0.000386961
 -0.00127108
 -0.00132533
-0.000481062
 0.000672481
  0.00138981
  0.00122581
 0.000287806
 -0.00084589
 -0.00142961
 -0.00109653
-8.25681e-05
  0.00096578
  0.00136453
 0.000882337
-0.000137347
  -0.0010348
 -0.00121458
-0.000557696
 0.000434259
  0.00106438
 0.000882328
 7.32003e-05
-0.000751898
-0.000961486
-0.000377111
 0.000512181
  0.00102403
 0.000689035
-0.000280812
  -0.0011246
   -0.001161
-0.000233304
 0.000997489
  0.00162737
  0.00107494
-0.000355548
 -0.00165554
 -0.00186266
-0.000747471
 0.000991357
  0.00210605
  0.00176971
 0.000170977
 -0.00157097
 -0.00223629
 -0.00133747
 0.000503681
  0.00198255
  0.00201226
 0.000641206
  -0.0011455
 -0.00203057
 -0.00145248
 0.000138418
  0.00153846
  0.00172173
 0.000649427
 -0.00083188
  -0.0016212
 -0.00111893
 0.000201388
  0.00127499
  0.00136432
 0.000383885
-0.000822428
 -0.00136381
 -0.00084607
 0.000250138
  0.00109254
  0.00105444
 0.000245756
-0.000672749
-0.000964381
-0.000505362
 0.000289531
 0.000772983
 0.000579228
-6.96112e-05
-0.000613502
-0.000631075
-0.000115948
 0.000502448
 0.000710241
 0.000364153
-0.000277042
-0.000719187
-0.000651398
-9.94872e-05
 0.000535028
 0.000800857
 0.000545865
-0.000101778
-0.000688694
-0.000832775
-0.000449507
 0.000216345
 0.000808353
 0.000869127
 0.000383508
-0.000395737
-0.000941698
  -0.0009344
-0.000294174
 0.000581508
  0.00115938
  0.00100466
 0.000226071
-0.000795229
  -0.0013558
 -0.00111447
-0.000183451
  0.00092446
  0.00152917
  0.00125897
 0.000200051
 -0.00100516
 -0.00167212
 -0.00137546
-0.000256475
  0.00106092
  0.00176152
  0.00142391
 0.000226545
 -0.00109112
 -0.00173724
 -0.00128873
-0.000110355
  0.00105951
  0.00150036
  0.00100227
-4.22219e-05
-0.000923759
  -0.0010924
-0.000590686
 0.000159261
 0.000617663
 0.000565601
  0.00019533
-0.000145426
-0.000226131
-7.95321e-05
 3.20632e-05
-2.48856e-05
-0.000171171
-0.000228999
 3.25154e-06
 0.000309286
 0.000479203
  0.00025023
-0.000252679
-0.000628966
-0.000547412
 9.22016e-06
  0.00065764
 0.000843458
 0.000355424
-0.000450539
-0.000996349
-0.000801446
 4.27226e-06
 0.000852664
   0.0010586
 0.000515736
-0.000416081
-0.000996714
-0.000835389
-9.66787e-05
 0.000644375
 0.000816331
 0.000410945
 -0.00024302
-0.000590746
-0.000393866
 2.31867e-05
 0.000357288
  0.00032525
-3.80576e-05
-0.000360203
-0.000356836
-3.52227e-05
 0.000391911
 0.000546637
 0.000333914
-0.000155746
-0.000573815
-0.000706049
-0.000367114
 0.000240353
 0.000773917
 0.000835337
 0.000366372
-0.000366384
-0.000904882
-0.000897623
-0.000300169
 0.000533493
  0.00101201
 0.000839281
 9.51767e-05
-0.000727984
 -0.00102436
-0.000653942
 0.000166107
 0.000843412
 0.000937341
 0.000434062
-0.000323762
-0.000814002
-0.000768363
-0.000283762
 0.000300289
 0.000636198
 0.000573826
 0.000179034
-0.000237334
-0.000473456
-0.000416845
-0.000140846
 0.000243444
 0.000461017
 0.000429233
 0.000130194
-0.000308076
-0.000595041
-0.000507182
-3.37727e-05
 0.000536326
 0.000788316
 0.000489955
-0.000238282
-0.000880895
 -0.00095418
-0.000329646
 0.000649721
  0.00121953
 0.000963368
-1.68254e-05
  -0.0010743
 -0.00143157
-0.000768981
 0.000456472
  0.00138789
   0.0013766
 0.000393185
-0.000834666
 -0.00144498
 -0.00107814
 1.61373e-05
  0.00100034
  0.00120773
 0.000580934
-0.000315642
-0.000848534
-0.000698217
-0.000108464
 0.000406648
 0.000476907
 0.000137281
-0.000264633
-0.000309328
-6.52759e-06
  0.00031991
 0.000400115
 0.000101447
-0.000369237
-0.000578999
-0.000347602
 0.000167435
  0.00057336
 0.000577431
 0.000164179
-0.000343171
-0.000618533
-0.000438981
-3.47003e-06
 0.000414038
 0.000497658
 0.000324573
-2.21276e-05
-0.000281072
-0.000327927
-0.000226867
-9.66024e-05
 5.04694e-06
 7.95268e-05
 0.000147288
 0.000206936
 0.000229852
 9.40755e-05
-0.000112721
-0.000311797
-0.000292593
-7.72867e-05
 0.000226132
 0.000364787
 0.000249109
-8.04542e-05
-0.000369503
 -0.00038147
-9.80731e-05
 0.000324676
 0.000504964
 0.000298346
-0.000172929
-0.000581354
-0.000585739
-0.000102703
 0.000511995
 0.000791401
 0.000468504
-0.000222276
-0.000837561
-0.000837813
-0.000230281
 0.000606874
  0.00106539
 0.000724762
-0.000136731
-0.000946246
 -0.00108695
-0.000455318
  0.00051661
  0.00112744
 0.000948556
 5.90457e-05
-0.000827276
 -0.00110839
-0.000610894
 0.000281276
 0.000961962
 0.000935644
 0.000263549
-0.000582412
-0.000931153
-0.000645483
 5.23809e-05
 0.000699345
 0.000815444
 0.000351556
 -0.00028864
-0.000718794
-0.000637552
-0.000104253
    0.000429
 0.000657277
 0.000440093
-8.59974e-05
-0.000505875
-0.000571902
 -0.00024455
 0.000260438
 0.000544485
 0.000462213
 1.74238e-05
-0.000405957
-0.000567212
-0.000280579
 0.000251009
 0.000593704
  0.00047713
-7.88933e-05
-0.000610039
-0.000724496
-0.000183119
 0.000610204
  0.00105678
 0.000593878
-0.000477289
 -0.00138645
 -0.00126274
 1.78887e-05
  0.00158912
  0.00216043
 0.000913935
 -0.00146243
 -0.00310544
 -0.00239707
  0.00061965
  0.00386964
  0.00448532
  0.00124008
 -0.00391294
 -0.00687617
 -0.00441067
  0.00259181
  0.00905402
   0.0090117
 0.000886047
  -0.0100985
  -0.0147791
 -0.00737723
  0.00852719
   0.0208513
   0.0175473
 -0.00237571
  -0.0253052
  -0.0313756
  -0.0107722
   0.0248422
    0.047304
   0.0329999
   -0.014715
   -0.061504
  -0.0650348
   -0.010879
   0.0671306
    0.104806
   0.0575993
  -0.0539771
   -0.145852
   -0.129407
  0.00919198
    0.176151
    0.226119
   0.0810613
   -0.178871
   -0.343334
    -0.22925
    0.137776
     0.47967
    0.448414
  -0.0540286
   -0.672563
   -0.768268
   0.0168661
     1.15192
     1.21729
   -0.849367
    -3.04519
      3.3856
  0.00841515
