 3.62548e-05
-4.47904e-05
-4.44408e-05
 1.49195e-05
 4.30574e-05
 4.76741e-05
 6.60086e-06
-3.24494e-05
-4.61573e-05
-3.31882e-05
-1.45464e-06
 2.41256e-05
 3.91765e-05
 3.08569e-05
 1.59984e-05
-1.47505e-05
-3.44359e-05
-4.57367e-05
-1.40308e-05
 5.94356e-06
 1.40381e-05
 4.67974e-05
  5.3403e-05
 1.15419e-05
-2.50582e-05
-6.55689e-05
-5.76008e-05
-4.88796e-05
 3.33198e-05
 0.000111653
 8.78019e-05
 2.80804e-05
-6.73364e-05
-0.000140387
-9.67505e-05
 1.22398e-05
 0.000123446
 0.000147732
 6.22542e-05
 -7.6305e-05
 -0.00013701
-0.000115381
  -2.472e-05
 9.75656e-05
  0.00014351
 9.05747e-05
-2.85741e-05
-0.000112011
-0.000114928
-4.06126e-05
  3.7395e-05
 9.67868e-05
 8.06995e-05
 2.95307e-05
-4.17357e-05
-6.92593e-05
-5.22514e-05
-3.14407e-05
 1.70803e-06
 6.90942e-05
 6.85873e-05
 4.85885e-05
 -3.4336e-05
-7.29563e-05
-7.91775e-05
 3.07639e-06
 3.13011e-05
 6.75879e-05
 5.52981e-05
-5.68753e-06
-4.03771e-05
-6.41183e-05
-1.98204e-05
 2.39445e-05
 2.66561e-05
  9.3017e-06
 1.74798e-05
-1.79589e-05
  1.5407e-05
 2.45207e-06
-5.49563e-06
-1.57853e-05
-3.70057e-05
-2.71136e-05
  2.4186e-05
 6.28151e-05
 6.00336e-05
-9.31723e-06
-7.28467e-05
-6.84356e-05
 9.74838e-08
 1.91178e-05
 7.34621e-05
 4.19946e-05
-6.86449e-06
-5.04751e-05
-5.55657e-05
-5.68691e-06
 1.68778e-05
 4.68722e-05
 2.78303e-05
-1.32824e-06
-4.69708e-05
-6.10291e-06
-5.90756e-06
 7.04234e-06
 1.94651e-05
-1.87695e-06
 1.11312e-05
-1.05019e-05
-2.87555e-05
 7.26706e-06
 2.98979e-05
 3.61133e-06
 1.92692e-06
-6.05867e-06
-5.71357e-05
 4.01237e-06
 1.50905e-05
 6.61906e-05
  1.7159e-05
-2.52492e-05
-4.12035e-05
-3.51093e-05
-3.02515e-05
 5.66101e-05
 5.68225e-05
  7.1246e-06
 2.18395e-06
-7.99754e-05
-1.86618e-05
 2.41101e-05
 2.04078e-05
 4.02722e-05
 1.15145e-05
-5.39966e-05
 4.48227e-06
-6.63381e-06
-3.92793e-05
 7.15384e-06
 2.27785e-05
 6.18679e-05
  4.7047e-05
-3.79864e-05
-4.01318e-05
-8.44831e-05
-4.55132e-05
 3.97522e-05
 8.94106e-05
 0.000112449
 5.96359e-06
-7.78084e-05
-0.000117334
-7.22109e-05
 2.14337e-05
 0.000103812
 0.000118377
 5.22742e-05
-0.000105185
-0.000104919
-8.50268e-05
 2.86232e-05
 0.000116852
 0.000103786
 1.85098e-05
-0.000110099
-0.000127135
-3.36926e-05
  8.1034e-05
 0.000166754
 4.22254e-05
-6.30663e-05
 -0.00014983
-0.000115406
 4.45302e-05
 0.000161214
 0.000101008
 6.26775e-05
-0.000132039
-0.000177717
-5.45153e-05
 4.53422e-05
 0.000175695
 0.000105044
-1.33055e-05
-0.000109004
 -0.00013528
-4.75337e-05
  8.7746e-05
  0.00011444
 6.45923e-05
-1.96806e-05
-6.92106e-05
-0.000138417
  5.0743e-06
 3.28967e-05
 0.000117156
 0.000120081
-6.32763e-05
-0.000117902
-0.000131064
 4.61518e-05
 0.000114933
 7.82201e-05
-5.94125e-06
-9.97393e-05
-4.31212e-05
  2.6227e-05
 5.82691e-05
-1.83004e-05
 3.86368e-05
-6.05969e-05
-2.50021e-05
 1.75919e-05
 1.07328e-05
 3.98906e-05
-1.29339e-05
 4.43082e-05
-6.88343e-05
-7.24885e-05
 5.31897e-05
 4.21673e-05
 6.13976e-05
-1.87206e-05
-6.90902e-05
-0.000106887
 3.83872e-05
 6.15706e-05
 0.000109295
 6.84255e-05
-6.36842e-05
-0.000168157
-6.73122e-05
-2.24775e-05
 0.000128174
 0.000126007
  0.00011395
-4.81997e-05
-0.000180757
-0.000180465
-4.51102e-05
  0.00018661
 0.000221914
 0.000140004
-0.000159881
-0.000170548
-0.000252342
 -1.8171e-05
 0.000246968
 0.000265898
 9.98774e-05
-6.05174e-05
-0.000302269
-0.000277077
-2.25965e-06
 0.000213618
 0.000292531
 0.000169312
-1.24319e-05
 -0.00035511
-0.000329773
 3.79848e-06
 0.000259804
 0.000293585
 0.000113973
-0.000147072
-0.000245397
-0.000158475
  4.1695e-05
 0.000174631
  0.00020047
-6.99906e-05
-0.000106771
-8.44477e-05
 5.69766e-05
-1.13719e-05
 8.95375e-05
-5.09748e-05
-7.56813e-05
 2.31631e-05
  4.6852e-05
 0.000113137
-2.69401e-05
-0.000106038
-7.39067e-05
 1.32671e-05
 7.62872e-05
 2.95889e-06
 0.000109956
-9.54665e-05
-9.95059e-05
 0.000119379
 1.24949e-05
-5.92951e-06
-0.000102067
 -4.3528e-05
 3.02273e-05
  9.7507e-05
 0.000196973
-7.10449e-05
-0.000258054
-0.000122542
 0.000137067
 0.000126565
  7.4486e-05
 0.000122043
-0.000109394
-0.000262007
-0.000145856
 0.000122502
 0.000259964
 0.000134617
 -3.9309e-05
-0.000163512
-0.000113815
-0.000107534
-1.79345e-05
 0.000243893
 0.000149298
 6.75875e-05
-0.000138376
-0.000267095
-0.000132141
 0.000186648
 0.000157654
 0.000121969
 0.000100683
-0.000297895
-0.000110345
-0.000136413
 0.000169055
 0.000258607
 4.85987e-05
-0.000129631
-9.18755e-05
-0.000144243
-8.02575e-05
 0.000292922
 0.000145605
-0.000125838
-3.27666e-05
-8.58371e-05
-0.000104164
 5.09919e-05
 8.86524e-05
 0.000175081
-5.73066e-05
 -8.2707e-05
-0.000183819
 6.48935e-05
 0.000161131
-8.79002e-05
 5.73109e-05
 4.17415e-05
-5.48943e-05
-0.000144311
 2.52033e-05
 0.000141167
 0.000116443
 -0.00019487
 6.00454e-05
-0.000154747
 8.46106e-06
 0.000157994
 8.77566e-05
-3.17263e-05
-3.47807e-05
-9.27667e-05
-0.000262725
 0.000141646
 0.000364732
 5.68539e-05
-0.000250795
-0.000152398
-4.24246e-05
 3.42727e-05
 0.000348506
 7.65859e-05
-0.000370472
-5.52962e-05
-7.74209e-05
 0.000189298
 0.000220705
 4.83716e-05
-0.000111893
-0.000311614
 1.79931e-05
-0.000144272
 0.000341679
 0.000282152
-8.78157e-05
-0.000219061
-6.47539e-05
-6.92668e-05
-0.000126774
 0.000105953
 0.000388798
 6.27413e-05
-0.000171201
-0.000281236
-3.04626e-05
 -9.7674e-05
 0.000357945
 0.000107383
 1.17938e-07
-0.000113911
 -0.00014839
-0.000234438
 0.000228885
 0.000135976
 0.000122884
 7.33935e-05
-0.000423415
 0.000151606
 -6.3558e-05
 2.84335e-05
 -6.3604e-05
  0.00020584
 0.000108076
-0.000130524
-7.37652e-05
-0.000195864
 0.000127255
 9.86956e-05
 0.000133337
-0.000127815
 3.64033e-05
-0.000169224
-5.54934e-05
 0.000120385
 0.000212552
-2.59627e-05
-0.000105469
-0.000128345
-0.000120625
  8.9811e-05
 0.000281415
 5.36175e-05
-0.000304159
 0.000121668
-5.86004e-05
-8.27162e-05
 5.22381e-05
 0.000118571
-2.03461e-05
 1.29433e-05
-0.000153357
 0.000193242
-1.92887e-05
-0.000237739
 2.17066e-05
 0.000105782
 0.000407654
-0.000122275
-0.000479364
-0.000345338
  0.00035835
  0.00054553
 0.000456019
-0.000381318
 -0.00109826
-8.37351e-05
 0.000376947
 0.000876916
 0.000437866
-0.000266785
 -0.00111968
-0.000445701
 0.000292914
 0.000607985
  0.00105462
-0.000221523
-0.000805044
-0.000804119
-4.76873e-05
 0.000700439
 0.000708339
 6.63355e-05
-0.000209977
-0.000732146
-0.000306276
-1.34245e-05
 0.000871591
 0.000355273
-6.07606e-05
-0.000695355
-0.000282652
   0.0001024
 0.000219046
 0.000380411
 5.14079e-05
-0.000159069
-0.000258543
-8.99002e-05
 0.000179244
-0.000141016
 8.40161e-05
 0.000172314
 0.000194601
-0.000262402
 3.03011e-05
-0.000281606
-2.25306e-05
 0.000138156
 0.000189215
 0.000393182
-0.000467148
-0.000185728
  9.0985e-06
 2.82003e-05
 3.95432e-05
 0.000490881
-0.000253075
-0.000215537
-0.000189782
 0.000192964
 0.000238479
-0.000306059
 0.000227825
 0.000117083
-7.96075e-05
-0.000374841
-0.000122429
  0.00040705
 0.000232819
-3.58985e-05
-0.000202386
-0.000175551
-0.000107741
 0.000180873
 7.10704e-05
 0.000453582
 -0.00059172
 0.000188138
-0.000290318
 0.000189505
 3.10839e-05
 0.000323493
-0.000363827
-9.45081e-05
 0.000194851
  1.7996e-05
-3.30505e-05
-1.52849e-05
-0.000153335
 0.000126593
 1.91424e-05
-1.42083e-06
 0.000210882
-0.000139393
-0.000152585
 1.08028e-05
-0.000257475
 0.000273422
 0.000290547
-1.31928e-05
 4.71298e-06
-0.000240455
-0.000305763
 5.39986e-06
 2.10625e-05
 0.000447614
 0.000401562
-3.23225e-05
-0.000409163
-0.000964269
 3.13547e-05
  0.00097541
 0.000273772
 0.000562263
-0.000600156
 -0.00123765
-0.000170603
 0.000606406
  0.00110495
 0.000289488
-0.000356118
-0.000950067
 -0.00109153
 0.000739203
  0.00117139
 0.000582195
-0.000814906
-0.000286048
-0.000126659
-0.000841114
 0.000724172
 0.000635133
 3.82494e-05
 0.000174413
 -0.00054562
-0.000490704
 0.000122255
-0.000350677
 0.000876663
 0.000408229
 0.000122438
-0.000303635
 -0.00138409
-0.000227544
  0.00099081
  0.00110732
 0.000377968
-0.000874613
 -0.00160255
-0.000121332
 0.000906077
  0.00181679
-0.000242593
 -0.00119346
-0.000883567
-8.97483e-05
 0.000882218
 0.000568789
 0.000506289
-0.000262386
 -0.00148344
-2.35833e-06
-1.65378e-05
  0.00158031
 0.000210441
 -0.00082396
-0.000693988
 0.000100132
  9.1544e-05
 0.000565058
-8.17854e-05
 0.000431628
 8.07421e-05
 -0.00152429
-0.000233342
 0.000744927
  0.00168114
-0.000290558
 -0.00133751
-0.000412784
  0.00037363
-0.000636096
   0.0014137
 0.000742728
-5.71576e-05
 -0.00134805
 -0.00188307
  0.00141406
  0.00115891
  0.00118032
-0.000672438
 -0.00169676
-0.000476058
  0.00064438
  0.00028464
  0.00113037
 0.000701063
 -0.00113283
 -0.00183448
-0.000346005
  0.00216447
 0.000382972
 0.000346676
-0.000868297
-0.000497798
  -0.0012807
 0.000641495
  0.00161501
 0.000591006
-0.000668007
-0.000806706
 -0.00191836
  0.00155449
  0.00164215
-0.000465869
-0.000174804
-0.000737487
-0.000562099
-0.000305866
  0.00174523
 0.000217744
 3.83209e-05
 -0.00201238
  0.00062144
 0.000206387
  0.00150908
 -0.00178168
 0.000702198
-0.000492803
 0.000545765
 0.000299033
-0.000741406
-0.000524535
   0.0012936
-0.000946984
  0.00136942
 -0.00104235
 -5.9934e-05
-0.000314535
-0.000230129
  0.00155331
-0.000288871
-0.000157136
 -0.00128761
-5.25488e-05
  0.00132872
 0.000384721
-0.000380178
-0.000874732
 7.36455e-05
 0.000511268
-0.000394621
 0.000763963
-0.000447143
 -0.00025871
 0.000579258
 -3.0747e-05
 -0.00126141
 0.000247789
  0.00148759
 0.000354201
-0.000460684
 -0.00267687
 0.000796061
  0.00134019
  0.00235794
 -0.00133596
 -0.00334438
  0.00120675
 0.000407841
  0.00090756
  0.00243487
 -0.00248136
 -0.00265306
  0.00212526
 -0.00126221
  0.00341745
-0.000880192
-0.000131912
 -0.00202558
-0.000813575
   0.0014092
  0.00199719
-0.000562388
-0.000813467
 0.000424881
 -0.00288014
  0.00293429
-0.000948043
 0.000966729
-0.000369361
  0.00190555
 -0.00438421
  0.00116447
 0.000325878
  0.00318877
  -0.0016545
 -0.00124204
-0.000827228
 0.000395828
  0.00215655
 -0.00144542
 0.000640061
 5.73436e-05
-0.000860203
-0.000769398
 0.000894294
 0.000570463
  0.00193184
 -0.00440732
  0.00234724
-0.000229797
-0.000425191
  0.00100398
-6.10354e-05
-0.000317415
 -0.00169703
  0.00157294
  0.00118841
 -0.00171507
 0.000179654
 0.000801608
-0.000971888
 5.39213e-05
 0.000472551
  0.00114545
 -0.00166872
 9.86722e-05
 -0.00116427
  0.00252745
 0.000522558
 -0.00131183
 -0.00203578
 0.000428093
  0.00358412
 -0.00182955
 -0.00134453
  0.00191828
 -0.00238891
  0.00168083
 0.000492855
-0.000762407
-6.66513e-06
-0.000139479
 -0.00129999
  0.00341306
-0.000891821
 -0.00359137
  0.00327193
-0.000761526
 0.000587879
-0.000888411
 0.000365189
 0.000185294
 0.000222428
 -0.00167848
 0.000298116
  0.00323209
 -0.00214574
  -0.0006532
 0.000534775
 -0.00175864
 0.000979845
  0.00382039
 -0.00244746
 -0.00156394
-0.000172117
  0.00106876
 -0.00142443
   0.0033278
-0.000764041
-0.000924974
-0.000757975
-0.000506279
-0.000439226
  0.00285423
 0.000398765
 -0.00103399
 -0.00136591
 -0.00220003
   0.0022685
  0.00326555
 0.000350024
  -0.0061051
  0.00233172
 0.000360878
  0.00125806
 -0.00192363
  0.00375962
 -0.00170478
 -0.00381354
  0.00210355
-0.000753186
  0.00464323
 -0.00175768
-0.000361473
 -0.00469026
 0.000350057
  0.00657483
 -0.00191975
 0.000813024
 -0.00278997
 -0.00370335
  0.00469597
-0.000342527
  0.00298869
 -0.00207552
 -0.00175405
 -0.00345188
  0.00666921
-0.000594686
 -0.00389828
  0.00233384
  0.00067587
-0.000250709
  -0.0013982
-0.000994815
  0.00209182
 0.000711329
 1.10173e-05
 -0.00154542
-0.000296508
-0.000992906
  0.00260217
  0.00153186
 -0.00342631
  0.00159466
 -0.00357426
  0.00410812
  0.00107006
 -0.00284659
-2.93452e-06
 -0.00108902
  0.00478724
 -0.00341798
 -0.00148581
  0.00427627
 -0.00410841
-0.000155018
  0.00546096
 -0.00256185
 -0.00376102
  0.00143017
  0.00284644
 -0.00143187
  0.00112439
 -0.00067194
 -0.00285045
-0.000280864
  0.00604129
 -0.00122797
 -0.00322011
 -0.00136716
 -0.00112286
   0.0086176
  -0.0018079
 -0.00899759
  0.00623377
 0.000900865
 -0.00258177
-0.000405974
  0.00448968
 -0.00055272
 -0.00497025
 -0.00222257
  0.00675734
  0.00103337
 -0.00143774
  -0.0029251
 -0.00105699
  0.00211883
 -0.00121788
   0.0065527
 -0.00643224
  0.00285619
 -0.00483884
   0.0021909
  0.00139981
  0.00370539
 -0.00251531
 -0.00756696
  0.00866947
 -0.00148494
  -0.0027044
  0.00144705
   0.0019232
 0.000748177
 -0.00719137
  0.00552353
 -0.00349024
  0.00949376
 -0.00651669
 -0.00418113
-0.000723808
  0.00709617
  0.00484093
 -0.00720224
 -0.00695582
  0.00229057
   0.0100417
  0.00349656
  -0.0182975
  0.00852077
  0.00413079
  -0.0066321
  0.00623194
 -0.00345324
  0.00179218
 -0.00221559
 0.000456473
 -0.00455048
   0.0109833
 -0.00399614
 -0.00183463
 -0.00604734
  0.00682872
  0.00149009
  -0.0032376
  0.00229491
-0.000731218
 -0.00220782
  0.00192598
 -0.00606156
   0.0106428
 -0.00098551
 -0.00539061
 -0.00520641
  0.00812925
  0.00221388
 -0.00207976
 -0.00586561
   0.0047611
 -0.00192453
  0.00220422
  0.00386684
 -0.00561979
 -0.00788335
   0.0127101
  0.00122302
 -0.00568963
 -0.00354703
  0.00595852
 -0.00653789
  0.00991253
 -0.00658889
  0.00723987
  -0.0119217
-1.10134e-05
   0.0111809
 -0.00176387
-0.000418478
 -0.00719511
 -0.00327257
   0.0118988
  0.00151752
 -0.00679814
  -0.0038252
  0.00450253
  0.00325038
 -0.00378445
 -0.00292137
  0.00997141
 -0.00495917
  -0.0110452
   0.0133391
 -0.00319436
  0.00708455
  -0.0146922
  0.00697514
 -0.00458995
   0.0152734
  -0.0133849
  -0.0026507
  0.00930375
 -0.00307476
  0.00299294
  -0.0151389
   0.0168813
 0.000623026
 -0.00746808
 -0.00627631
   0.0103263
 -0.00285454
  0.00758354
 -0.00791416
  -0.0105811
   0.0101346
   0.0152281
  -0.0177337
 -0.00121613
  0.00373931
 0.000581864
  0.00419578
 -0.00321558
-0.000965412
 -0.00168874
 -0.00061908
  0.00715021
 -0.00499769
 1.47657e-05
 0.000163046
  0.00155432
 -0.00364498
  0.00475783
 -0.00464959
  0.00359242
-0.000309326
 0.000542925
 -0.00407557
 -0.00229241
   0.0153166
  -0.0204451
   0.0186453
  -0.0120872
  0.00505055
  -0.0111103
    0.017737
 -0.00725572
  0.00596559
  -0.0234558
   0.0212987
  0.00115425
  -0.0108129
   0.0102325
 -0.00717308
  0.00150862
  -0.0116357
   0.0251511
 -0.00698186
  -0.0177513
   0.0104131
  0.00476275
-0.000148171
 -0.00791915
  0.00328442
  0.00234846
  0.00602205
  -0.0146111
  0.00249244
   0.0136182
  -0.0101989
 -0.00103332
  0.00409112
   0.0010172
  -0.0101007
   0.0132433
  -0.0100168
   0.0112114
 -0.00453908
  -0.0201183
   0.0273697
 -0.00113565
  -0.0111294
 -0.00637557
  0.00585624
    0.020093
  -0.0271894
  0.00722364
   0.0119919
  -0.0150359
  0.00276525
  0.00868654
 -0.00144908
  -0.0122928
  0.00801509
   0.0097777
  -0.0149312
 -0.00113266
   0.0109459
  0.00452421
 -0.00839619
  -0.0246816
   0.0450431
  -0.0204524
 -0.00990032
   0.0229755
  -0.0281998
    0.017821
   0.0051725
  -0.0132399
  0.00183313
  0.00403997
  0.00603214
 -0.00877112
 -0.00730994
   0.0153999
 -0.00897231
   0.0166017
  -0.0344786
     0.03053
 -0.00719865
  -0.0039554
  -0.0130101
   0.0387032
  -0.0336966
 -0.00277101
   0.0168791
  0.00596772
 -0.00984997
  -0.0168123
    0.015825
   0.0163645
  -0.0114066
  -0.0384273
   0.0530337
 -0.00938195
  -0.0137974
  -0.0022286
  -0.0159571
   0.0520077
  -0.0304532
  0.00633288
  -0.0421189
    0.054633
  -0.0178579
   0.0196399
  -0.0326935
 -0.00861114
   0.0265671
  0.00658519
 0.000682342
  -0.0212636
  -0.0145805
   0.0253267
   0.0237894
  -0.0352388
   0.0145196
  -0.0229828
  0.00916415
   0.0285066
   0.0026977
  -0.0658407
   0.0562138
  -0.0146349
   0.0174114
  -0.0302464
   0.0241001
  -0.0340064
   0.0503366
  -0.0396298
   0.0361909
   -0.055663
   0.0389637
   0.0104838
  -0.0122971
  -0.0310336
   0.0445865
  -0.0189958
-0.000657433
 -0.00464405
   0.0154037
  0.00506599
  -0.0472521
   0.0452184
 -0.00680989
    0.017466
  -0.0611558
   0.0517929
 -0.00515357
  -0.0298389
    0.058664
  -0.0551448
  0.00662928
   0.0179276
  -0.0158833
    0.040237
  -0.0328546
  -0.0331936
   0.0408627
    0.017407
  -0.0138018
  -0.0462143
   0.0741108
  -0.0689713
   0.0352595
   0.0241386
  -0.0434489
   0.0251887
  -0.0429447
   0.0590411
 -0.00688714
  -0.0454664
   0.0323634
 -0.00581402
  0.00669615
 -0.00349076
  -0.0180918
   0.0294075
  -0.0186657
  0.00653471
-0.000462266
  -0.0116728
   0.0185182
  -0.0062892
  0.00749241
   -0.036722
   0.0347434
   0.0142477
  -0.0240719
  -0.0283219
   0.0555524
  -0.0402671
   0.0435308
  -0.0483607
   0.0152671
  0.00193293
   0.0257222
  -0.0312416
  0.00869003
  -0.0255263
   0.0549622
  -0.0331637
  0.00599431
  -0.0203458
   0.0342989
   -0.035484
   0.0457224
  -0.0241203
  -0.0480193
   0.0870934
  -0.0428267
  -0.0201423
   0.0278397
   0.0257243
  -0.0810902
   0.0705092
  -0.0291296
   0.0379499
  -0.0474786
 -0.00945492
   0.0432064
 -0.00833838
  0.00626945
  -0.0305141
  0.00444858
 -0.00801496
   0.0663866
  -0.0353463
  -0.0452762
 -0.00829812
    0.122277
    -0.13078
   0.0864375
  -0.0419739
  -0.0414279
   0.0724229
   0.0198298
  -0.0856318
   0.0449347
  -0.0163724
   0.0198424
   0.0156938
  -0.0147166
  -0.0842251
    0.146807
  -0.0793183
  -0.0215075
   0.0453405
   0.0129417
  -0.0834819
    0.101534
  -0.0776734
   0.0246579
    0.072365
   -0.130365
   0.0833927
   -0.045698
   0.0453807
   0.0478964
   -0.151514
   0.0974255
  -0.0097467
-9.20488e-05
   0.0511218
      -0.112
   0.0565869
   0.0115248
  -0.0412656
     0.14271
   -0.212692
    0.121954
  -0.0431096
   0.0526299
   0.0175395
   -0.121288
   0.0824133
  0.00957203
  -0.0346993
   0.0638641
  -0.0919619
   0.0604128
  -0.0851388
    0.212563
   -0.256547
    0.168022
   -0.121944
    0.129461
  -0.0469157
  -0.0673469
   0.0653505
  -0.0301155
   0.0774915
  -0.0977768
   0.0220827
   0.0345273
   -0.081702
    0.209967
   -0.258452
   0.0812194
   0.0859142
  -0.0188548
   -0.111768
   0.0728232
   0.0965044
   -0.187058
   0.0553614
    0.148323
  -0.0866245
   -0.209438
    0.288749
  -0.0207626
   -0.196371
    0.129917
 -0.00212256
   0.0168502
    -0.09488
    0.112538
  -0.0933546
   0.0948107
   -0.052523
  -0.0981594
    0.200333
  -0.0561408
   -0.183381
    0.171711
   0.0774823
   -0.178165
  -0.0311843
     0.24284
    -0.15582
   -0.087958
    0.137233
    0.055171
   -0.179112
   0.0447336
    0.109842
  -0.0216051
   -0.120228
   0.0590924
   0.0116445
   0.0575652
   0.0192489
   -0.215378
   0.0792438
    0.189878
 -0.00333688
   -0.279135
  0.00239171
    0.357303
   -0.150776
   -0.152418
   0.0539165
   0.0406043
    0.118894
   -0.159058
 -0.00422691
   0.0928132
   -0.116607
    0.200803
   -0.266087
    0.290304
   -0.311548
    0.216479
 -0.00620815
  -0.0770076
  -0.0206387
   0.0676597
   0.0249764
   -0.102351
   0.0860944
  -0.0828548
     0.14714
   -0.145665
  0.00591592
   0.0755654
   0.0522985
   -0.202264
    0.189736
   -0.124619
    0.109633
  -0.0697913
  -0.0184727
   0.0984677
   -0.128917
   0.0426608
    0.106275
  -0.0880192
  -0.0570447
 0.000106183
    0.147077
   0.0595462
   -0.378141
    0.186171
    0.207154
  -0.0947566
   -0.150653
  -0.0626582
    0.186075
    0.123236
   -0.133221
   -0.121815
   -0.115549
    0.318153
   0.0323359
   0.0218614
      -0.397
  -0.0372027
    0.376017
    0.156864
   0.0507369
   -0.738036
    0.115993
   0.0873498
     1.03155
   -0.307035
    -1.18967
   -0.181061
    0.733674
      1.6096
   -0.506304
    -2.51786
   -0.287282
      2.6908
     1.71523
    -2.15779
    -3.29298
    0.809068
     4.94255
     1.15594
    -8.07841
   -0.755082
     13.6282
    -13.7581
     5.93483
 0.000429036
