-0.000694731
 0.000248796
 0.000519324
 0.000388914
 0.000105117
-0.000150902
-0.000283047
 -0.00027507
-0.000167048
-2.33658e-05
 9.71082e-05
 0.000160395
 0.000162706
 0.000123276
 7.02145e-05
 2.63336e-05
 6.54595e-07
-1.18984e-05
-2.38677e-05
-4.57357e-05
-7.84073e-05
-0.000111325
-0.000127052
-0.000110165
-5.62617e-05
 2.32693e-05
 0.000103351
 0.000153894
 0.000151854
 9.17626e-05
-9.83762e-06
-0.000118493
-0.000193522
-0.000203224
-0.000137876
-1.52674e-05
 0.000123859
 0.000229362
 0.000259636
 0.000197478
 5.79078e-05
-0.000115262
-0.000263308
 -0.00033235
-0.000292225
-0.000147902
 6.06095e-05
 0.000270033
 0.000413541
 0.000442033
 0.000340174
 0.000132038
-0.000125377
-0.000358787
 -0.00050031
-0.000507652
-0.000376769
-0.000143298
 0.000127643
 0.000360225
 0.000489767
 0.000481288
 0.000339382
 0.000106555
-0.000149435
-0.000355492
-0.000454452
 -0.00042144
-0.000270514
-4.96587e-05
 0.000174208
 0.000335618
 0.000390063
 0.000326696
 0.000170412
-2.71087e-05
-0.000204388
-0.000309606
-0.000316273
-0.000230187
-8.56962e-05
 6.71513e-05
 0.000179929
 0.000221646
 0.000187708
 9.92757e-05
-6.28579e-06
-9.00049e-05
-0.000125422
 -0.00010711
 -5.0763e-05
 1.46853e-05
 5.94734e-05
  6.4938e-05
 3.03559e-05
-2.76905e-05
-8.28136e-05
-0.000109882
-9.51263e-05
 -4.1354e-05
 3.35357e-05
 0.000103789
 0.000145657
 0.000145852
 0.000105465
 3.81969e-05
-3.58147e-05
-9.76397e-05
-0.000135381
-0.000146059
-0.000133411
-0.000103405
-6.02691e-05
-5.35454e-06
 6.05182e-05
  0.00013264
 0.000198804
 0.000239404
 0.000232599
 0.000163363
 3.29168e-05
-0.000135973
-0.000301358
-0.000412835
-0.000427869
-0.000328089
-0.000129232
 0.000119856
 0.000349945
  0.00049231
 0.000500941
 0.000368405
 0.000129664
-0.000147762
-0.000384187
-0.000512082
-0.000496419
-0.000344649
-0.000103442
 0.000156327
 0.000361284
 0.000457036
 0.000422978
  0.00027638
 6.51491e-05
-0.000147872
-0.000303916
-0.000364791
-0.000322177
-0.000197518
-3.32669e-05
 0.000121219
 0.000224473
 0.000253937
 0.000210302
 0.000114578
-3.61908e-07
-0.000100567
-0.000160617
-0.000169411
-0.000131094
-6.17042e-05
  1.6728e-05
 8.25615e-05
 0.000119709
 0.000120668
 8.72685e-05
 2.94606e-05
-3.73116e-05
-9.56674e-05
-0.000130247
 -0.00013146
-9.82158e-05
-3.88058e-05
 3.06714e-05
 9.03124e-05
 0.000122004
 0.000115074
 7.01593e-05
-1.70046e-07
-7.45707e-05
-0.000129132
-0.000144829
-0.000113867
-4.28111e-05
 4.86641e-05
 0.000133198
 0.000183833
 0.000182371
 0.000125472
  2.6548e-05
-8.73156e-05
-0.000182765
-0.000229932
-0.000211748
 -0.00012996
-5.75255e-06
 0.000125623
 0.000225002
 0.000261364
 0.000222056
 0.000117696
-2.02183e-05
-0.000148688
-0.000226838
-0.000229433
-0.000155673
-3.00816e-05
 0.000105106
 0.000203698
 0.000230903
 0.000175066
 5.18043e-05
-0.000100891
 -0.00023488
-0.000307289
-0.000293984
-0.000196786
-4.23282e-05
 0.000126733
 0.000265005
 0.000337764
 0.000330305
 0.000250642
 0.000125183
-1.07084e-05
-0.000123906
-0.000192773
-0.000211648
-0.000189579
-0.000144332
-9.43433e-05
 -5.1848e-05
-1.97835e-05
 6.63705e-06
 3.47439e-05
 6.82803e-05
 0.000103349
 0.000128558
 0.000129592
 9.63164e-05
 2.92438e-05
-5.78201e-05
-0.000140645
-0.000192341
-0.000193236
-0.000138942
-4.32399e-05
 6.56779e-05
 0.000154444
 0.000195883
  0.00017825
 0.000108971
  1.1573e-05
-8.28244e-05
-0.000146157
-0.000162213
-0.000130608
-6.49497e-05
 1.34631e-05
 8.35187e-05
 0.000130578
 0.000149033
 0.000140855
 0.000111652
 6.67165e-05
  9.2887e-06
-5.81406e-05
-0.000130436
-0.000196669
  -0.0002398
-0.000240586
-0.000185077
-7.29063e-05
  7.7518e-05
 0.000230238
 0.000340467
 0.000368771
 0.000295962
 0.000132909
-7.92557e-05
-0.000279824
 -0.00040722
-0.000419563
-0.000309741
 -0.00010927
 0.000120947
 0.000310088
 0.000400515
 0.000366502
 0.000222167
 1.60054e-05
-0.000185739
-0.000320926
-0.000350965
-0.000271572
-0.000111832
 7.71983e-05
 0.000239672
 0.000331818
 0.000333181
  0.00024949
 0.000107579
-5.46679e-05
-0.000199403
-0.000297484
-0.000332992
-0.000303694
-0.000218838
-9.58992e-05
 4.25936e-05
 0.000171994
 0.000268625
 0.000313414
 0.000295884
 0.000217482
 9.28439e-05
-5.21903e-05
-0.000185968
-0.000278723
-0.000310329
-0.000275643
-0.000185594
-6.36217e-05
 6.12936e-05
 0.000162612
 0.000222617
 0.000235368
 0.000205798
 0.000145988
 7.04932e-05
-7.41907e-06
-7.75685e-05
-0.000132748
-0.000167676
-0.000178257
-0.000161946
-0.000119203
-5.51788e-05
 1.95848e-05
 9.03449e-05
 0.000141382
 0.000160406
 0.000142659
 9.30937e-05
 2.56248e-05
-4.06331e-05
-8.70688e-05
-0.000101451
-8.20153e-05
 -3.8284e-05
 1.18349e-05
 4.79374e-05
 5.42031e-05
 2.53337e-05
-3.07512e-05
-9.46736e-05
-0.000141572
-0.000149552
-0.000107885
-2.20184e-05
 8.66295e-05
 0.000186426
 0.000245243
 0.000240986
 0.000169395
 4.63133e-05
-9.64328e-05
-0.000220268
-0.000291175
-0.000289409
-0.000214683
-8.55325e-05
 6.64543e-05
  0.00020534
 0.000299716
 0.000329435
 0.000288912
 0.000186966
 4.39836e-05
-0.000112492
-0.000252729
-0.000349709
-0.000383533
-0.000344994
-0.000237853
-7.92739e-05
  0.00010209
 0.000270556
 0.000390034
 0.000431827
 0.000382018
 0.000246534
 5.21299e-05
 -0.00015779
 -0.00033236
-0.000425837
-0.000410518
-0.000286241
-8.30313e-05
  0.00014494
 0.000333344
 0.000426157
 0.000393145
 0.000240608
 1.13017e-05
 -0.00022723
-0.000402781
-0.000460863
 -0.00038208
-0.000188606
  6.2493e-05
 0.000297041
 0.000446757
 0.000469966
 0.000363415
 0.000161734
-7.46728e-05
-0.000278823
-0.000396976
-0.000402981
-0.000303348
-0.000132532
 5.90652e-05
 0.000220081
 0.000311655
 0.000316034
  0.00023886
 0.000105499
 -4.6845e-05
-0.000178928
-0.000258869
-0.000269237
-0.000210555
-0.000100586
  3.0421e-05
 0.000147512
 0.000220097
 0.000230032
 0.000176561
 7.65376e-05
-4.02814e-05
 -0.00013972
-0.000193036
-0.000185243
-0.000119391
-1.55044e-05
 9.55068e-05
 0.000181078
 0.000216568
 0.000192303
 0.000116009
 9.98894e-06
-9.59866e-05
-0.000173816
-0.000205394
-0.000187531
-0.000131997
-6.07356e-05
 2.09123e-06
 3.85507e-05
 4.29674e-05
 2.34098e-05
-1.97891e-06
-1.26116e-05
 5.62739e-06
 5.34755e-05
 0.000116215
 0.000167633
 0.000179158
 0.000131289
 2.32619e-05
-0.000122906
-0.000266245
-0.000358249
-0.000358802
-0.000251542
-5.31599e-05
 0.000187449
 0.000401167
 0.000519025
 0.000494942
 0.000323284
 4.47164e-05
-0.000262873
-0.000506699
-0.000608217
-0.000529748
-0.000289336
 4.20358e-05
 0.000361024
 0.000564354
 0.000582718
 0.000404773
 8.28433e-05
-0.000282194
-0.000572289
-0.000689876
-0.000589549
-0.000293479
 0.000114396
 0.000513509
  0.00078313
 0.000838807
 0.000657711
 0.000285523
-0.000176778
-0.000601958
-0.000872657
-0.000914284
-0.000715436
-0.000330485
 0.000136081
 0.000558929
 0.000826488
 0.000871265
  0.00068752
 0.000331508
-9.55557e-05
-0.000476749
-0.000712417
-0.000747301
-0.000584161
-0.000280267
 7.16223e-05
 0.000371625
  0.00054162
 0.000546029
 0.000398755
 0.000155035
 -0.00010822
-0.000316755
-0.000420097
-0.000403292
 -0.00028657
-0.000114408
 6.12279e-05
 0.000197273
 0.000270245
 0.000278542
 0.000236989
 0.000167066
 8.74634e-05
 8.77535e-06
-6.60279e-05
-0.000136614
-0.000199105
 -0.00024254
-0.000250517
-0.000207966
-0.000110286
 2.95352e-05
 0.000179894
 0.000297524
 0.000340979
 0.000286155
 0.000137884
-6.75275e-05
-0.000270928
-0.000408098
-0.000431018
-0.000325244
-0.000116876
 0.000133895
 0.000351106
  0.00046734
  0.00044589
 0.000293178
 5.70357e-05
-0.000188683
-0.000368071
-0.000427674
-0.000353328
 -0.00017385
  4.9461e-05
 0.000243681
 0.000348306
 0.000334411
  0.00021272
 2.83335e-05
-0.000155651
-0.000279709
-0.000307292
-0.000235708
-9.52449e-05
  6.2661e-05
 0.000183743
 0.000229329
 0.000188687
 8.14061e-05
-5.05589e-05
 -0.00015813
 -0.00020221
-0.000166868
-6.43414e-05
 6.95494e-05
 0.000187704
 0.000247499
 0.000224771
  0.00012161
-3.42432e-05
-0.000197905
-0.000320819
-0.000365007
-0.000313904
-0.000176924
 1.31725e-05
 0.000209031
 0.000360983
 0.000429596
 0.000395434
 0.000263821
 6.36509e-05
-0.000159345
-0.000353308
-0.000472447
 -0.00048794
-0.000394924
-0.000213825
 1.44035e-05
  0.00023804
  0.00040697
 0.000484484
 0.000455579
 0.000329724
 0.000137681
-7.64662e-05
-0.000265816
-0.000390998
-0.000428121
-0.000372921
-0.000240674
-6.23308e-05
 0.000122287
 0.000272907
 0.000357422
 0.000359025
 0.000280144
 0.000141979
-2.07557e-05
-0.000168795
-0.000268671
-0.000301332
-0.000266299
-0.000180055
-6.94081e-05
  3.7557e-05
 0.000119542
 0.000166315
 0.000178205
 0.000161952
  0.00012557
 7.49451e-05
 1.37267e-05
-5.40047e-05
-0.000120425
-0.000172668
-0.000195172
-0.000175307
-0.000109961
 -9.7711e-06
 0.000101574
 0.000193578
 0.000238766
 0.000222414
 0.000148221
 3.74841e-05
-7.80899e-05
-0.000167221
-0.000209386
-0.000200747
-0.000153633
-9.00925e-05
-3.24203e-05
 5.47065e-06
 2.23765e-05
 2.83207e-05
 3.81067e-05
  6.2823e-05
 0.000103027
 0.000146715
 0.000173243
 0.000161926
 0.000102004
-2.09538e-07
-0.000120336
-0.000222264
-0.000270122
 -0.00024173
-0.000138504
 1.23818e-05
 0.000165062
 0.000269419
 0.000288147
 0.000210437
 5.72309e-05
-0.000124232
-0.000275121
-0.000344262
-0.000305495
-0.000167233
 2.92116e-05
 0.000222249
 0.000349718
 0.000369292
 0.000272909
 9.02326e-05
-0.000120323
-0.000290409
-0.000364409
 -0.00031841
-0.000168849
 3.24919e-05
 0.000215892
 0.000317792
 0.000303263
 0.000178761
-9.72948e-06
-0.000192896
-0.000303067
-0.000298977
-0.000181185
 7.73099e-06
 0.000198517
 0.000320594
 0.000328085
 0.000216816
 2.59803e-05
-0.000176229
-0.000317586
-0.000348181
-0.000258365
-8.17929e-05
 0.000117355
 0.000268053
 0.000318117
 0.000252497
 9.76797e-05
-8.90181e-05
-0.000240906
-0.000305961
-0.000264641
-0.000135273
 3.43095e-05
 0.000185142
  0.00026825
 0.000260742
 0.000171457
 3.50251e-05
-0.000102407
-0.000199774
-0.000233758
 -0.00020347
-0.000126606
-2.99031e-05
 6.14578e-05
 0.000131168
 0.000173498
 0.000189916
 0.000183394
 0.000153981
 9.83203e-05
 1.35039e-05
-9.67104e-05
-0.000216884
-0.000319548
-0.000371176
-0.000343333
-0.000225176
-3.21984e-05
 0.000193209
  0.00039109
 0.000501183
 0.000482798
 0.000330409
 7.89343e-05
-0.000204063
-0.000437598
 -0.00055204
 -0.00051139
-0.000325454
-4.75445e-05
 0.000241793
 0.000459785
 0.000546887
 0.000484236
 0.000297489
 4.62335e-05
-0.000196837
 -0.00036928
 -0.00043663
-0.000398735
-0.000283647
 -0.00013274
 1.60584e-05
 0.000139849
 0.000232904
 0.000299634
 0.000343052
 0.000355548
 0.000317812
 0.000207766
 1.62696e-05
 -0.00023785
-0.000501842
-0.000697746
-0.000745491
 -0.00059346
-0.000245051
 0.000230457
 0.000709766
  0.00104907
  0.00112958
 0.000899767
 0.000398867
-0.000248187
-0.000864569
  -0.0012741
 -0.00135559
   -0.001081
 -0.00052474
 0.000158956
 0.000782906
  0.00118271
   0.0012635
  0.00102352
 0.000548644
-1.86433e-05
-0.000524353
-0.000847221
-0.000928828
-0.000782039
-0.000477769
-0.000116749
  0.00020315
 0.000413563
 0.000489068
 0.000445421
 0.000325709
 0.000180882
 5.19962e-05
-4.02167e-05
-9.61481e-05
-0.000129852
-0.000157476
-0.000186802
-0.000212192
-0.000216843
-0.000181241
-9.42053e-05
  3.8243e-05
   0.0001902
 0.000321204
  0.00038829
 0.000360823
 0.000232844
 2.82619e-05
-0.000203473
-0.000400287
-0.000505128
-0.000482871
 -0.00033126
 -8.2678e-05
 0.000203569
 0.000456089
 0.000609203
 0.000619244
 0.000475659
  0.00020467
 -0.00013524
-0.000465307
-0.000703947
-0.000786456
-0.000682657
-0.000407686
-2.19345e-05
 0.000381533
 0.000700187
 0.000850128
 0.000790821
 0.000538258
 0.000161474
-0.000237357
-0.000553334
-0.000709862
-0.000680107
-0.000491871
-0.000214882
 6.44238e-05
 0.000271242
 0.000364026
 0.000342517
 0.000240824
 0.000109724
 -4.0674e-06
-7.35117e-05
-9.64328e-05
-8.96255e-05
-7.58046e-05
-6.99938e-05
-7.17403e-05
-6.66265e-05
-3.61483e-05
 2.88869e-05
  0.00011824
 0.000201094
 0.000235873
 0.000188105
 4.92344e-05
-0.000152184
-0.000353377
-0.000475702
-0.000453401
-0.000262589
 6.12782e-05
 0.000426257
 0.000709015
 0.000795685
 0.000625005
 0.000217869
-0.000319322
-0.000821783
 -0.00111731
 -0.00108527
-0.000703142
  -6.329e-05
 0.000648712
  0.00120933
  0.00142919
  0.00121812
 0.000620496
-0.000192867
-0.000975243
 -0.00148153
 -0.00154739
 -0.00114366
-0.000387392
 0.000494197
  0.00123519
  0.00161408
  0.00152152
 0.000991209
 0.000185356
-0.000658811
 -0.00130284
   -0.001577
 -0.00142513
-0.000912686
-0.000198679
  0.00051675
  0.00105109
  0.00128675
  0.00119472
 0.000831054
 0.000311092
-0.000227849
-0.000663274
-0.000913939
-0.000951056
-0.000794679
 -0.00049976
 -0.00013812
 0.000218104
 0.000508185
 0.000689093
 0.000737693
 0.000650916
 0.000445356
 0.000156288
-0.000165092
-0.000457768
-0.000661065
-0.000727741
-0.000636946
-0.000402875
-7.52912e-05
 0.000269746
 0.000547659
 0.000687212
 0.000650316
  0.00044374
 0.000118884
-0.000240738
 -0.00054109
-0.000702368
-0.000680166
-0.000477428
-0.000144034
 0.000235723
 0.000564567
 0.000757052
 0.000761569
 0.000573895
 0.000238723
-0.000161439
-0.000527393
-0.000768885
-0.000827882
-0.000692981
-0.000400928
-2.50545e-05
  0.00034546
 0.000628971
 0.000770299
 0.000750243
 0.000584489
 0.000314392
-5.46189e-06
-0.000318347
-0.000572653
-0.000725851
-0.000747726
-0.000625234
-0.000369184
-1.98563e-05
 0.000353249
 0.000661723
 0.000819207
 0.000768424
 0.000505218
 8.92531e-05
-0.000365845
-0.000723162
-0.000865855
-0.000738826
-0.000372993
  0.00011871
 0.000574833
  0.00083858
 0.000812692
 0.000496206
-1.11736e-05
-0.000540123
-0.000908352
-0.000983375
-0.000729227
-0.000220381
 0.000382325
 0.000885344
  0.00112684
  0.00102949
 0.000623991
 3.61159e-05
-0.000556699
-0.000983216
 -0.00113069
 -0.00097483
-0.000579642
-6.99617e-05
 0.000411423
 0.000746716
  0.00087254
 0.000788728
 0.000547192
 0.000228015
-8.72549e-05
 -0.00033625
-0.000485542
-0.000529598
-0.000482769
 -0.00036947
-0.000216737
-5.06742e-05
 0.000104235
 0.000225395
 0.000294109
 0.000299722
 0.000244304
 0.000144966
 3.13511e-05
-6.23019e-05
-0.000108402
-9.63403e-05
-3.73662e-05
 3.88844e-05
  9.5659e-05
 0.000104144
 5.61901e-05
-3.09486e-05
-0.000120537
-0.000171134
-0.000154427
-6.87172e-05
 5.80673e-05
 0.000177674
  0.00023994
 0.000213118
 9.78198e-05
-7.13207e-05
-0.000237266
-0.000341177
-0.000344038
   -0.000241
-6.30559e-05
 0.000134236
 0.000290327
 0.000359926
 0.000326531
 0.000204987
 3.33741e-05
 -0.00014148
-0.000278646
-0.000352707
-0.000356015
-0.000294901
-0.000183488
-3.90081e-05
 0.000119353
 0.000268907
 0.000382229
 0.000429525
 0.000386108
 0.000243214
 1.76159e-05
-0.000245448
-0.000479718
-0.000615414
-0.000601912
-0.000427628
-0.000129026
 0.000216013
 0.000509765
 0.000664734
 0.000632253
 0.000419558
  8.8986e-05
-0.000260938
-0.000526526
-0.000631755
-0.000551912
-0.000320261
-1.56632e-05
 0.000264383
 0.000435916
 0.000455031
 0.000329935
 0.000115004
-0.000110475
-0.000270861
-0.000319838
 -0.00025428
-0.000111985
  4.5211e-05
 0.000156099
  0.00018327
 0.000126164
 1.95036e-05
-8.19499e-05
-0.000126302
-8.62332e-05
 2.88059e-05
 0.000174722
 0.000288693
 0.000313191
 0.000219278
 2.03899e-05
-0.000228973
-0.000449852
 -0.00056543
-0.000528459
-0.000339724
-5.05643e-05
 0.000252163
 0.000474103
 0.000545076
 0.000443491
 0.000204633
-9.05911e-05
-0.000343016
-0.000469489
-0.000431908
-0.000250486
 3.96695e-06
 0.000236268
 0.000362199
 0.000339799
 0.000184647
-3.69748e-05
-0.000234621
 -0.00032974
-0.000286957
-0.000127947
  7.7888e-05
 0.000242399
 0.000295525
 0.000214795
 3.50484e-05
-0.000165883
-0.000299821
-0.000305638
-0.000175746
 3.95918e-05
 0.000252126
 0.000371564
 0.000342756
 0.000168798
-8.94312e-05
-0.000336987
-0.000482069
-0.000471683
-0.000311561
-6.28714e-05
 0.000182385
 0.000337036
 0.000351338
 0.000230068
 2.83419e-05
-0.000171282
-0.000290837
-0.000285603
-0.000158903
 4.16422e-05
 0.000243922
 0.000378856
 0.000405028
 0.000321516
 0.000164948
-7.02389e-06
-0.000138845
-0.000197521
-0.000182824
 -0.00012382
-6.37469e-05
-3.97802e-05
-6.61293e-05
-0.000127448
 -0.00018545
-0.000196216
-0.000131196
  6.8592e-06
 0.000180226
 0.000327276
 0.000384983
 0.000314534
 0.000120023
-0.000147917
-0.000406125
-0.000566533
-0.000567732
-0.000398836
-0.000106345
 0.000219321
 0.000473444
 0.000572559
 0.000483451
 0.000235119
-9.04578e-05
 -0.00038558
-0.000552616
-0.000536027
-0.000339996
-2.62979e-05
 0.000306221
 0.000553117
 0.000636388
 0.000527194
 0.000253119
-0.000111089
-0.000465374
-0.000711923
-0.000780768
-0.000647245
-0.000337726
 7.69134e-05
 0.000498085
 0.000822572
 0.000966893
 0.000887674
 0.000593206
 0.000143161
-0.000364209
-0.000814906
 -0.00110666
 -0.00117407
 -0.00100452
-0.000640464
-0.000167383
 0.000309008
 0.000689641
 0.000905503
 0.000931373
 0.000787056
 0.000527127
 0.000223358
-5.44716e-05
 -0.00025422
-0.000350153
-0.000344082
-0.000260191
 -0.00013608
-1.26493e-05
 7.50907e-05
 0.000105027
 7.20702e-05
-1.10885e-05
-0.000116888
-0.000209517
 -0.00025445
-0.000229056
-0.000131361
 1.62693e-05
 0.000170861
 0.000280288
 0.000299852
 0.000208976
 2.19969e-05
-0.000211891
-0.000421006
 -0.00053307
-0.000499795
-0.000315633
-2.34457e-05
  0.00029595
 0.000547705
 0.000652763
 0.000573581
 0.000326975
 -2.0192e-05
-0.000370978
-0.000627114
-0.000717271
-0.000616251
-0.000350208
 1.22975e-05
 0.000379396
 0.000659072
  0.00078041
 0.000708708
 0.000452504
 6.23235e-05
-0.000378188
-0.000767615
 -0.00100706
  -0.0010227
-0.000786438
-0.000329055
 0.000259249
 0.000844201
  0.00127743
  0.00143485
  0.00125315
 0.000752885
 3.95716e-05
-0.000719889
 -0.00134009
 -0.00166741
 -0.00162267
 -0.00122304
 -0.00057629
 0.000150826
 0.000780102
  0.00117068
  0.00125457
  0.00104912
 0.000644375
 0.000170981
-0.000240095
-0.000493456
-0.000550767
-0.000433272
-0.000207112
 4.19817e-05
 0.000235702
 0.000323867
 0.000293855
 0.000167996
-8.23707e-06
-0.000182254
 -0.00030939
-0.000363102
-0.000338622
-0.000250559
-0.000126298
 2.28253e-06
 0.000106608
  0.00016723
 0.000176919
   0.0001409
 7.45184e-05
-1.11245e-06
 -6.4597e-05
-9.97521e-05
-9.97044e-05
 -6.8461e-05
-1.92777e-05
 2.98139e-05
 6.20157e-05
 6.73284e-05
 4.56795e-05
 6.49227e-06
-3.51678e-05
-6.43736e-05
-7.18074e-05
-5.68286e-05
-2.70672e-05
 5.14417e-06
 2.78305e-05
 3.38765e-05
 2.31853e-05
 1.84624e-06
-2.10955e-05
-3.76997e-05
-4.42989e-05
-4.25246e-05
-3.79627e-05
-3.70776e-05
-4.38316e-05
-5.73724e-05
-7.17336e-05
-7.77608e-05
-6.66439e-05
 -3.3805e-05
 1.82126e-05
 7.90238e-05
 0.000132389
 0.000160543
 0.000149756
  9.5461e-05
 5.17932e-06
-0.000101926
-0.000199231
-0.000259669
-0.000263772
-0.000206409
-9.99371e-05
 2.75457e-05
 0.000138998
 0.000198735
 0.000183614
 9.17583e-05
-5.42115e-05
-0.000211244
-0.000327038
-0.000355837
-0.000274553
-9.38659e-05
 0.000140186
 0.000356483
 0.000479521
 0.000455411
 0.000274956
-1.49922e-05
-0.000318403
-0.000516501
-0.000508108
-0.000251997
 0.000204236
 0.000722719
  0.00110809
  0.00116999
  0.00079842
 2.60295e-05
-0.000949768
 -0.00180312
 -0.00217481
 -0.00180381
-0.000653272
   0.0010191
  0.00268769
  0.00369657
  0.00348255
  0.00181841
 -0.00101303
 -0.00419958
 -0.00658192
 -0.00701782
 -0.00483308
 -0.00020535
  0.00568582
   0.0108615
   0.0131102
    0.010792
  0.00362726
 -0.00684073
  -0.0173752
  -0.0238695
  -0.0227256
   -0.012394
   0.0054813
   0.0258629
   0.0413912
   0.0446474
   0.0310494
  0.00142665
  -0.0368062
  -0.0707174
  -0.0853825
  -0.0692196
  -0.0196365
    0.053045
    0.125387
    0.165644
    0.143602
    0.043927
   -0.119835
    -0.29419
   -0.380955
   -0.241119
    0.292226
     1.39345
    0.278351
