  -0.512865
    2.97089
   -6.70283
     6.8511
   -3.14481
    4.55718
   -12.5252
    15.8331
   -13.9649
    15.6872
   -12.6381
   -5.24996
     21.673
   -20.3921
     11.647
   -7.82943
    7.95255
   -11.7253
    19.1111
   -22.4858
     13.877
    4.67375
   -17.8617
    15.4623
   -13.3095
    19.9455
   -7.94932
    -21.126
     12.777
    30.2462
   -32.1888
   -10.4366
    24.0102
   -5.03659
     5.9344
   -21.6469
    25.8894
   -24.6118
    8.30151
    27.5057
   -39.1719
    20.9681
    -23.241
     31.601
  -0.421006
   -21.1719
   -12.5391
    32.1865
    1.19837
   -17.2841
   -5.14489
    5.77871
    18.1393
   -22.0152
    9.01292
    1.63373
   -10.1047
    6.49809
    7.12286
   -6.32989
   -1.04502
   -3.86156
   -1.66604
    23.4577
   -25.6817
    13.4147
    -13.869
    1.44168
    25.4843
   -5.78417
   -42.0608
    25.2303
    30.4105
   -21.5321
   -27.1925
    28.6956
   -3.14718
   -5.54771
    23.1084
   -41.3194
    13.8683
    20.1838
   -3.40089
   -15.0319
   -8.60568
    15.0734
     16.205
   -14.9733
   -19.2295
    11.2096
    25.1837
   -20.0457
   -4.46803
  -0.207409
   -1.52585
    30.1897
     -27.07
   -12.4814
    12.6548
    28.7744
   -36.1676
    4.57506
    6.70643
    8.39651
   -13.8867
    4.67174
    4.85713
   -10.8494
    12.1887
   -9.13515
    3.50697
     9.2578
   -26.4488
    28.4098
   -4.58598
   -26.0427
     33.138
   -12.3383
   -3.21653
   -7.34109
     11.813
    12.2232
   -23.0328
    -1.9775
    12.3209
    12.9377
   -22.2072
  -0.960729
    13.8552
   -6.73302
    4.76484
   -7.15366
   0.124904
    16.9645
   -36.6039
    35.1974
    -1.4258
   -23.3165
    12.1667
   -8.33575
    27.7601
    -19.658
   -13.4169
    10.8724
    16.3617
   -13.6236
    -3.6432
  -0.543786
    7.36416
  -0.839302
  -0.871616
   -8.01575
    22.0438
   -36.5866
    31.5517
   -8.80667
    7.34085
    -21.009
     3.4602
    22.4989
    -6.3112
   -14.6467
   -4.53815
    17.5004
    4.35614
   -10.9149
   -5.30062
   -4.36616
    29.3458
    -26.745
    11.2951
   -6.69365
   -1.52592
    12.6622
   -8.82397
   -1.94051
     12.388
   -28.1623
    27.1982
    5.99264
   -27.5835
    5.84948
    17.4292
   -10.1333
    3.86484
   -14.4705
    9.84078
    13.0665
   -16.3121
   -1.64031
    4.21763
    9.44181
   -8.88255
  -0.643253
   -11.0923
    38.1664
   -49.5591
    38.2645
   -16.8465
   -4.14203
    12.2715
   -4.38335
   0.101462
   -10.6221
    16.9587
   -5.18014
   -11.6725
    19.0772
   -13.0214
   -5.84999
    21.9132
   -17.2208
    8.94379
   -23.3438
    34.7431
   -4.60741
   -34.6032
    26.9404
    3.70496
     1.3997
   -28.9015
    31.3692
   -17.2096
    14.5544
   -13.1863
    7.87756
   -18.9272
    32.1845
   -11.0569
   -21.6675
    14.5671
     13.398
   -8.64042
    -14.908
    12.1868
    1.97775
    6.95216
   -20.7766
    12.7846
    2.38358
   -9.48519
    12.3097
    -4.2413
   -13.6812
    15.2941
   0.803469
   -6.21912
    4.25227
   -13.4679
    14.7322
   0.516927
    1.53758
   -15.7715
   -2.80738
    30.6641
   -11.3204
   -20.2184
     6.9826
    9.98271
    9.81937
   -15.7377
   -10.2678
    10.9284
    6.86159
     11.496
   -28.5288
   -4.72771
    22.3895
    18.9195
   -37.2069
   -2.82838
    20.1189
    4.52881
   -1.82876
   -22.1257
    5.26819
    25.3889
   -5.90537
   -32.8446
    22.7651
    18.9322
   -25.7608
   -6.79664
    24.2571
    -8.1012
   -5.39339
    5.00785
   -18.8369
    36.1062
   -17.2291
   -15.6045
     13.412
    1.43553
    10.1209
   -18.0094
   -1.17067
     4.3853
    19.9108
   -17.6957
   -17.6841
    26.8503
    2.86658
   -21.8142
    11.5318
   -2.41913
    10.8647
   -19.7068
    11.9576
    3.76504
   -2.98442
   -16.3417
    22.1926
   -2.53741
   -6.10798
   -11.7084
    13.2446
    17.1642
   -30.2172
    9.15388
    -1.0309
    16.4523
   -15.2044
  -0.307401
   -4.31121
    15.8863
   -7.88783
   -2.16644
    1.40341
   -8.74696
    23.4087
   -27.0551
    21.1839
   -6.18337
    -18.368
     21.992
    5.85321
   -19.2342
    4.44453
    -3.2266
    11.0163
    8.39074
   -28.0351
    18.1014
   -14.2102
    24.6232
    -10.449
   -9.18129
   -3.78076
    10.0122
    18.3555
   -29.5902
    5.92791
    6.21065
   0.865854
   -4.01246
    9.16248
   -13.0284
   -1.37252
    15.3962
   -14.4549
    16.3812
    -9.8987
   -20.6697
    29.9229
    1.70818
   -13.9866
   -4.28003
   -5.95666
     32.528
   -18.7777
   -6.22972
   -4.80463
    20.5739
   -16.3938
    18.8849
    -25.401
    14.2729
   -3.38329
    2.65517
    6.11544
    -9.4213
   -8.54139
    12.0755
    11.8858
    -18.643
      4.349
   -9.43099
    16.3345
    12.3825
   -38.0555
    20.4336
   -0.55687
    6.27327
    3.16412
   -29.7611
    18.3846
    17.4101
   -5.04549
   -40.6627
    34.9619
    20.1053
   -42.4159
    14.4797
    8.45772
   -7.47594
     7.4097
     -8.092
    -5.9663
    21.9125
   -21.4519
    9.82553
     4.3939
   -15.3234
    6.99798
     16.676
   -16.0036
   -18.2202
    35.8752
   -18.2835
    14.3225
   -33.5899
     18.526
    29.6002
   -37.0846
   0.376678
    12.0738
    1.66827
    6.80364
   -22.8669
    11.2739
    4.98777
   -6.17539
    12.4955
   -19.0116
    5.70613
    5.35038
    5.95822
   -21.3412
    32.8321
   -37.2775
     9.2178
    30.8281
   -17.0342
   -31.0656
    27.6075
    16.7139
   -25.4231
    7.50805
   -9.10461
    5.07953
    24.7716
   -32.4612
    1.46367
    19.9716
   -17.5033
    20.2518
   -22.6818
    3.53783
    11.5109
    7.10323
   -30.1239
      20.43
  0.0327434
    1.96383
   -9.93852
    6.34469
   -12.8041
     27.274
   -15.4489
   -3.61203
   -14.0982
    34.5122
   -12.6339
   -4.85955
   -17.4826
    23.8278
    5.88119
    -16.809
    6.96109
   -12.2081
    6.96027
      19.24
   -10.5421
   -23.3803
    8.37993
    32.2314
   -23.5094
    -6.1451
    2.42324
    2.81484
    12.4376
   -9.86536
   -7.84717
    1.39604
    16.6775
   -16.4754
    5.05515
    10.2076
   -25.5871
     19.902
   0.290439
  -0.098789
    -14.905
    21.6684
   -33.1488
    42.6104
   -14.5821
    -18.982
   -1.70743
    37.5529
   -24.4067
  -0.547246
   -9.57592
    20.1621
   -10.8404
    10.2187
   -11.5724
   -1.09216
   -4.18285
    30.5782
   -30.4241
    7.37034
   -2.47689
    1.40429
    15.7498
      -18.7
    7.64785
   -17.7744
    20.7209
    21.5955
   -48.5681
    6.94637
    30.7192
    1.15561
   -37.7029
    12.6892
    24.2423
   -12.2688
   -17.4486
    10.9604
    20.0418
   -24.8923
   -9.41207
    35.6956
   -9.64668
   -37.8916
    42.1442
   -10.3597
    2.85538
   -20.0794
    15.3715
    4.16602
   -3.55394
  -0.334964
   -11.4437
     7.9241
     14.313
   -10.1254
   -12.0168
   -1.71041
    33.9614
   -29.0487
     7.9117
   -14.2795
    17.3987
    11.0148
   -21.9105
   -10.4644
    26.7228
    6.10606
   -36.5194
    28.8084
   -14.4815
    18.3887
   -22.9992
    16.1943
   -9.80693
    10.7543
   -12.1979
     9.3064
   -7.72124
    15.6418
   -27.2472
    27.0137
    -18.094
     16.081
   -11.9921
   -7.06618
    13.1755
    15.6754
   -39.0799
    23.9221
   -8.51597
    22.2819
   -29.1721
      8.931
    6.44519
   -5.49194
    8.12408
   -10.5311
  -0.131026
    10.0784
   -9.08521
    9.85065
   -17.3741
    19.9296
   -10.1199
    -2.2418
   -5.83775
    36.2392
   -47.9403
    18.5582
    7.31084
    2.05783
   -7.48897
    -12.909
    20.2837
   -6.79164
    8.74813
   -17.9738
    4.44944
    7.30404
    7.44103
   -18.5064
    11.8012
   -10.7771
    5.84111
    20.4139
   -31.4136
     8.8526
  -0.900341
    18.5066
   -12.3496
   -10.1247
   0.192393
    14.5691
     9.9542
    -25.682
   -7.06918
    25.3463
    8.34902
   -29.0511
    2.55953
    18.6875
   -8.91303
   -4.23476
    14.9104
   -24.8596
    6.10415
    37.1712
    -47.299
    7.40784
    28.0617
   -20.6594
   -11.0728
     34.007
   -27.6662
   -2.44354
    14.2577
    15.6206
   -40.7497
    23.0033
   -5.78097
     22.809
   -28.6839
    1.69354
     8.3099
    11.2463
   -16.7083
    6.39684
   -8.01606
    10.6586
   -6.35921
    15.0725
   -24.4479
    9.33294
    5.61568
    1.84614
   -6.61448
   0.922872
   -2.05505
    -5.9677
    32.2713
   -37.0227
    11.1685
    1.87354
    1.32779
    7.99467
    -12.169
   -6.25268
    10.8207
    8.16062
   -7.00914
   -14.2587
     12.071
    7.04098
   -10.2072
    10.8729
   -22.9479
    16.3331
    15.0715
    -26.412
     1.8122
    19.1947
   -10.3029
   -11.3262
    21.8017
   -13.6204
    -5.5913
     14.335
    3.85194
   -34.0685
    42.2884
   -16.2997
   -18.6218
    27.6566
   -8.62379
   -4.55927
   -5.25338
     8.3261
    15.2117
   -30.1651
     9.3176
    10.6104
    4.83338
   -24.8555
    14.1084
    4.88179
 -0.0528322
   -15.2577
    14.5744
   -1.41769
   -6.98631
    10.0534
   -17.2273
    22.1922
   -5.31896
   -28.5715
    41.2955
   -16.7377
    -8.2254
    1.34004
    19.5964
   -27.3301
    20.5054
   -5.28363
   -8.23582
    1.58441
    20.2618
     -27.16
    14.4622
   -4.76331
    2.11938
    2.34259
   -1.83161
   -9.24207
    21.1256
    -25.411
    18.8252
   -4.07508
   -2.32278
   -5.96155
    8.99555
   -1.45176
    4.81423
   -18.1369
    20.6082
   -18.4788
    21.5111
   -9.70936
   -17.9683
    24.6913
   -2.56127
   -15.0308
    14.5644
   -7.48375
     -2.689
    7.72694
    5.54376
   -18.5676
    2.91058
    22.3611
   -18.7685
   -4.86579
    14.8009
   -13.1924
    19.9676
   -25.4686
     15.676
   -10.7892
    21.5736
   -10.5518
   -35.0612
    51.6467
   -4.67348
   -34.1312
    9.26445
    22.6586
   -11.8543
    3.31795
   -27.3776
    40.9067
   -28.0138
    24.7677
   -31.4114
    16.8712
    10.7864
   -22.6063
    14.9537
    3.81696
    -24.125
    29.4177
   -16.9966
    3.42202
    2.50085
   -2.44277
  0.0527059
   -8.66047
    29.5079
   -30.0936
   -1.64561
    19.5047
    4.36238
   -28.4319
    23.0015
   -19.5553
    31.8819
   -20.6209
   -22.3179
    43.0272
   -16.0627
   -10.5246
   -2.70662
    19.9991
    5.97563
   -44.5415
    30.0742
    22.0467
    -31.958
   -10.2334
    31.7031
   -7.87731
   -8.40227
   -5.13158
    14.6679
   -5.49529
   -10.5928
    31.1673
   -42.0116
    20.2995
    11.3541
   -14.0644
    3.41714
   -4.16224
   -6.50748
    30.1076
   -21.6228
   -10.8294
     9.5603
    15.0789
   -11.5747
   -3.03998
   -7.19754
    18.0241
   -14.5826
    24.5236
    -34.256
    7.65774
    22.6791
   -15.8742
    6.29096
   -16.8773
    4.90221
    30.1814
   -27.7562
   -9.70774
    19.0807
    2.45108
   -7.21225
   -10.1537
    25.6816
   -36.3564
    41.6202
   -31.5082
    10.9944
    6.10826
    -14.316
    7.69163
    12.7256
   -22.2842
    2.92248
    20.6399
   -10.9963
   -24.1188
    33.5474
     7.4352
   -49.1367
    29.4806
    25.8038
   -36.5491
    -1.5127
    17.9652
    3.68108
   -13.3842
   0.229732
    5.48788
   -7.48437
    17.6364
   -9.83639
   -20.3505
    30.1002
   -10.7354
  -0.736733
    -2.1651
    3.96812
   -14.3728
    25.9554
   -3.48101
   -32.5061
    22.8165
     12.138
   -2.68095
   -33.6142
    22.3731
    27.4409
   -39.1917
  -0.395494
    27.9608
   -11.2983
   -7.89832
    -5.1077
    15.3584
     14.657
   -44.4038
    20.9246
    20.1602
    -16.599
   -9.75083
    7.93905
    3.34951
    8.52032
   -17.8349
    4.27595
    5.88682
   -8.43505
    24.7383
   -31.5479
  -0.402355
    29.9681
   -13.1398
   -15.2754
    12.8207
   -1.11266
     7.5628
   -18.2063
    18.9796
   -16.2872
    12.6161
   -5.52743
   -1.60811
    5.29619
   -4.39617
    3.41891
   -13.9168
    29.4883
   -23.1592
    -1.0591
    6.44359
    3.99809
    7.37891
   -29.8337
    22.6474
    1.01109
   -3.24767
   -9.82609
    20.6833
   -31.4173
    27.4687
    3.50579
   -26.3749
    15.2514
    -1.0717
     2.3721
    2.25091
   -8.55809
   -4.08107
    15.2786
   -3.19469
   -13.2573
    20.7993
   -22.3936
    5.11824
    21.8112
   -13.8016
   -21.2514
     20.644
    15.1579
   -23.3664
   -2.91225
    18.6955
   -20.3596
     28.689
   -26.9549
    1.82933
    11.2006
    8.53229
   -19.7981
   -4.38202
    20.0721
    6.19067
   -30.7526
    14.7928
    5.40054
    3.59123
   -13.9097
    11.3068
   -23.0014
    35.2876
   -5.13959
   -34.5447
    14.7284
    38.1292
   -46.1266
     17.218
   -7.29921
    7.00005
    11.6422
   -16.6063
   -9.30319
    13.6649
    19.9923
    -28.824
   -4.76969
    18.8695
   -0.54409
    3.65391
   -24.4859
    8.21538
    29.2118
   -27.6241
    1.74093
   -6.85917
    31.8611
   -34.7199
    26.6812
   -31.0895
    23.5825
    10.0129
   -24.5899
   -6.47222
    34.9809
   -23.6245
    9.29177
   -18.3949
    14.2463
     10.131
   -3.55874
   -26.7615
    11.2308
    36.2112
   -30.0663
   -21.1892
    31.1277
    4.37144
   -19.1868
    1.20099
    16.6732
   -23.3216
    17.4238
  -0.399013
    -4.3431
    -12.247
    21.1641
   -10.4432
    7.01308
   -23.8399
    37.7462
   -22.4884
   -15.5697
    31.3246
   0.806409
   -30.4461
    8.85319
    16.1265
    7.79494
   -30.8747
     6.4933
    15.8074
   -1.66591
   -7.86848
    2.13213
   -14.9123
    30.9016
    -15.497
   -6.95729
    6.83787
   -3.16321
    6.90379
   -1.67816
   -5.32434
   -2.83049
    10.3628
   -4.18832
    4.27347
    -15.917
     12.039
    10.0787
    -17.618
    4.57699
   -1.71673
    13.3759
   -12.4961
    4.61335
   -18.6923
    37.0768
   -23.7433
    1.06904
   -3.72223
    7.79325
    4.67725
    0.39629
   -22.2401
    14.7086
    8.34389
   0.464988
   -14.2001
   -7.80808
    28.0527
   -14.6574
    2.02546
    -4.3989
  -0.903637
    4.10031
    8.53664
   -14.7061
    10.7548
   -11.6233
    1.80416
     14.106
     5.7551
     -38.94
    23.3491
    9.28728
    4.45279
   -29.9196
    21.9696
   -13.2499
    16.1116
   0.577392
   -17.0563
   0.956422
    16.9497
   -11.3113
  -0.431518
    16.7546
   -32.5112
    16.6985
    9.72043
    4.79214
    -27.979
    3.62335
    29.1333
   -19.1487
 -0.0811676
   -4.77354
    10.5018
   -5.03289
    3.36627
   -7.00401
    10.1046
    -7.9523
   -6.75444
    19.1502
   -6.00375
   -13.7676
    11.2204
   -4.75107
    13.3172
   -10.8578
   -14.9282
     32.306
   -25.9172
    16.2412
   -13.4767
    10.5292
   -11.4124
    23.3938
   -33.0828
    21.0654
    5.66665
   -21.2423
    19.4779
   -15.9905
    14.8734
   -10.0878
    9.38487
   -18.1894
    22.3755
   -15.0456
    5.81248
    2.15256
   -5.19741
   -7.67843
    23.3802
   -14.8716
   -5.54036
    6.12932
     4.0495
    2.50474
   -20.4262
    28.7317
   -23.8583
    14.9855
   -10.0744
    4.25769
    13.9113
   -29.6881
    14.8809
    11.9118
   -6.48269
   -19.3462
     22.322
   -11.1701
    17.5858
   -26.3453
     13.026
   -0.50168
    13.9338
    -27.087
    6.99902
    23.8996
    -23.226
    1.41267
    1.85899
     9.7441
   -10.6694
    9.18634
   -11.1376
   -4.26178
    20.3976
   0.576333
   -23.4159
   -3.73768
    35.0763
   -14.7466
   -9.12329
   -11.3575
    30.9479
   -14.8837
   -2.73726
    3.40828
   -2.49067
    -1.9137
    7.73565
      4.394
   -16.5825
   -5.52537
    31.5941
   -10.5488
   -26.7554
    16.0098
    25.9135
   -34.5551
    5.90567
    13.5571
   -7.62384
   -1.61418
   -1.03573
    4.95289
    9.16951
   -32.4074
    24.5664
    16.7214
   -32.7662
    5.59159
     4.8102
    18.5765
   -17.7547
   -14.3774
    23.6483
   -8.71426
    5.07496
   -4.89073
   -3.56927
    4.72184
   -4.99197
    12.6692
   -1.30799
   -25.3163
    23.8194
   0.115505
   -7.93957
     1.9061
    8.79662
   -28.6848
    33.2419
   -14.8548
    17.8732
   -39.2663
    23.7937
      10.42
   -8.79266
    -4.4374
   -1.02016
   -3.46947
    11.1052
      9.878
   -19.0959
   -11.6977
    22.1119
    3.05477
    -0.4176
   -23.6672
      15.81
   -3.92543
    19.8714
   -16.6078
   -13.8783
    11.8454
    17.2852
     -21.42
    16.8026
   -32.5364
    35.8742
   -11.9326
   -2.59404
  -0.538992
   0.768691
    -4.6842
    18.9934
   -24.3452
    16.8001
   -13.6286
    17.0742
   -17.3595
    11.1186
  -0.930731
   -5.61154
    6.77194
   -10.2128
    6.16212
    18.9801
    -34.831
    10.9521
    14.6817
   -3.45273
   -12.3053
    4.99698
     3.2287
   -11.6423
    34.2467
   -38.2091
    8.81286
    0.25632
    24.5714
     -23.04
    -10.888
    18.4801
   -1.22627
    4.97194
   -14.5882
   -1.78411
    10.3305
    18.4417
   -40.6385
    21.8926
  -0.585767
    7.18731
   -11.6667
   -1.22255
   -0.09659
    14.8307
   -2.31708
   -26.8695
    25.2258
   -6.93193
    14.2942
   -25.8545
    9.38144
    6.68053
   -2.52591
    7.36394
   -18.9989
  -0.577274
    34.2325
   -30.7427
    3.48766
   -3.82319
    23.8839
     -16.53
   -12.8639
    14.4135
    16.0796
   -26.8656
   -2.15767
     27.171
   -14.1012
   -12.6169
      15.97
    1.36729
   -10.9526
    5.40229
   -8.39145
    28.1498
   -33.1314
    8.98086
    8.45165
 -0.0796322
   -7.30111
    8.69116
    -23.555
    29.2147
    3.38073
   -39.7519
    41.0141
   -27.4481
    19.1935
   -0.30769
   -25.7992
    27.7554
  -0.460312
   -24.5141
    17.3573
    13.4083
   -24.6638
    1.46888
    14.5237
   -3.38433
    4.87636
   -31.1762
    40.8986
   -28.5837
    27.9356
   -32.6743
    19.6976
   -6.86517
    8.95721
   -7.32305
  -0.594009
    1.80773
   -5.58534
     14.022
   -9.23281
    1.33017
   -9.33224
    13.4236
   -7.31759
    21.8621
    -38.628
    7.62343
    32.6266
   -12.9182
   -23.6585
    4.47154
    29.1588
   -13.8256
   -12.3125
   -2.40437
    28.0571
   -24.7866
    7.73383
    1.67979
   -11.0562
    22.1603
   -17.5027
  -0.255998
    1.58043
    14.2637
   -9.41456
   -19.8749
    31.9634
   -19.3993
    10.0314
  -0.430639
   -14.3193
    3.77379
    20.3065
   -1.00894
   -43.0824
    45.2634
   -24.1291
    26.1027
   -19.4247
   -11.5731
     10.995
    20.9122
   -23.1055
    8.19025
    -19.914
    23.2134
    8.54427
   -20.1822
   -7.51787
    16.2958
     6.9627
   -10.9454
   -14.7475
     30.398
   -21.3699
    7.23568
0.000243592
