 2.55302e-08
 5.01064e-11
-5.71143e-09
-6.78313e-09
-2.29065e-09
 1.45126e-09
 4.34747e-09
 4.53983e-09
  1.8735e-09
-1.88935e-09
-4.50193e-09
-4.10556e-09
-1.44819e-09
 2.03013e-09
 4.15492e-09
 3.67691e-09
 1.00103e-09
-2.19016e-09
-3.91627e-09
-3.22818e-09
-6.05696e-10
 2.26756e-09
 3.66836e-09
 2.78042e-09
  2.8903e-10
-2.25824e-09
-3.30854e-09
-2.31743e-09
-5.23577e-11
 2.14555e-09
 2.93699e-09
 1.95542e-09
-1.12131e-10
-1.97616e-09
-2.55887e-09
-1.62017e-09
 1.72766e-10
 1.73179e-09
 2.18948e-09
 1.36574e-09
-1.21658e-10
-1.44661e-09
-1.87539e-09
-1.27432e-09
-3.86934e-11
  1.1164e-09
 1.62838e-09
 1.27589e-09
 2.95538e-10
-8.12275e-10
-1.48354e-09
-1.43061e-09
-6.36846e-10
  5.0816e-10
 1.44819e-09
 1.69955e-09
 1.05444e-09
-2.52829e-10
-1.56372e-09
-2.15414e-09
-1.56201e-09
 3.79056e-11
 1.85921e-09
 2.80683e-09
 2.13028e-09
  8.8132e-12
-2.46451e-09
-3.74526e-09
-2.70544e-09
  2.8907e-10
 3.54319e-09
 4.82996e-09
 2.91777e-09
-1.28971e-09
-5.06932e-09
-5.64496e-09
-2.26987e-09
 2.94481e-09
 6.37812e-09
 5.48047e-09
  7.5088e-10
-4.55442e-09
-6.77698e-09
-4.42158e-09
 8.10242e-10
  5.3543e-09
 6.29701e-09
 3.18254e-09
-1.80765e-09
-5.47467e-09
-5.59953e-09
-2.33002e-09
 2.21801e-09
 5.27383e-09
 5.08639e-09
 1.90959e-09
-2.35847e-09
-5.17417e-09
 -4.9401e-09
-1.78803e-09
 2.42917e-09
 5.27548e-09
 5.01613e-09
 1.78826e-09
-2.59333e-09
 -5.5446e-09
-5.29949e-09
-1.91974e-09
 2.71959e-09
 5.90403e-09
 5.74285e-09
  2.2255e-09
-2.74303e-09
-6.34468e-09
-6.51974e-09
 -3.0339e-09
 2.32937e-09
 6.74586e-09
 7.93346e-09
 5.12571e-09
-5.08262e-10
-6.71891e-09
-1.11443e-08
-1.23443e-08
-9.96731e-09
-4.67993e-09
 2.36374e-09
 3.94152e-07
  0.00169187
 0.000140374
 1.65142e-05
 4.48517e-06
 4.70816e-08
-3.78674e-06
-6.06585e-06
-5.76237e-06
-2.95466e-06
 1.00336e-06
 4.14405e-06
 4.90075e-06
 2.99897e-06
-4.18407e-07
-3.39719e-06
-4.30246e-06
-2.73066e-06
 3.15811e-07
  3.0223e-06
 3.85345e-06
 2.41571e-06
 -3.6338e-07
-2.80198e-06
-3.49879e-06
-2.11838e-06
 4.53978e-07
 2.66022e-06
 3.22902e-06
 1.86904e-06
-5.47442e-07
-2.58279e-06
 -3.0437e-06
-1.69331e-06
 6.57503e-07
 2.59764e-06
 2.98107e-06
 1.55015e-06
-8.50974e-07
-2.77027e-06
-3.00084e-06
-1.33098e-06
  1.2421e-06
 3.09014e-06
 2.96864e-06
 8.79666e-07
-1.85911e-06
-3.41348e-06
-2.68139e-06
-1.20721e-07
 2.53636e-06
 3.46269e-06
 2.03561e-06
-7.24563e-07
-2.91258e-06
-3.09077e-06
-1.25449e-06
 1.28005e-06
 2.83577e-06
 2.50958e-06
 6.66788e-07
-1.43584e-06
 -2.5142e-06
 -1.9996e-06
-3.53408e-07
 1.36796e-06
 2.16398e-06
  1.6444e-06
 2.15231e-07
-1.22892e-06
-1.86968e-06
-1.39941e-06
-1.69819e-07
 1.07789e-06
 1.63423e-06
  1.2349e-06
 1.68053e-07
-9.30619e-07
-1.45204e-06
-1.13169e-06
-2.02241e-07
 7.97595e-07
 1.31341e-06
 1.08687e-06
 2.63642e-07
-6.75621e-07
-1.22699e-06
-1.09125e-06
-3.53506e-07
 5.77952e-07
 1.18675e-06
 1.14265e-06
 4.54939e-07
-5.03255e-07
-1.20186e-06
-1.23094e-06
-5.54451e-07
 4.66704e-07
 1.25641e-06
   1.337e-06
 6.37237e-07
-4.68873e-07
 -1.3396e-06
-1.45018e-06
-6.96092e-07
 5.08107e-07
 1.45068e-06
 1.55877e-06
 7.18866e-07
-5.83685e-07
-1.58729e-06
-1.64936e-06
-7.07928e-07
 7.01766e-07
 1.73142e-06
 1.72602e-06
 6.51904e-07
-8.58684e-07
-1.88559e-06
-1.77109e-06
-5.56804e-07
 1.04542e-06
 2.04082e-06
 1.79542e-06
 4.14492e-07
-1.26145e-06
-2.20085e-06
-1.77637e-06
-2.29369e-07
 1.50812e-06
 2.33254e-06
 1.71461e-06
 2.42299e-09
-1.75144e-06
-2.43897e-06
-1.60792e-06
 2.52138e-07
  1.9818e-06
 2.49927e-06
 1.45632e-06
-5.11276e-07
-2.18621e-06
-2.51693e-06
-1.27838e-06
 7.74243e-07
 2.36941e-06
 2.50576e-06
 1.08559e-06
-1.03911e-06
-2.53929e-06
-2.48393e-06
-8.77433e-07
 1.29894e-06
 2.70805e-06
 2.45459e-06
 6.65112e-07
-1.57348e-06
-2.88138e-06
-2.41619e-06
-4.37213e-07
  1.8721e-06
 3.06505e-06
 2.37696e-06
 1.69808e-07
-2.20921e-06
-3.27494e-06
-2.30616e-06
 1.59507e-07
 2.61661e-06
 3.49956e-06
 2.17621e-06
-6.11549e-07
-3.11666e-06
-3.70649e-06
-1.89165e-06
 1.24832e-06
  3.6918e-06
  3.7636e-06
 1.32277e-06
-2.07714e-06
-4.15051e-06
-3.46593e-06
-4.49857e-07
 2.86011e-06
  4.2323e-06
 2.77839e-06
-4.58278e-07
-3.29252e-06
-3.89971e-06
-1.98438e-06
  1.1071e-06
 3.35441e-06
 3.39313e-06
  1.3165e-06
-1.46062e-06
-3.20957e-06
-2.89918e-06
-8.36743e-07
 1.62629e-06
 2.99139e-06
 2.48024e-06
 5.03222e-07
-1.68268e-06
-2.77044e-06
-2.14846e-06
-2.69336e-07
 1.69662e-06
 2.57986e-06
 1.88417e-06
 8.39498e-08
-1.70535e-06
   -2.42e-06
-1.66537e-06
 7.21682e-08
 1.72381e-06
 2.29558e-06
 1.46026e-06
-2.31602e-07
-1.75274e-06
-2.17161e-06
-1.25999e-06
 4.01053e-07
 1.78499e-06
 2.04305e-06
 1.04245e-06
-5.79503e-07
-1.80861e-06
-1.88938e-06
-8.08693e-07
 7.43464e-07
 1.79926e-06
 1.70387e-06
 5.71472e-07
-8.79222e-07
-1.73478e-06
-1.49654e-06
-3.55205e-07
  9.5842e-07
 1.62699e-06
  1.2802e-06
 1.80011e-07
-9.70261e-07
-1.47369e-06
-1.08686e-06
-7.45433e-08
 9.07502e-07
  1.3069e-06
 9.31764e-07
 5.71926e-08
-7.89814e-07
-1.14838e-06
 -8.5159e-07
-1.16157e-07
 6.35313e-07
 1.01997e-06
 8.56189e-07
 2.50317e-07
-4.75044e-07
-9.53042e-07
-9.48278e-07
-4.35166e-07
 3.28442e-07
 9.69753e-07
 1.12195e-06
 6.61657e-07
-2.28591e-07
-1.08094e-06
-1.40159e-06
 -9.1737e-07
 2.03973e-07
 1.35285e-06
 1.80642e-06
 1.15956e-06
 -3.5909e-07
-1.85733e-06
-2.30009e-06
-1.22636e-06
  8.2803e-07
  2.5358e-06
 2.64542e-06
 9.25223e-07
-1.54102e-06
-3.07135e-06
-2.56513e-06
-3.34524e-07
 2.13488e-06
 3.19011e-06
 2.17216e-06
-2.11461e-07
-2.39962e-06
 -3.0302e-06
 -1.7612e-06
 5.45151e-07
 2.45587e-06
 2.81959e-06
 1.47595e-06
-7.33678e-07
-2.46083e-06
-2.67915e-06
 -1.2865e-06
 8.75461e-07
 2.50163e-06
 2.60973e-06
 1.14974e-06
-1.03549e-06
-2.60276e-06
-2.60113e-06
-1.00583e-06
 1.23878e-06
 2.75706e-06
 2.61005e-06
 8.31796e-07
-1.49764e-06
-2.95377e-06
-2.59596e-06
-6.03537e-07
 1.81764e-06
 3.15694e-06
 2.53444e-06
 2.96398e-07
-2.18497e-06
-3.33227e-06
-2.39108e-06
 9.01819e-08
 2.55835e-06
 3.45035e-06
  2.1474e-06
-5.33548e-07
-2.91649e-06
-3.46886e-06
-1.82074e-06
 1.00354e-06
 3.21596e-06
 3.39492e-06
 1.42617e-06
-1.46121e-06
-3.44121e-06
-3.24794e-06
-9.97204e-07
 1.89401e-06
 3.59627e-06
  3.0365e-06
 5.52444e-07
-2.29246e-06
-3.70006e-06
-2.77772e-06
-9.35929e-08
 2.66427e-06
 3.74734e-06
 2.46642e-06
-3.84469e-07
-3.00515e-06
 -3.7331e-06
 -2.0906e-06
  8.7725e-07
 3.29484e-06
 3.62889e-06
  1.6514e-06
-1.36899e-06
-3.51278e-06
-3.42001e-06
-1.15798e-06
 1.81707e-06
 3.62526e-06
 3.11494e-06
 6.51202e-07
-2.19394e-06
-3.62325e-06
-2.76107e-06
-1.84066e-07
 2.46638e-06
 3.53653e-06
 2.38613e-06
-2.11733e-07
-2.63323e-06
-3.38167e-06
 -2.0467e-06
 5.18549e-07
 2.71867e-06
 3.21322e-06
 1.74854e-06
-7.58011e-07
-2.75627e-06
-3.06405e-06
-1.50746e-06
 9.46472e-07
 2.79335e-06
 2.95034e-06
 1.31847e-06
 -1.1188e-06
-2.87847e-06
 -2.9057e-06
 -1.1525e-06
 1.34216e-06
 3.04751e-06
  2.9127e-06
 9.44349e-07
-1.68304e-06
-3.33497e-06
 -2.9035e-06
  -5.751e-07
 2.21717e-06
 3.64334e-06
 2.69299e-06
-8.76527e-08
-2.85003e-06
-3.71938e-06
-2.07907e-06
 9.26573e-07
 3.23687e-06
 3.30645e-06
 1.21148e-06
-1.54124e-06
-3.11167e-06
-2.60144e-06
-5.11732e-07
 1.70976e-06
 2.67933e-06
 1.95832e-06
 1.42592e-07
-1.58545e-06
-2.22273e-06
 -1.5174e-06
-1.09879e-08
 1.36327e-06
 1.83896e-06
  1.2438e-06
 4.47947e-09
-1.12431e-06
 -1.5431e-06
 -1.0825e-06
-7.75215e-08
 8.93897e-07
 1.32367e-06
 1.02191e-06
 1.94628e-07
-6.93079e-07
-1.19335e-06
-1.04685e-06
-3.35102e-07
 5.53566e-07
 1.15278e-06
 1.12511e-06
 4.66325e-07
-4.78598e-07
-1.19982e-06
-1.24025e-06
-5.65298e-07
 4.88071e-07
 1.29775e-06
  1.3618e-06
 5.99782e-07
-5.69267e-07
-1.43224e-06
-1.45071e-06
-5.71391e-07
 6.99734e-07
 1.57064e-06
 1.50061e-06
 4.79473e-07
-8.64623e-07
-1.70088e-06
 -1.5007e-06
-3.55831e-07
 1.03611e-06
 1.80565e-06
 1.47141e-06
 2.16116e-07
-1.19693e-06
-1.89175e-06
-1.43759e-06
  -8.392e-08
 1.33749e-06
 1.97492e-06
 1.40673e-06
-3.20303e-08
-1.48139e-06
 -2.0618e-06
-1.40141e-06
  1.3278e-07
 1.63109e-06
 2.18297e-06
 1.41426e-06
-2.46584e-07
-1.82263e-06
-2.34524e-06
-1.43779e-06
 3.96339e-07
 2.07976e-06
  2.5564e-06
 1.44487e-06
-6.38346e-07
-2.44471e-06
-2.80305e-06
-1.37347e-06
 1.02091e-06
 2.92081e-06
 3.02629e-06
  1.1474e-06
-1.61732e-06
-3.48029e-06
-3.12617e-06
-6.51064e-07
 2.40182e-06
 3.97685e-06
 2.92462e-06
-1.40937e-07
-3.19358e-06
-4.15775e-06
-2.37097e-06
 9.87302e-07
 3.66834e-06
 3.93697e-06
 1.66195e-06
-1.61762e-06
-3.78053e-06
-3.49408e-06
-1.03667e-06
 1.99801e-06
 3.67964e-06
 3.03117e-06
 5.25641e-07
-2.22597e-06
-3.51871e-06
-2.60595e-06
-1.15811e-07
 2.38071e-06
 3.33578e-06
 2.22255e-06
-2.43666e-07
-2.49502e-06
 -3.1625e-06
-1.86768e-06
  5.5474e-07
 2.58631e-06
 2.98505e-06
 1.52509e-06
-8.47376e-07
 -2.6623e-06
-2.80111e-06
-1.20093e-06
 1.12548e-06
 2.71624e-06
 2.60196e-06
   8.679e-07
-1.38554e-06
-2.75463e-06
-2.38652e-06
-5.36317e-07
  1.6288e-06
 2.75669e-06
 2.14232e-06
 2.00535e-07
-1.85438e-06
-2.72462e-06
-1.88174e-06
 1.35249e-07
  2.0483e-06
 2.66866e-06
 1.53058e-06
  -5.068e-07
-2.13842e-06
-2.43261e-06
-1.22077e-06
   7.027e-07
 2.15099e-06
 2.23547e-06
 9.54344e-07
-8.79261e-07
-2.11889e-06
-2.03601e-06
-7.12569e-07
 1.00095e-06
 2.05044e-06
 1.81718e-06
 4.89015e-07
-1.08477e-06
 -1.9411e-06
-1.59837e-06
-2.99062e-07
  1.1148e-06
 1.80274e-06
 1.36881e-06
 1.42889e-07
-1.11141e-06
-1.63554e-06
-1.15954e-06
 -2.5486e-08
 1.05807e-06
 1.44971e-06
 9.65063e-07
-5.75023e-08
-9.76033e-07
 -1.2644e-06
-8.00226e-07
 8.67065e-08
 8.54775e-07
 1.08097e-06
 6.77701e-07
-6.02187e-08
-7.13907e-07
-9.25458e-07
-6.28833e-07
-1.90049e-08
 5.50706e-07
 8.04083e-07
 6.29675e-07
 1.45623e-07
-4.00879e-07
-7.32346e-07
-7.05956e-07
-3.15242e-07
 2.50825e-07
 7.14993e-07
 8.39518e-07
 5.20135e-07
-1.24675e-07
-7.72374e-07
-1.06285e-06
-7.71164e-07
 1.88714e-08
 9.18466e-07
 1.38571e-06
 1.05155e-06
 4.55345e-09
-1.21714e-06
-1.84916e-06
-1.33634e-06
 1.43112e-07
  1.7493e-06
 2.38466e-06
 1.44138e-06
-6.36758e-07
-2.50272e-06
-2.78697e-06
 -1.1206e-06
 1.45535e-06
 3.14891e-06
 2.70575e-06
  3.7073e-07
-2.24852e-06
-3.34589e-06
-2.18296e-06
 4.00089e-07
 2.64348e-06
 3.10891e-06
 1.57136e-06
-8.92459e-07
-2.69969e-06
-2.76454e-06
 -1.1504e-06
 1.09508e-06
 2.60369e-06
 2.51121e-06
 9.42796e-07
-1.16442e-06
-2.55457e-06
-2.43898e-06
-8.82753e-07
 1.19934e-06
 2.60457e-06
 2.47652e-06
 8.82891e-07
-1.28035e-06
-2.73743e-06
-2.61642e-06
 -9.4779e-07
  1.3427e-06
 2.91489e-06
 2.83533e-06
 1.09876e-06
-1.35426e-06
-3.13244e-06
-3.21886e-06
-1.49787e-06
 1.15004e-06
 3.33052e-06
 3.91684e-06
 2.53063e-06
-2.50927e-07
-3.31719e-06
-5.50207e-06
-6.09449e-06
-4.92081e-06
-2.31053e-06
 1.16701e-06
 0.000194597
    0.835294
   0.0693043
  0.00815325
  0.00221438
 2.32483e-05
 -0.00186955
 -0.00299477
 -0.00284494
 -0.00145875
 0.000495373
  0.00204597
  0.00241956
  0.00148063
-0.000206568
 -0.00167723
 -0.00212417
 -0.00134815
 0.000155923
  0.00149215
  0.00190249
  0.00119267
-0.000179401
 -0.00138337
 -0.00172739
 -0.00104586
 0.000224139
  0.00131339
  0.00159421
 0.000922771
-0.000270274
 -0.00127515
  -0.0015027
-0.000836003
 0.000324621
  0.00128249
  0.00147179
 0.000765332
-0.000420131
 -0.00136771
 -0.00148154
-0.000657113
 0.000613245
  0.00152564
  0.00146565
 0.000434306
-0.000917857
 -0.00168527
 -0.00132383
-5.95959e-05
  0.00125223
  0.00170958
  0.00100501
 -0.00035772
 -0.00143797
 -0.00152594
 -0.00061935
 0.000631979
  0.00140006
  0.00123902
 0.000329207
-0.000708885
 -0.00124128
-0.000987219
-0.000174475
 0.000675382
  0.00106838
 0.000811865
 0.000106268
-0.000606724
-0.000923078
-0.000690896
-8.38351e-05
 0.000532171
 0.000806847
 0.000609691
 8.29766e-05
 -0.00045945
-0.000716881
 -0.00055872
-9.98417e-05
 0.000393789
 0.000648453
 0.000536606
 0.000130171
-0.000333555
 -0.00060577
-0.000538754
-0.000174522
 0.000285349
 0.000585921
 0.000564146
 0.000224616
-0.000248455
-0.000593363
-0.000607723
 -0.00027373
 0.000230425
 0.000620314
 0.000660102
  0.00031462
-0.000231479
-0.000661365
-0.000715963
-0.000343659
 0.000250867
 0.000716226
 0.000769592
 0.000354922
-0.000288163
-0.000783651
-0.000814296
-0.000349502
  0.00034648
  0.00085483
 0.000852165
 0.000321862
-0.000423931
-0.000930927
-0.000874397
 -0.00027489
 0.000516148
  0.00100759
 0.000886431
  0.00020465
-0.000622781
 -0.00108658
-0.000877002
-0.000113231
 0.000744588
  0.00115161
 0.000846535
 1.20774e-06
-0.000864693
 -0.00120413
-0.000793837
 0.000124495
 0.000978449
  0.00123393
 0.000719017
 -0.00025241
 -0.00107934
 -0.00124262
-0.000631136
 0.000382266
  0.00116982
  0.00123714
 0.000535984
-0.000513007
 -0.00125366
 -0.00122633
-0.000433185
 0.000641317
  0.00133701
  0.00121187
 0.000328387
 -0.00077683
 -0.00142255
 -0.00119289
-0.000215843
 0.000924293
  0.00151326
  0.00117355
 8.38515e-05
  -0.0010907
 -0.00161686
 -0.00113856
 7.87659e-05
  0.00129187
  0.00172779
  0.00107444
-0.000301912
 -0.00153871
 -0.00182992
-0.000933909
 0.000616325
   0.0018227
  0.00185815
 0.000653082
 -0.00102549
 -0.00204913
 -0.00171115
-0.000222081
  0.00141209
  0.00208955
  0.00137174
-0.000226238
 -0.00162554
 -0.00192531
-0.000979693
 0.000546607
  0.00165613
  0.00167525
 0.000649991
-0.000721105
 -0.00158457
 -0.00143134
 -0.00041309
 0.000802939
   0.0014769
  0.00122454
 0.000248467
-0.000830735
 -0.00136778
  -0.0010607
-0.000132952
 0.000837664
  0.00127373
 0.000930261
 4.14701e-05
-0.000841927
 -0.00119476
 -0.00082219
 3.56541e-05
 0.000851092
  0.00113338
 0.000720973
-0.000114319
-0.000865322
 -0.00107212
-0.000622045
  0.00019803
 0.000881299
   0.0010087
 0.000514694
 -0.00028608
-0.000892903
-0.000932783
-0.000399234
 0.000367083
 0.000888341
 0.000841249
 0.000282171
-0.000434052
-0.000856449
 -0.00073883
-0.000175339
 0.000473211
 0.000803294
 0.000632083
  8.8904e-05
-0.000478998
-0.000727543
-0.000536569
-3.67713e-05
 0.000448075
 0.000645267
 0.000460055
 2.82693e-05
-0.000389906
-0.000566938
-0.000420405
-5.73139e-05
 0.000313695
 0.000503608
 0.000422745
 0.000123619
  -0.0002345
-0.000470493
 -0.00046814
-0.000214809
 0.000162192
 0.000478816
 0.000553955
 0.000326705
 -0.00011282
-0.000533636
-0.000691936
-0.000452877
 0.000100743
 0.000667957
 0.000891892
 0.000572526
-0.000177246
-0.000916941
 -0.00113554
-0.000605426
 0.000408851
    0.001252
  0.00130612
 0.000456835
-0.000760773
 -0.00151631
 -0.00126638
-0.000165113
  0.00105406
  0.00157505
  0.00107247
-0.000104354
 -0.00118467
   -0.001496
-0.000869474
 0.000269196
  0.00121254
  0.00139211
 0.000728746
-0.000362174
 -0.00121489
 -0.00132267
-0.000635108
  0.00043228
  0.00123514
  0.00128851
 0.000567694
 -0.00051118
 -0.00128496
 -0.00128415
-0.000496532
 0.000611655
  0.00136125
  0.00128867
 0.000410725
-0.000739343
 -0.00145825
  -0.0012816
-0.000297912
 0.000897445
  0.00155868
  0.00125135
 0.000146397
 -0.00107867
 -0.00164513
 -0.00118043
  4.4588e-05
  0.00126315
  0.00170353
  0.00106026
-0.000263353
 -0.00143984
 -0.00171256
-0.000898851
 0.000495533
  0.00158782
  0.00167619
 0.000704191
-0.000721345
  -0.0016989
 -0.00160347
-0.000492257
 0.000935172
  0.00177559
  0.00149922
 0.000272823
 -0.00113173
 -0.00182667
 -0.00137131
-4.61287e-05
  0.00131546
  0.00185018
  0.00121778
-0.000189625
 -0.00148359
 -0.00184299
 -0.00103206
 0.000433195
  0.00162679
  0.00179171
   0.0008154
-0.000675803
 -0.00173422
  -0.0016884
-0.000571613
 0.000897193
  0.00178993
  0.00153796
 0.000321602
 -0.00108308
 -0.00178875
 -0.00136309
-9.07805e-05
  0.00121777
  0.00174612
  0.00117816
-0.000104434
 -0.00129995
 -0.00166945
 -0.00101038
 0.000256121
  0.00134233
  0.00158652
 0.000863397
-0.000374126
  -0.0013607
 -0.00151266
-0.000744141
   0.0004674
  0.00137922
  0.00145674
 0.000651056
 -0.00055224
 -0.00142102
 -0.00143444
-0.000568891
 0.000662751
  0.00150471
  0.00143814
 0.000466364
-0.000830813
 -0.00164639
 -0.00143337
-0.000283807
  0.00109476
  0.00179888
  0.00132969
-4.31418e-05
 -0.00140696
 -0.00183616
 -0.00102632
 0.000457604
  0.00159822
  0.00163258
 0.000598269
-0.000760781
 -0.00153614
  -0.0012842
-0.000252496
 0.000844278
  0.00132297
 0.000966992
 7.05535e-05
-0.000782599
 -0.00109725
-0.000749009
-5.26583e-06
 0.000673215
 0.000908074
 0.000614232
 2.37673e-06
-0.000554924
-0.000761679
-0.000534274
-3.81018e-05
 0.000441696
 0.000653694
 0.000504701
 9.62687e-05
-0.000342002
-0.000588989
-0.000516659
-0.000165261
 0.000273483
 0.000569331
 0.000555661
 0.000230424
-0.000236097
-0.000592165
-0.000612116
  -0.0002789
 0.000241165
  0.00064122
 0.000672552
 0.000296324
-0.000280852
-0.000706899
-0.000716021
-0.000281893
 0.000345683
 0.000775657
 0.000741072
 0.000236942
-0.000426654
-0.000839525
 -0.00074068
-0.000175451
 0.000511776
 0.000891708
 0.000726731
 0.000106935
-0.000590691
-0.000933748
-0.000709522
 -4.1187e-05
 0.000660593
 0.000975301
 0.000694757
-1.55595e-05
-0.000731129
 -0.00101769
-0.000691629
 6.58185e-05
 0.000805536
    0.001078
 0.000698511
-0.000121467
-0.000899599
  -0.0011576
-0.000710247
  0.00019596
  0.00102709
  0.00126243
 0.000713639
-0.000314864
 -0.00120672
 -0.00138361
-0.000677798
 0.000504357
  0.00144234
  0.00149441
 0.000566798
-0.000798186
 -0.00171793
 -0.00154307
-0.000321109
  0.00118614
  0.00196381
  0.00144426
-6.92438e-05
 -0.00157635
 -0.00205238
 -0.00117025
 0.000487778
  0.00181148
  0.00194405
 0.000820853
-0.000798293
 -0.00186615
 -0.00172473
-0.000511456
 0.000986842
  0.00181712
  0.00149686
 0.000259898
  -0.0010986
 -0.00173687
 -0.00128624
-5.67761e-05
  0.00117577
  0.00164731
  0.00109772
-0.000119143
 -0.00123141
 -0.00156095
-0.000921661
 0.000274304
  0.00127737
  0.00147419
 0.000753363
-0.000417908
 -0.00131399
 -0.00138252
 -0.00059247
 0.000556133
  0.00134148
  0.00128513
 0.000428956
-0.000683572
  -0.0013595
 -0.00117774
-0.000264304
 0.000804637
  0.00136151
  0.00105819
 9.95154e-05
-0.000915037
 -0.00134459
-0.000928473
 6.73057e-05
  0.00101179
  0.00131841
 0.000756225
-0.000249659
 -0.00105524
 -0.00120051
-0.000602161
 0.000347491
  0.00106254
  0.00110424
 0.000471782
-0.000433494
 -0.00104547
 -0.00100462
-0.000351214
 0.000494808
  0.00101291
 0.000897771
  0.00024205
-0.000534928
-0.000957707
-0.000788448
-0.000146996
 0.000551026
 0.000890711
 0.000676478
 7.12201e-05
-0.000548027
-0.000806755
-0.000571781
-1.18821e-05
  0.00052311
  0.00071648
 0.000477171
-2.76617e-05
-0.000481111
-0.000623479
-0.000394359
 4.35584e-05
 0.000422795
  0.00053442
 0.000335383
-2.89471e-05
-0.000351698
-0.000456088
-0.000309681
-8.57285e-06
 0.000272726
 0.000397784
 0.000311727
 7.27422e-05
-0.000197073
-0.000360723
-0.000347658
 -0.00015476
 0.000124717
  0.00035389
 0.000415405
 0.000257708
-6.06459e-05
-0.000380411
-0.000523822
-0.000379765
 1.02616e-05
 0.000454392
 0.000685041
 0.000520099
  3.2291e-06
-0.000599946
-0.000912048
-0.000658792
 7.16754e-05
 0.000864649
  0.00117831
 0.000712675
-0.000313296
 -0.00123447
 -0.00137491
 -0.00055215
 0.000719602
   0.0015559
  0.00133704
 0.000184176
 -0.00110897
 -0.00165069
 -0.00107661
  0.00019867
  0.00130645
  0.00153599
 0.000777049
-0.000439428
 -0.00133178
 -0.00136364
-0.000566699
 0.000541893
  0.00128688
  0.00124117
 0.000466798
-0.000573552
 -0.00126007
 -0.00120299
-0.000434469
 0.000593533
  0.00128736
  0.00122422
 0.000437267
-0.000630669
 -0.00134998
 -0.00129035
-0.000466452
 0.000664443
   0.0014404
  0.00140131
 0.000543906
-0.000667031
 -0.00154491
  -0.0015878
-0.000737971
 0.000569327
  0.00164596
  0.00193513
  0.00125114
-0.000122282
 -0.00163583
 -0.00271475
 -0.00300689
 -0.00242743
 -0.00113895
 0.000577878
   0.0960671
           0
