 -2.3664e-07
  -1.912e-08
-4.05624e-08
-4.81199e-09
 3.74271e-09
 1.48875e-09
 1.34696e-09
 4.31124e-10
 4.66727e-10
 3.04427e-09
 -3.4866e-09
-6.32609e-10
-5.03765e-09
 6.89544e-11
 4.59191e-10
-8.45333e-10
 2.75548e-10
-1.66058e-10
 -9.5333e-10
-3.76163e-10
 6.98036e-11
-1.45144e-11
-5.47111e-11
 3.57611e-10
 1.54023e-11
-2.32926e-10
-3.44126e-10
-2.14823e-10
 4.22083e-12
 2.09292e-10
 2.55565e-10
 1.43687e-10
 2.23583e-12
-2.16683e-10
-2.66816e-10
-8.64934e-11
 8.48438e-11
 1.60427e-10
 1.99677e-10
  1.1154e-09
-1.16789e-11
-1.61166e-10
 -1.9052e-10
-7.91672e-11
 1.81346e-11
 1.18922e-10
  1.5479e-10
 1.11332e-10
-4.67558e-13
  -1.151e-10
-1.55963e-10
-1.35432e-10
-3.56584e-11
 7.91014e-11
 1.70786e-10
  1.2577e-10
 6.82083e-11
-6.01783e-11
-1.83164e-10
-2.06159e-10
 -9.6588e-11
 5.10959e-11
 2.00707e-10
  2.2612e-10
 1.20683e-10
-4.38061e-11
-2.30822e-10
-3.39989e-10
-1.15608e-10
 5.21167e-11
 3.17263e-10
 4.05865e-10
 2.05189e-10
-1.63533e-10
-4.56931e-10
-4.65085e-10
-1.48705e-10
 5.41484e-10
 5.52553e-10
  4.3276e-10
 5.75864e-12
-4.35978e-10
 -5.8696e-10
-3.48184e-10
  1.2445e-10
 4.76235e-10
 5.31124e-10
 2.29496e-10
 -2.0662e-10
-6.04115e-10
-4.75691e-10
-1.70287e-10
  2.3269e-10
 4.80231e-10
 4.16202e-10
   1.254e-10
-2.59757e-10
-4.73803e-10
-4.19659e-10
-1.15185e-10
 2.42714e-10
 4.80572e-10
 4.08319e-10
 1.03718e-10
-2.82496e-10
-5.04681e-10
-4.38679e-10
-1.25269e-10
  2.8507e-10
 5.22934e-10
 4.52407e-10
 1.32903e-10
-2.99522e-10
-5.69838e-10
-5.43488e-10
-2.06151e-10
 2.62292e-10
 5.88846e-10
 6.46218e-10
 3.59448e-10
-1.15916e-10
-6.14243e-10
-9.27966e-10
-9.93979e-10
-7.63676e-10
-3.47766e-10
 1.81916e-10
 3.47929e-08
  0.00199116
 1.43186e-05
 6.03485e-07
 3.28195e-07
 1.06509e-08
-3.25647e-07
 -5.2529e-07
-5.02483e-07
-2.49441e-07
  1.0149e-07
 3.79136e-07
 4.34313e-07
 2.58413e-07
 -5.6419e-08
 -3.1963e-07
-3.86023e-07
-2.33127e-07
 4.96902e-08
 2.86745e-07
 3.47496e-07
 2.05875e-07
-5.50975e-08
-2.67604e-07
-3.16275e-07
-1.78703e-07
  6.2493e-08
  2.5422e-07
 2.96009e-07
 1.51886e-07
-6.98921e-08
-2.49324e-07
-2.73883e-07
-1.39445e-07
 8.32974e-08
 2.47078e-07
 2.69899e-07
  1.2276e-07
-9.99808e-08
-2.63293e-07
-2.68457e-07
 -9.9897e-08
 1.35449e-07
 2.90075e-07
 2.58934e-07
 5.95532e-08
-1.88953e-07
-3.18025e-07
-2.29519e-07
 1.23175e-08
  2.4795e-07
 3.15405e-07
 1.68265e-07
-8.71477e-08
 -2.7729e-07
-2.76863e-07
-9.95809e-08
 1.35425e-07
 2.67796e-07
 2.21671e-07
 4.59195e-08
-1.42898e-07
-2.39437e-07
-1.74374e-07
-1.94095e-08
 1.34379e-07
 2.04407e-07
 1.47728e-07
 7.49684e-09
-1.23307e-07
-1.77344e-07
 -1.2422e-07
-7.17691e-09
 1.11019e-07
 1.56299e-07
 1.09915e-07
  5.9245e-09
-9.53596e-08
-1.41976e-07
 -1.0066e-07
-9.09617e-09
 8.51247e-08
 1.27178e-07
 9.94498e-08
 1.15652e-08
-7.31213e-08
-1.20577e-07
-9.82009e-08
-2.07842e-08
 6.82392e-08
 1.14058e-07
 1.01435e-07
 2.96643e-08
-5.90671e-08
-1.18535e-07
  -1.083e-07
-3.73826e-08
 5.69886e-08
 1.23957e-07
 1.15633e-07
  4.3011e-08
-5.91303e-08
-1.27372e-07
-1.25723e-07
-4.77622e-08
 6.29909e-08
 1.36009e-07
 1.35815e-07
 4.61952e-08
-6.65606e-08
-1.51673e-07
-1.38551e-07
-4.63908e-08
  7.7425e-08
 1.61927e-07
 1.47579e-07
 3.97567e-08
-9.42401e-08
 -1.7491e-07
-1.46463e-07
 -3.1868e-08
 1.10645e-07
 1.84812e-07
 1.50738e-07
 1.62639e-08
-1.26725e-07
-2.02493e-07
-1.44462e-07
-9.53635e-10
  1.5341e-07
 2.06786e-07
 1.38165e-07
-1.96215e-08
-1.71109e-07
-2.17181e-07
-1.28999e-07
 4.56957e-08
  1.9022e-07
 2.20788e-07
 1.11376e-07
-6.74765e-08
-2.06784e-07
-2.19892e-07
-9.48856e-08
 9.07129e-08
 2.22028e-07
 2.15098e-07
 7.92435e-08
 -1.1658e-07
-2.34512e-07
-2.12702e-07
 -5.5373e-08
 1.35269e-07
 2.48895e-07
 2.08174e-07
  3.5592e-08
-1.60391e-07
-2.63076e-07
-1.99468e-07
-1.68269e-08
 1.88033e-07
 2.74008e-07
  1.9795e-07
-1.12063e-08
-2.15996e-07
-2.92691e-07
-1.86311e-07
 4.16267e-08
  2.5089e-07
 3.08074e-07
 1.72558e-07
-8.51216e-08
-2.90942e-07
-3.22317e-07
-1.43162e-07
 1.37689e-07
 3.41694e-07
 3.21586e-07
 9.00662e-08
-2.11283e-07
 -3.7431e-07
-2.92184e-07
-1.22315e-08
 2.75896e-07
 3.79011e-07
 2.26715e-07
-6.76345e-08
-3.08486e-07
-3.45069e-07
-1.58096e-07
 1.22848e-07
 3.12546e-07
 2.97867e-07
 9.52412e-08
-1.47275e-07
 -2.9874e-07
-2.53662e-07
-5.52448e-08
 1.62399e-07
 2.78618e-07
 2.14405e-07
 2.63513e-08
-1.66197e-07
-2.57909e-07
-1.85255e-07
-6.94184e-09
 1.68222e-07
 2.41199e-07
 1.61552e-07
-1.26274e-08
-1.69898e-07
-2.21599e-07
-1.42175e-07
 2.32592e-08
 1.72182e-07
 2.13762e-07
 1.18258e-07
-3.75473e-08
 -1.7451e-07
-1.97831e-07
-1.02483e-07
 5.28892e-08
 1.75767e-07
 1.85708e-07
 8.34544e-08
-7.02525e-08
-1.78219e-07
-1.69019e-07
-6.12008e-08
 8.28461e-08
 1.77942e-07
 1.49353e-07
 3.91572e-08
-9.67129e-08
-1.65225e-07
-1.31898e-07
-2.12919e-08
 1.02778e-07
 1.55626e-07
 1.12378e-07
 3.02133e-09
 -1.0349e-07
-1.37269e-07
-9.82014e-08
 8.83253e-09
 9.42464e-08
 1.24825e-07
 7.96964e-08
-6.60274e-09
 -8.3467e-08
-1.13417e-07
 -7.2585e-08
 4.03222e-09
 6.94977e-08
 9.94147e-08
 7.42075e-08
  8.4749e-09
-5.85074e-08
-9.22002e-08
-8.38981e-08
-2.25163e-08
 4.49652e-08
 9.74835e-08
  9.4751e-08
 4.31462e-08
-4.12977e-08
-1.04212e-07
-1.18479e-07
-6.48979e-08
   4.038e-08
 1.29676e-07
 1.49995e-07
 8.45812e-08
 -5.4399e-08
-1.75873e-07
 -1.9177e-07
-8.39297e-08
 9.57313e-08
 2.30999e-07
 2.20595e-07
   5.345e-08
-1.58849e-07
 -2.7454e-07
-2.06005e-07
-3.69468e-09
 2.08026e-07
 2.79072e-07
 1.71918e-07
-4.39813e-08
-2.26359e-07
-2.66147e-07
-1.33794e-07
 7.11704e-08
 2.31071e-07
 2.41356e-07
 1.11961e-07
-8.77965e-08
-2.29889e-07
-2.28801e-07
-9.44084e-08
 9.95667e-08
 2.32068e-07
 2.18249e-07
 8.61641e-08
  -1.155e-07
-2.39413e-07
-2.20612e-07
 -6.7448e-08
 1.32772e-07
 2.48994e-07
 2.22134e-07
 4.72659e-08
 -1.5308e-07
-2.67788e-07
-2.15085e-07
-2.80611e-08
 1.80806e-07
 2.83576e-07
 2.07167e-07
 8.91746e-12
-2.15534e-07
-2.94643e-07
-1.91727e-07
 3.62623e-08
 2.41964e-07
 3.06372e-07
 1.64697e-07
-7.42223e-08
-2.74468e-07
-3.00638e-07
-1.37731e-07
  1.1555e-07
 2.99934e-07
 2.88767e-07
 1.01042e-07
-1.53879e-07
-3.16569e-07
-2.76627e-07
-6.11066e-08
  1.9379e-07
  3.2378e-07
 2.54314e-07
 2.15971e-08
-2.26328e-07
-3.30847e-07
-2.29211e-07
 1.86317e-08
 2.57006e-07
 3.31276e-07
 1.99038e-07
-7.62342e-08
-2.84226e-07
-3.29647e-07
-1.61134e-07
 1.03815e-07
 3.03853e-07
 3.17357e-07
 1.22148e-07
-1.46863e-07
-3.22558e-07
-2.93664e-07
-7.76686e-08
 1.81575e-07
 3.32067e-07
 2.61422e-07
 3.36934e-08
-2.14648e-07
-3.25908e-07
-2.32587e-07
 6.16103e-09
 2.38721e-07
 3.19385e-07
  1.9341e-07
-4.24324e-08
-2.52525e-07
-2.98073e-07
-1.67133e-07
 6.78741e-08
 2.59152e-07
 2.82836e-07
 1.38686e-07
-9.26682e-08
-2.56926e-07
-2.72292e-07
-1.16388e-07
  1.1164e-07
 2.56678e-07
 2.57136e-07
 9.97467e-08
 -1.2374e-07
-2.65318e-07
-2.53714e-07
-8.35458e-08
 1.45455e-07
 2.76684e-07
 2.50695e-07
 6.12564e-08
-1.70894e-07
-3.04803e-07
 -2.4464e-07
-2.69705e-08
  2.1609e-07
 3.24489e-07
 2.23896e-07
-3.30525e-08
-2.66274e-07
-3.29134e-07
-1.67263e-07
 1.00631e-07
 3.00504e-07
 2.86705e-07
 9.10392e-08
-1.54336e-07
-2.81861e-07
-2.27556e-07
-3.31422e-08
 1.68676e-07
 2.40888e-07
 1.69947e-07
 2.23636e-09
-1.54398e-07
-2.04097e-07
-1.32112e-07
 7.87459e-09
 1.33063e-07
 1.69825e-07
 1.11292e-07
-1.05075e-08
-1.12577e-07
-1.48231e-07
-9.49282e-08
 2.83876e-09
 8.77319e-08
 1.28087e-07
 8.98728e-08
 3.95904e-09
-7.36198e-08
-1.17763e-07
-9.54905e-08
-1.61477e-08
 6.54743e-08
 1.13377e-07
 9.66453e-08
 2.69094e-08
-5.63874e-08
-1.21777e-07
-1.04073e-07
-3.85857e-08
   6.067e-08
 1.14892e-07
 1.16934e-07
   3.796e-08
-7.18101e-08
 -1.3521e-07
-1.22735e-07
-3.55014e-08
 8.13627e-08
 1.43378e-07
 1.29601e-07
 2.27748e-08
-9.60259e-08
-1.55913e-07
-1.25994e-07
 -1.3538e-08
 1.10501e-07
 1.62992e-07
 1.26797e-07
-4.45087e-10
-1.23716e-07
-1.69265e-07
-1.17625e-07
 1.36822e-08
  1.3035e-07
 1.79003e-07
 1.10673e-07
-2.49857e-08
-1.46379e-07
-1.82409e-07
 -1.1032e-07
 3.17658e-08
 1.57952e-07
 1.93756e-07
 1.07551e-07
  -4.514e-08
-1.76344e-07
-2.06443e-07
-1.22625e-07
 5.75223e-08
 1.95174e-07
 2.22615e-07
 1.03934e-07
-8.09709e-08
-2.28925e-07
-2.42439e-07
-9.26218e-08
 1.10874e-07
 2.69129e-07
  2.5448e-07
 7.38286e-08
-1.69922e-07
-3.15088e-07
-2.58374e-07
-2.91991e-08
 2.35416e-07
 3.52892e-07
 2.32366e-07
-4.40905e-08
-3.03429e-07
-3.62374e-07
-1.87779e-07
 1.16984e-07
 3.36939e-07
 3.41582e-07
 1.21162e-07
 -1.7067e-07
-3.46754e-07
-2.96956e-07
-7.20886e-08
 2.01951e-07
 3.31501e-07
 2.57026e-07
 2.29105e-08
-2.19641e-07
-3.18315e-07
 -2.1942e-07
 1.11204e-08
 2.32237e-07
 2.95502e-07
 1.85309e-07
-3.65512e-08
-2.39316e-07
-2.82518e-07
-1.52466e-07
 7.06532e-08
 2.44205e-07
 2.66138e-07
  1.1614e-07
  -9.648e-08
-2.50551e-07
-2.48738e-07
-9.21831e-08
 1.22517e-07
 2.51821e-07
 2.26947e-07
 5.85412e-08
-1.43194e-07
-2.58022e-07
-2.06354e-07
-3.06786e-08
 1.62052e-07
 2.54797e-07
 1.80248e-07
 5.06372e-10
-1.85449e-07
-2.50283e-07
-1.60336e-07
 3.18947e-08
 1.98336e-07
 2.38356e-07
 1.26533e-07
-6.53164e-08
-2.04702e-07
-2.23019e-07
-9.64472e-08
 7.85185e-08
 2.06231e-07
 1.96744e-07
 7.24617e-08
 -9.8181e-08
-1.99886e-07
-1.83322e-07
-5.26325e-08
 1.04883e-07
  1.9373e-07
 1.59481e-07
 2.77617e-08
-1.14928e-07
-1.81998e-07
-1.43063e-07
-1.24707e-08
 1.11524e-07
 1.70492e-07
 1.15417e-07
-6.22592e-10
-1.15966e-07
-1.54138e-07
-1.00129e-07
 7.96284e-09
 1.06372e-07
 1.34794e-07
 8.26806e-08
-1.89774e-08
-1.02341e-07
-1.22385e-07
-6.87765e-08
 1.90453e-08
 8.79234e-08
 1.03185e-07
  5.1774e-08
 -1.5863e-08
-7.89456e-08
-9.07311e-08
-5.59506e-08
 1.02281e-08
 5.98982e-08
 7.85788e-08
 5.12527e-08
-7.53504e-10
-5.39641e-08
-7.21994e-08
-6.27179e-08
-1.56737e-08
 3.76806e-08
  6.8365e-08
 6.81666e-08
 3.06862e-08
-3.06639e-08
-7.77684e-08
-9.04173e-08
-5.32641e-08
  1.6185e-08
 8.90195e-08
 1.15114e-07
 6.80074e-08
-1.95078e-08
-1.13022e-07
-1.61632e-07
-9.50116e-08
 3.13557e-08
   1.569e-07
 1.96407e-07
 1.01343e-07
-8.05754e-08
-2.25974e-07
-2.29612e-07
-7.22932e-08
 1.44936e-07
  2.7284e-07
  2.1406e-07
  3.0359e-09
-2.14923e-07
-2.92531e-07
-1.70114e-07
  6.0343e-08
  2.3902e-07
 2.62091e-07
 1.13729e-07
-1.01754e-07
-2.50802e-07
  -2.348e-07
-8.32089e-08
 1.15258e-07
 2.36372e-07
 2.05506e-07
 6.16058e-08
-1.27691e-07
-2.33786e-07
 -2.0691e-07
-5.67742e-08
 1.21797e-07
 2.37272e-07
 2.01591e-07
 5.12316e-08
-1.39476e-07
 -2.4914e-07
  -2.166e-07
-6.18408e-08
 1.40752e-07
 2.58185e-07
 2.28193e-07
 6.56361e-08
-1.47861e-07
-2.81326e-07
-2.68308e-07
 -1.0178e-07
 1.29506e-07
 2.90716e-07
 3.19055e-07
 1.77471e-07
-5.72064e-08
 -3.0325e-07
-4.58136e-07
-4.90726e-07
-3.81323e-07
-1.71677e-07
 8.98203e-08
 1.71776e-05
    0.983062
   0.0070693
  0.00029795
 0.000162038
 5.26229e-06
-0.000160771
-0.000259337
-0.000248078
-0.000123148
 5.01105e-05
 0.000187187
  0.00021443
 0.000127585
-2.78506e-05
-0.000157801
 -0.00019058
-0.000115093
  2.4537e-05
 0.000141589
 0.000171568
 0.000101648
-2.71978e-05
-0.000132114
-0.000156144
-8.82233e-05
 3.08583e-05
 0.000125516
 0.000146147
 7.49932e-05
-3.45017e-05
-0.000123089
-0.000135215
-6.88401e-05
 4.11296e-05
  0.00012199
 0.000133257
 6.06135e-05
-4.93563e-05
-0.000129986
-0.000132534
-4.93149e-05
 6.68778e-05
 0.000143219
 0.000127843
 2.94075e-05
-9.32829e-05
-0.000157008
-0.000113311
 6.08693e-06
 0.000122421
 0.000155725
 8.30799e-05
-4.30198e-05
-0.000136895
-0.000136685
-4.91582e-05
 6.68665e-05
 0.000132221
 0.000109443
 2.26772e-05
-7.05445e-05
-0.000118206
-8.60838e-05
-9.57621e-06
 6.63507e-05
 0.000100925
 7.29411e-05
 3.70804e-06
-6.08711e-05
-8.75493e-05
-6.13219e-05
-3.53748e-06
 5.48185e-05
 7.71731e-05
 5.42731e-05
 2.93223e-06
-4.70732e-05
-7.00879e-05
-4.96893e-05
-4.48341e-06
 4.20347e-05
 6.27974e-05
 4.91068e-05
 5.71766e-06
 -3.6093e-05
-5.95351e-05
 -4.8475e-05
-1.02533e-05
 3.36984e-05
 5.63201e-05
 5.00881e-05
  1.4654e-05
-2.91535e-05
-5.85135e-05
-5.34599e-05
-1.84477e-05
  2.8149e-05
 6.12076e-05
 5.70979e-05
 2.12441e-05
-2.91843e-05
-6.28764e-05
-6.20615e-05
-2.35715e-05
  3.1109e-05
 6.71584e-05
 6.70633e-05
 2.28166e-05
-3.28518e-05
 -7.4873e-05
-6.83938e-05
-2.28938e-05
 3.82357e-05
 7.99547e-05
 7.28723e-05
 1.96388e-05
-4.65165e-05
-8.63454e-05
-7.22986e-05
-1.57229e-05
 5.46383e-05
 9.12536e-05
 7.44332e-05
 8.04089e-06
-6.25533e-05
-9.99609e-05
-7.13103e-05
-4.59231e-07
  7.5753e-05
 0.000102105
 6.82094e-05
-9.67525e-06
-8.44672e-05
-0.000107211
-6.36765e-05
 2.25732e-05
 9.39265e-05
 0.000109019
 5.49997e-05
-3.33009e-05
-0.000102078
-0.000108548
-4.68323e-05
 4.47994e-05
  0.00010963
 0.000106208
 3.91368e-05
-5.75432e-05
-0.000115766
-0.000104998
-2.73237e-05
  6.6798e-05
 0.000122898
 0.000102791
 1.75871e-05
-7.91715e-05
-0.000129866
-9.84658e-05
 -8.2923e-06
  9.2854e-05
 0.000135294
 9.77475e-05
-5.51676e-06
-0.000106622
 -0.00014449
-9.19664e-05
 2.05681e-05
 0.000123885
 0.000152119
 8.52773e-05
-4.20083e-05
-0.000143627
-0.000159113
-7.06627e-05
 6.79954e-05
 0.000168719
 0.000158786
  4.4484e-05
-0.000104296
-0.000184779
-0.000144233
-6.03569e-06
  0.00013623
 0.000187137
 0.000111952
-3.33728e-05
-0.000152283
-0.000170346
-7.80333e-05
 6.06731e-05
 0.000154329
 0.000147077
 4.70435e-05
-7.26893e-05
-0.000147475
-0.000125213
 -2.7254e-05
 8.01977e-05
 0.000137579
 0.000105876
 1.30325e-05
-8.20309e-05
-0.000127309
-9.14412e-05
-3.40402e-06
  8.3077e-05
 0.000119088
 7.97845e-05
 -6.2102e-06
-8.38576e-05
 -0.00010938
-7.01663e-05
  1.1508e-05
 8.50319e-05
 0.000105564
 5.84104e-05
-1.85113e-05
-8.61302e-05
-9.76417e-05
-5.05718e-05
 2.61388e-05
 8.68034e-05
 9.17103e-05
 4.12314e-05
-3.46555e-05
 -8.7959e-05
-8.34184e-05
-3.01878e-05
 4.09305e-05
 8.78836e-05
 7.37636e-05
 1.93614e-05
-4.77192e-05
-8.15428e-05
-6.50869e-05
-1.04816e-05
 5.07738e-05
 7.68642e-05
 5.55164e-05
  1.5236e-06
-5.10612e-05
-6.77409e-05
-4.84375e-05
 4.39396e-06
 4.65631e-05
  6.1662e-05
 3.93824e-05
-3.22541e-06
-4.11726e-05
-5.59582e-05
-3.58021e-05
 2.02634e-06
 3.43982e-05
 4.91189e-05
  3.6675e-05
 4.22083e-06
-2.88499e-05
-4.54839e-05
 -4.1383e-05
-1.10797e-05
 2.22373e-05
 4.81655e-05
 4.68208e-05
 2.13414e-05
  -2.035e-05
-5.14078e-05
  -5.851e-05
-3.20001e-05
 1.99765e-05
 6.40621e-05
 7.40931e-05
 4.18025e-05
-2.68132e-05
-8.67838e-05
-9.46404e-05
-4.13926e-05
 4.73089e-05
 0.000114092
  0.00010895
 2.64341e-05
-7.83769e-05
-0.000135557
-0.000101654
-1.77672e-06
 0.000102753
 0.000137832
 8.49267e-05
-2.16661e-05
  -0.0001117
-0.000131354
-6.60013e-05
  3.5191e-05
 0.000114145
 0.000119215
  5.5328e-05
-4.32943e-05
-0.000113447
  -0.0001129
-4.65519e-05
 4.92135e-05
 0.000114636
 0.000107809
 4.25989e-05
-5.69681e-05
-0.000118135
-0.000108881
-3.32407e-05
 6.56083e-05
 0.000122997
 0.000109736
 2.33957e-05
-7.55146e-05
-0.000132156
-0.000106134
 -1.3791e-05
 8.93283e-05
 0.000140079
 0.000102352
 6.95985e-08
-0.000106342
-0.000145407
-9.45566e-05
 1.79718e-05
 0.000119532
 0.000151339
 8.13831e-05
-3.65754e-05
-0.000135431
 -0.00014835
-6.79294e-05
 5.71211e-05
 0.000148162
 0.000142641
 4.99613e-05
  -7.588e-05
-0.000156205
-0.000136495
-3.00896e-05
 9.57509e-05
 0.000159945
 0.000125645
 1.07421e-05
-0.000111654
-0.000163275
-0.000113078
 9.28126e-06
 0.000126968
 0.000163657
 9.83623e-05
-2.99509e-05
 -0.00014025
-0.000162677
-7.94601e-05
 5.13495e-05
 0.000150124
 0.000156769
  6.0392e-05
-7.24097e-05
 -0.00015916
-0.000144882
-3.82494e-05
 8.97472e-05
  0.00016404
 0.000129164
 1.67349e-05
-0.000105873
-0.000160799
-0.000114734
 3.10772e-06
 0.000117949
 0.000157777
 9.55994e-05
-2.08429e-05
-0.000124567
-0.000147068
 -8.2405e-05
 3.36187e-05
 0.000128058
 0.000139771
  6.8848e-05
-4.56399e-05
 -0.00012675
-0.000134318
-5.73414e-05
  5.5234e-05
 0.000126852
 0.000127063
 4.93594e-05
-6.09635e-05
 -0.00013087
-0.000125123
-4.11146e-05
 7.19301e-05
 0.000136727
 0.000123921
 3.03768e-05
-8.42241e-05
-0.000150331
-0.000120652
-1.31794e-05
 0.000106816
 0.000160342
 0.000110696
-1.61964e-05
-0.000131316
-0.000162352
-8.24434e-05
 4.98239e-05
 0.000148536
 0.000141719
 4.50881e-05
-7.60416e-05
-0.000138981
-0.000112199
-1.62079e-05
 8.34411e-05
 0.000119064
 8.40669e-05
 1.26501e-06
-7.60559e-05
-0.000100593
 -6.5036e-05
 4.05391e-06
 6.58702e-05
 8.40181e-05
 5.51206e-05
-5.01518e-06
-5.53986e-05
-7.30163e-05
-4.66896e-05
 1.58089e-06
 4.59981e-05
 6.34289e-05
 4.45487e-05
 2.14094e-06
-3.61596e-05
-5.79498e-05
-4.69542e-05
 -7.7805e-06
 3.25145e-05
 5.61623e-05
 4.79118e-05
 1.34842e-05
-2.76351e-05
-5.99203e-05
-5.11866e-05
-1.88413e-05
 3.01707e-05
 6.22558e-05
 5.79504e-05
  1.8959e-05
-3.52458e-05
-6.65287e-05
-6.03856e-05
 -1.7304e-05
 4.03877e-05
 7.09983e-05
 6.41886e-05
 1.14743e-05
-4.71806e-05
-7.67217e-05
-6.19743e-05
-6.44378e-06
 5.47879e-05
 8.06985e-05
 5.92699e-05
 2.87081e-08
-6.08426e-05
-8.33033e-05
-5.78319e-05
 7.01296e-06
 6.46108e-05
 8.86282e-05
 5.49015e-05
-1.20669e-05
-7.20183e-05
-8.97705e-05
-5.42033e-05
 1.59591e-05
 7.82431e-05
 9.59071e-05
 5.34032e-05
-2.19915e-05
-8.67552e-05
-0.000101632
-5.22674e-05
 2.86948e-05
 9.66984e-05
 0.000110228
 5.16191e-05
-3.96644e-05
-0.000112703
-0.000119382
-4.54193e-05
 5.51061e-05
 0.000133183
 0.000126008
 3.67779e-05
-8.35346e-05
-0.000155286
-0.000127256
-1.40781e-05
 0.000116601
  0.00017464
 0.000116857
-2.14133e-05
-0.000149498
-0.000178518
-9.23806e-05
 5.81254e-05
 0.000166686
 0.000168951
 6.01665e-05
-8.38394e-05
-0.000170695
-0.000146181
-3.51986e-05
 0.000100126
    0.000164
 0.000127311
 1.17114e-05
-0.000108051
-0.000156734
-0.000107879
 5.90692e-06
 0.000115141
 0.000146394
 9.18684e-05
-2.26837e-05
-0.000117691
-0.000139056
-7.48665e-05
 3.53272e-05
  0.00012107
 0.000131835
 5.78381e-05
-4.71751e-05
-0.000123417
-0.000122285
 -4.5008e-05
 6.09363e-05
 0.000124741
 0.000112482
 2.93904e-05
-7.01859e-05
 -0.00012691
-0.000101481
-1.46268e-05
 8.05597e-05
 0.000126282
 8.95619e-05
 7.85716e-07
-9.09595e-05
-0.000123079
-7.86201e-05
 1.63005e-05
 9.84546e-05
 0.000118449
  6.3019e-05
-3.16625e-05
 -0.00010047
-0.000109535
-4.70471e-05
  3.9335e-05
   0.0001024
 9.77808e-05
 3.63685e-05
-4.78639e-05
-9.80035e-05
-8.99098e-05
-2.53418e-05
 5.24679e-05
 9.63284e-05
 7.93863e-05
 1.43602e-05
-5.60388e-05
-8.91079e-05
-7.00137e-05
-5.47777e-06
 5.56997e-05
 8.48051e-05
 5.76543e-05
 4.01699e-07
-5.65482e-05
-7.54278e-05
-4.86729e-05
 4.66633e-06
 5.32979e-05
 6.72706e-05
 4.15975e-05
-8.60296e-06
-4.97898e-05
-5.96351e-05
-3.31403e-05
 1.01974e-05
  4.4197e-05
 5.17094e-05
 2.63977e-05
-7.01608e-06
-3.81582e-05
-4.39607e-05
-2.67774e-05
 5.89794e-06
 3.04231e-05
 3.96555e-05
 2.61785e-05
 5.08991e-07
-2.57709e-05
 -3.4787e-05
-3.00362e-05
-6.82386e-06
  1.9535e-05
 3.46422e-05
  3.4583e-05
 1.61076e-05
-1.41718e-05
 -3.7443e-05
-4.36229e-05
 -2.5323e-05
 8.97322e-06
 4.49777e-05
 5.78172e-05
 3.46385e-05
-8.60712e-06
 -5.4739e-05
-7.86583e-05
-4.58937e-05
 1.65505e-05
 7.85189e-05
 9.79839e-05
 5.10736e-05
-3.86227e-05
-0.000110599
-0.000112373
-3.45977e-05
 7.27883e-05
 0.000136039
 0.000107013
 2.67184e-06
-0.000104823
-0.000143154
-8.27796e-05
 3.10313e-05
 0.000119398
 0.000130491
  5.7388e-05
-4.90072e-05
-0.000122353
-0.000114585
-3.98141e-05
 5.81387e-05
 0.000118036
 0.000102966
 3.17542e-05
-6.17729e-05
-0.000114014
-0.000100931
-2.66318e-05
 6.14393e-05
 0.000118631
 0.000100871
 2.67827e-05
-6.74123e-05
  -0.0001214
-0.000105628
 -2.9047e-05
 7.09735e-05
 0.000128813
 0.000114404
 3.39944e-05
-7.14426e-05
-0.000137243
-0.000130726
-4.85577e-05
 6.54317e-05
  0.00014545
  0.00015944
 8.94231e-05
-2.65895e-05
-0.000148206
-0.000224771
-0.000240901
-0.000186831
  -8.316e-05
 4.60208e-05
   0.0084666
           0
