 0.000244346
-0.000191313
 -9.8834e-05
-0.000368299
-0.000271582
 0.000340033
 0.000869826
 0.000690987
-0.000138379
 -0.00098603
 -0.00116248
 -0.00047899
 0.000574383
  0.00122033
  0.00101458
 0.000119608
 -0.00081297
 -0.00111276
-0.000596412
 0.000300852
 0.000918316
 0.000788621
 3.49764e-05
-0.000739585
-0.000931948
-0.000361933
 0.000560704
    0.001129
 0.000883415
-6.97764e-05
  -0.0010804
 -0.00141577
-0.000798707
 0.000403009
  0.00140596
  0.00154442
 0.000706379
-0.000572711
 -0.00149221
 -0.00150265
-0.000630592
 0.000569013
   0.0013723
   0.0013463
 0.000556686
  -0.0004725
 -0.00114379
 -0.00111063
-0.000456314
 0.000378067
 0.000903497
  0.00085102
 0.000309273
-0.000362756
-0.000735813
-0.000608471
-8.66925e-05
  0.00045349
 0.000660961
 0.000408083
-0.000137937
-0.000613474
-0.000686502
-0.000288205
 0.000344323
 0.000790768
 0.000725593
 0.000178158
-0.000538751
-0.000932318
-0.000717819
 4.62289e-06
 0.000771539
  0.00105465
 0.000611302
-0.000300211
 -0.00106748
 -0.00115066
-0.000421438
 0.000667845
  0.00137415
  0.00119244
 0.000182271
 -0.00101258
 -0.00159164
  -0.0011406
 6.80029e-05
  0.00125011
  0.00162272
 0.000945891
 -0.00031573
 -0.00132766
 -0.00144402
-0.000616297
 0.000552177
  0.00128192
  0.00110156
 0.000191636
-0.000797884
 -0.00117425
-0.000687377
 0.000286701
  0.00106507
  0.00107689
 0.000289024
 -0.00078303
 -0.00139013
 -0.00107455
 4.51225e-05
  0.00128469
  0.00181407
  0.00118353
-0.000311916
  -0.0017963
 -0.00228927
 -0.00135466
 0.000545695
  0.00229028
  0.00273597
  0.00147577
-0.000817419
 -0.00273249
 -0.00302737
 -0.00142125
  0.00113301
  0.00303378
  0.00306517
  0.00117969
 -0.00142115
 -0.00309306
 -0.00281838
-0.000835753
  0.00155665
  0.00286288
  0.00235711
 0.000477326
 -0.00152302
 -0.00244163
 -0.00181747
 -0.00017124
  0.00141641
  0.00201513
  0.00135246
-7.33444e-05
 -0.00134674
 -0.00173079
 -0.00104405
 0.000259105
  0.00135206
  0.00159139
 0.000858713
-0.000378767
 -0.00135795
 -0.00149773
 -0.00074057
 0.000425011
  0.00128533
  0.00135013
  0.00064559
-0.000376111
 -0.00109463
 -0.00115428
-0.000588584
 0.000227315
 0.000831559
 0.000953849
  0.00060121
-7.65418e-07
-0.000552938
-0.000818451
-0.000701176
-0.000255815
 0.000334456
 0.000781897
 0.000837751
 0.000457745
-0.000198384
-0.000775147
-0.000950332
-0.000597624
 9.13257e-05
 0.000732094
 0.000973692
 0.000703874
 6.93571e-05
-0.000587388
-0.000959626
-0.000866217
-0.000333054
 0.000407944
  0.00099894
  0.00112942
 0.000657193
 -0.00026446
 -0.00118123
 -0.00151756
 -0.00095383
 0.000303338
  0.00154727
  0.00193408
  0.00110305
-0.000557274
    -0.00202
 -0.00228653
 -0.00104881
 0.000979408
  0.00249468
  0.00244041
 0.000781802
 -0.00145008
  -0.0027851
 -0.00232401
-0.000358658
  0.00183453
  0.00280986
  0.00195548
-0.000128095
 -0.00205227
 -0.00258357
 -0.00144572
 0.000543221
  0.00208416
  0.00221534
 0.000949297
-0.000831861
 -0.00200027
 -0.00186422
-0.000598541
 0.000974572
  0.00190823
  0.00167976
 0.000470262
-0.000987365
 -0.00186694
 -0.00166385
-0.000501223
 0.000956978
  0.00188501
  0.00171527
 0.000541874
-0.000985449
 -0.00194925
 -0.00174739
-0.000471304
  0.00110532
  0.00199653
  0.00163218
 0.000235059
 -0.00127933
 -0.00193797
 -0.00129608
  0.00017196
   0.0014639
  0.00168656
 0.000729713
-0.000704818
 -0.00158028
 -0.00126636
-1.04767e-05
  0.00126337
  0.00159896
 0.000726329
-0.000733638
 -0.00171887
 -0.00147089
-0.000149178
  0.00133821
   0.0019426
  0.00121369
-0.000344242
 -0.00166758
 -0.00188485
-0.000864301
 0.000659368
  0.00167287
  0.00156013
  0.00049838
-0.000748505
 -0.00137791
 -0.00109056
-0.000215237
 0.000604988
 0.000873193
 0.000566744
 4.88896e-05
-0.000275708
 -0.00025271
-5.60136e-05
 2.16838e-05
-0.000137286
-0.000353678
 -0.00037527
  -2.787e-05
 0.000495942
 0.000808735
 0.000635235
-1.05142e-05
-0.000713432
-0.000994031
-0.000653735
 8.26574e-05
 0.000722526
 0.000855535
 0.000463972
-0.000129333
-0.000501898
-0.000465579
-0.000153363
 0.000100953
 0.000109028
-5.13108e-05
-0.000129637
 3.93707e-05
 0.000351003
 0.000512208
 0.000280976
-0.000273916
 -0.00079086
 -0.00083166
-0.000307254
 0.000520909
  0.00110671
  0.00101492
 0.000282743
-0.000660067
 -0.00122315
  -0.0010721
-0.000301928
  0.00061204
  0.00115599
  0.00104222
  0.00039453
-0.000422489
-0.000983666
 -0.00101679
-0.000554304
 0.000168564
 0.000826878
  0.00108436
 0.000806488
 6.55564e-05
-0.000781524
 -0.00128625
 -0.00109267
-0.000227992
 0.000886647
  0.00157921
  0.00134279
 0.000216355
 -0.00116226
  -0.0019027
 -0.00144728
 1.20863e-05
  0.00158092
  0.00219569
  0.00136661
-0.000434767
 -0.00206095
 -0.00238298
  -0.0011056
 0.000970523
  0.00248832
  0.00238579
 0.000691688
 -0.00151812
 -0.00276597
 -0.00220365
-0.000192745
  0.00196303
   0.0028395
  0.00186377
-0.000300014
 -0.00222682
 -0.00267843
 -0.00139995
 0.000706942
  0.00227931
  0.00232966
 0.000901448
 -0.00100724
  -0.0021718
 -0.00188887
-0.000437611
  0.00118934
  0.00195472
   0.0014492
 9.34057e-05
 -0.00122066
 -0.00166373
 -0.00105836
 0.000103272
  0.00105985
  0.00126871
 0.000723686
-0.000133206
-0.000744716
-0.000832553
-0.000484385
-1.23119e-06
 0.000349864
 0.000475595
 0.000442624
 0.000302637
 5.66656e-05
 -0.00029654
-0.000620775
-0.000701768
-0.000369789
 0.000286651
  0.00089731
  0.00104374
 0.000537383
-0.000364013
 -0.00109959
 -0.00119646
-0.000571081
 0.000387117
   0.0010914
  0.00114731
 0.000561095
-0.000271024
-0.000890981
-0.000997832
-0.000595222
 6.71699e-05
  0.00066018
 0.000899203
 0.000681891
 0.000107426
-0.000545022
-0.000912938
-0.000780233
-0.000166346
 0.000578327
 0.000979725
 0.000789908
 9.64977e-05
-0.000644305
-0.000976892
-0.000686653
 1.39822e-05
   0.0006556
 0.000842683
 0.000496446
-0.000103399
-0.000555919
-0.000613704
-0.000305325
 0.000124541
 0.000401221
 0.000401105
 0.000189158
-8.27186e-05
-0.000271019
-0.000298826
-0.000179419
 3.22736e-05
 0.000244639
 0.000341409
 0.000252946
-5.23955e-06
-0.000322353
-0.000500698
-0.000392842
-2.14724e-06
 0.000476275
 0.000716486
 0.000522492
-5.56722e-05
-0.000681069
-0.000959564
-0.000611821
 0.000192738
 0.000975118
  0.00119057
 0.000629746
-0.000430067
 -0.00130755
  -0.0013851
-0.000518961
 0.000759616
    0.001637
  0.00145836
  0.00028182
 -0.00115292
 -0.00189827
 -0.00142528
 1.87608e-05
  0.00151506
  0.00209475
  0.00134856
-0.000273438
 -0.00176283
 -0.00219519
 -0.00128107
 0.000406345
  0.00184436
  0.00217108
   0.0012092
 -0.00044331
 -0.00178889
 -0.00204085
 -0.00109589
 0.000443874
  0.00164331
  0.00181631
 0.000927911
-0.000450843
 -0.00145421
 -0.00154097
-0.000714112
 0.000472626
  0.00128462
  0.00129774
 0.000551498
-0.000468879
 -0.00116766
 -0.00117239
 -0.00051831
 0.000402097
  0.00106836
  0.00113101
 0.000569781
-0.000290995
-0.000965012
 -0.00107193
-0.000561741
 0.000241901
 0.000852369
 0.000913986
 0.000408079
-0.000317232
-0.000774027
-0.000679325
 -0.00012538
 0.000480108
 0.000713474
 0.000429599
-0.000168818
 -0.00064984
-0.000674743
-0.000236751
 0.000384454
   0.0007558
 0.000638257
 0.000112823
 -0.00048254
-0.000762375
-0.000563634
-2.43638e-05
 0.000493728
 0.000670813
 0.000423414
-5.64833e-05
-0.000424951
-0.000469473
-0.000221663
  0.00010216
  0.00024427
 0.000151535
-2.45601e-05
-9.10974e-05
 3.65551e-05
 0.000231639
 0.000267144
 2.43054e-05
-0.000368958
-0.000596475
-0.000428081
 9.05706e-05
 0.000639343
 0.000812417
 0.000460832
-0.000213918
-0.000761207
-0.000810062
-0.000342517
 0.000315071
 0.000720255
 0.000627671
  0.00013464
-0.000382485
-0.000583134
-0.000362364
 7.19963e-05
 0.000401339
 0.000414186
 0.000133143
-0.000201519
-0.000370098
-0.000266579
-8.22731e-06
 0.000205834
 0.000264431
 0.000152339
 1.40496e-07
-8.17088e-05
-7.76733e-05
-6.30991e-05
-0.000104018
-0.000172769
-0.000156943
 2.77971e-05
  0.00031314
 0.000501921
  0.00038745
-5.96968e-05
-0.000597612
-0.000851685
-0.000562408
 0.000163423
  0.00089951
   0.0011307
 0.000634387
 -0.00033264
  -0.0011748
 -0.00131297
-0.000607592
 0.000548469
  0.00143065
  0.00143836
 0.000529393
-0.000779242
 -0.00166394
 -0.00156014
-0.000482686
 0.000947515
  0.00186295
  0.00167977
 0.000483346
 -0.00105673
 -0.00199196
  -0.0017761
-0.000471976
  0.00114729
  0.00210874
  0.00182832
 0.000430158
  -0.0012638
 -0.00224275
 -0.00189268
-0.000384758
  0.00139491
   0.0023873
  0.00197844
 0.000381547
 -0.00147839
 -0.00251168
 -0.00208685
-0.000425453
  0.00151431
  0.00260474
  0.00218194
 0.000468112
 -0.00156285
 -0.00270009
 -0.00223874
-0.000422932
  0.00167827
  0.00278437
  0.00219413
 0.000247319
 -0.00185463
 -0.00279872
 -0.00197637
 7.52705e-05
  0.00203661
  0.00265161
  0.00154605
-0.000525971
 -0.00215818
 -0.00230859
-0.000911549
  0.00103275
  0.00219504
  0.00180427
 0.000177018
  -0.0015298
 -0.00213109
 -0.00123397
 0.000514747
  0.00189965
  0.00195884
 0.000674494
  -0.0010752
 -0.00209549
 -0.00169523
-0.000164768
  0.00146364
  0.00211552
  0.00138348
-0.000215642
   -0.001641
  -0.0019909
 -0.00109305
 0.000445225
  0.00164138
  0.00178404
  0.00084577
-0.000564591
  -0.0015725
 -0.00158757
-0.000646541
 0.000666457
   0.0015436
  0.00145252
 0.000461298
-0.000838285
  -0.0016152
 -0.00137859
-0.000238393
  0.00108971
   0.0017556
  0.00129785
-1.41572e-05
 -0.00135558
 -0.00185269
 -0.00114921
  0.00030341
  0.00155015
  0.00176907
 0.000840485
-0.000602183
 -0.00157932
 -0.00145685
-0.000356598
  0.00089567
  0.00143503
 0.000889006
-0.000268398
  -0.0011439
 -0.00108094
-0.000139201
 0.000918796
  0.00125668
  0.00057506
-0.000643432
  -0.0014469
 -0.00117786
 1.99664e-05
  0.00128577
  0.00166917
 0.000863111
-0.000582856
 -0.00161898
 -0.00150657
-0.000361535
 0.000973102
  0.00155514
  0.00100605
-0.000184698
 -0.00111531
 -0.00113624
-0.000325721
 0.000634921
 0.000991492
 0.000521821
-0.000342538
-0.000892427
-0.000667468
 0.000115542
 0.000831556
 0.000897052
 0.000247772
-0.000617011
 -0.00102803
-0.000676855
 0.000167214
 0.000877993
 0.000929634
 0.000326286
-0.000464087
-0.000857505
-0.000625895
 4.45326e-06
 0.000518617
 0.000578369
 0.000223335
 -0.00019566
-0.000327351
-0.000145246
 0.000121622
 0.000192378
-2.03218e-06
-0.000237783
-0.000246408
 1.00333e-05
 0.000326503
 0.000367758
 6.17977e-05
-0.000364396
-0.000505846
-0.000177325
 0.000405706
 0.000760195
  0.00051139
-0.000250181
-0.000987666
 -0.00109318
-0.000383567
 0.000737756
  0.00147498
   0.0012709
 0.000180265
 -0.00110462
 -0.00173428
 -0.00126312
 2.22329e-05
  0.00128917
  0.00173806
  0.00111377
-0.000159296
 -0.00124754
 -0.00153475
-0.000916027
 0.000140749
 0.000977439
  0.00117062
 0.000721744
 2.27683e-05
-0.000518193
-0.000674597
-0.000506251
-0.000214404
 1.59661e-05
 0.000137883
 0.000197853
 0.000273671
 0.000347727
 0.000320131
 0.000127475
-0.000194106
 -0.00050574
-0.000606126
-0.000385279
 9.38361e-05
 0.000595479
 0.000804334
  0.00055283
-8.73692e-05
-0.000771035
 -0.00106068
-0.000695019
 0.000191773
  0.00110045
  0.00141501
 0.000827483
-0.000419156
 -0.00156051
 -0.00180913
-0.000856436
 0.000804081
  0.00211405
  0.00213835
  0.00071246
 -0.00134882
 -0.00268866
 -0.00233604
-0.000393925
  0.00195765
  0.00316953
  0.00236365
-1.85827e-05
 -0.00249197
   -0.003443
 -0.00221925
 0.000444154
   0.0028441
  0.00346765
  0.00191998
-0.000815105
 -0.00300538
 -0.00328189
 -0.00152244
  0.00112913
  0.00301221
  0.00298036
  0.00111923
 -0.00136967
  -0.0029282
 -0.00264703
-0.000773293
  0.00149539
  0.00274084
  0.00226637
 0.000445658
 -0.00151434
 -0.00240811
 -0.00174587
-6.56985e-05
  0.00150987
   0.0019735
  0.00109919
-0.000420586
 -0.00153307
 -0.00150827
-0.000426564
 0.000902892
  0.00152878
  0.00102811
-0.000205177
 -0.00127292
 -0.00140951
-0.000528929
 0.000725545
  0.00146486
  0.00115387
 3.04428e-05
 -0.00108667
 -0.00142041
-0.000746755
 0.000421566
  0.00124186
  0.00113772
 0.000224815
-0.000792661
 -0.00118462
-0.000680154
 0.000320193
  0.00105149
 0.000984654
 0.000148929
 -0.00081578
 -0.00120508
-0.000722381
 0.000320686
  0.00119935
   0.0013036
 0.000536819
-0.000624439
  -0.0014383
 -0.00140785
-0.000537605
 0.000663997
  0.00150629
    0.001523
 0.000731885
-0.000437815
 -0.00136593
 -0.00156969
 -0.00100007
 5.73524e-05
  0.00104143
  0.00148351
  0.00117726
 0.000313231
-0.000666271
  -0.0012602
 -0.00118355
-0.000506976
  0.00038896
  0.00101791
  0.00104395
 0.000477067
-0.000330206
-0.000896075
-0.000888246
-0.000329009
 0.000427974
 0.000901385
  0.00080251
 0.000202888
 -0.00051421
-0.000913477
-0.000766731
-0.000183958
 0.000478257
 0.000852026
 0.000753897
 0.000260784
-0.000359182
-0.000793928
-0.000828057
  -0.0004117
 0.000268697
  0.00088681
  0.00107706
 0.000644751
-0.000279338
  -0.0012019
 -0.00151009
-0.000886364
 0.000424281
  0.00166256
  0.00196264
  0.00099892
-0.000747644
 -0.00215967
 -0.00225804
-0.000845566
  0.00121941
  0.00257893
  0.00226947
 0.000425309
 -0.00174224
  -0.0028017
 -0.00201144
 0.000118092
  0.00217451
  0.00278681
  0.00159704
-0.000580453
 -0.00232438
 -0.00253923
   -0.001194
 0.000790504
  0.00213006
   0.0020935
  0.00085136
-0.000739192
 -0.00168916
 -0.00155031
-0.000557143
 0.000588573
  0.00120268
  0.00102691
 0.000297037
-0.000455291
 -0.00078552
-0.000573402
-6.16277e-05
 0.000353711
 0.000401119
 0.000115078
-0.000225965
-0.000295293
-5.16734e-06
 0.000424966
 0.000610012
 0.000307431
-0.000377669
-0.000997555
 -0.00105757
-0.000387734
 0.000675456
  0.00148185
  0.00145289
  0.00050059
-0.000852547
   -0.001783
 -0.00170063
-0.000605513
 0.000877445
  0.00186466
  0.00176602
 0.000644845
 -0.00081641
 -0.00175807
 -0.00162415
-0.000533107
  0.00081172
  0.00156794
   0.0012934
 0.000203316
-0.000954926
 -0.00140907
 -0.00087616
 0.000258901
   0.0012083
  0.00129033
 0.000457952
 -0.00071731
 -0.00141843
 -0.00113596
-5.19352e-05
  0.00109652
  0.00151122
 0.000902848
-0.000336921
 -0.00138148
 -0.00152541
-0.000672652
 0.000636688
  0.00154202
  0.00146553
 0.000474914
-0.000784835
 -0.00152389
 -0.00129272
-0.000283864
 0.000825513
  0.00134335
 0.000992546
 7.94194e-05
-0.000760071
 -0.00100832
-0.000586822
 0.000135973
 0.000611925
 0.000545877
 7.20058e-05
-0.000360519
-0.000379192
 2.58293e-05
 0.000489953
 0.000550692
 6.85582e-05
-0.000652335
  -0.0010359
-0.000674364
 0.000290567
  0.00124516
  0.00146021
  0.00068238
-0.000669019
 -0.00170636
 -0.00167845
-0.000531877
  0.00102052
  0.00196032
  0.00163035
 0.000227467
 -0.00132558
 -0.00199159
 -0.00134256
 0.000165546
  0.00151201
  0.00181004
 0.000894957
 -0.00054444
  -0.0015229
  -0.0014068
-0.000371054
 0.000808161
  0.00131151
 0.000847541
-0.000156608
-0.000935886
-0.000960045
-0.000259722
 0.000581239
 0.000920161
 0.000562459
-0.000202491
-0.000772273
-0.000759474
-0.000209203
 0.000425464
 0.000694044
 0.000449515
-5.58884e-05
-0.000420975
-0.000388339
-7.36835e-05
 0.000217029
 0.000231288
-1.96622e-05
 -0.00027159
-0.000259346
 4.75612e-05
 0.000414217
 0.000514161
 0.000199964
-0.000342539
-0.000725171
 -0.00062815
-6.46475e-05
 0.000621424
 0.000951359
  0.00065772
-0.000105426
-0.000872627
 -0.00111597
-0.000635315
 0.000295687
  0.00108723
  0.00122815
 0.000554602
-0.000529837
 -0.00135252
 -0.00134318
-0.000458759
 0.000802429
  0.00165013
   0.0015129
 0.000396036
 -0.00104434
 -0.00195084
 -0.00170682
-0.000410579
  0.00119558
  0.00216308
  0.00188753
 0.000501405
 -0.00121863
  -0.0022577
 -0.00201468
-0.000622134
    0.001116
  0.00220726
  0.00203375
 0.000728012
-0.000938189
 -0.00200724
  -0.0019132
-0.000765442
 0.000710297
  0.00167348
  0.00164416
 0.000738503
-0.000455273
 -0.00125957
 -0.00129047
-0.000659993
 0.000202785
 0.000812868
 0.000910971
 0.000554868
  1.0079e-06
-0.000456008
-0.000624198
-0.000486363
-0.000137896
 0.000249074
 0.000489182
 0.000484096
 0.000200208
-0.000199341
-0.000504436
-0.000511019
-0.000175218
 0.000312589
 0.000641441
  0.00057332
 0.000102838
-0.000486289
-0.000791868
-0.000597191
-1.09409e-06
 0.000605669
 0.000829687
 0.000513059
-0.000104143
-0.000625687
-0.000713516
-0.000362782
  0.00015039
 0.000481742
 0.000453369
 0.000185686
-9.23417e-05
-0.000186268
-0.000100796
 -2.9185e-05
-6.89298e-05
-0.000201532
-0.000274316
-0.000125138
 0.000227703
 0.000559268
 0.000615242
 0.000260306
-0.000336031
-0.000823487
-0.000855916
-0.000373873
 0.000393716
 0.000984358
  0.00101953
 0.000427968
-0.000451118
 -0.00108231
 -0.00106335
-0.000391999
 0.000529456
  0.00112951
  0.00100926
 0.000255343
-0.000662737
 -0.00115567
-0.000894588
-6.81274e-05
 0.000806542
  0.00116019
 0.000782192
-7.27381e-05
-0.000863293
 -0.00109833
-0.000666472
  0.00012753
 0.000776376
 0.000894386
 0.000453748
-0.000233934
-0.000698213
-0.000663206
-0.000173587
 0.000421985
 0.000731695
 0.000528444
-4.10798e-05
-0.000598771
-0.000768689
-0.000408954
 0.000256262
 0.000790506
 0.000807311
 0.000255637
-0.000526764
 -0.00102152
-0.000855679
-9.09291e-05
 0.000796845
  0.00122542
 0.000854999
-0.000100548
 -0.00104206
 -0.00135148
-0.000801278
 0.000276192
  0.00118987
  0.00135498
  0.00067919
-0.000400639
 -0.00119585
 -0.00122946
 -0.00054548
 0.000403176
   0.0010155
 0.000980399
 0.000411333
-0.000266112
-0.000662959
-0.000628974
-0.000307049
 4.24398e-05
 0.000237736
 0.000264853
 0.000213786
 0.000183118
    0.000147
 3.25956e-05
-0.000160013
-0.000352066
-0.000404851
-0.000217501
 0.000140882
 0.000461244
 0.000527916
 0.000275101
-0.000163798
-0.000522503
-0.000586439
-0.000298575
 0.000168904
 0.000556656
 0.000634412
 0.000389857
-6.48736e-05
-0.000478529
 -0.00064634
-0.000503078
-0.000136467
 0.000264302
 0.000503988
 0.000476534
 0.000217679
-0.000109555
-0.000338109
-0.000333488
-0.000131214
 0.000143375
 0.000291652
 0.000221323
-2.15259e-05
 -0.00025317
-0.000298602
-0.000103733
 0.000203946
 0.000389853
 0.000304656
 -4.1117e-05
-0.000412286
 -0.00053149
-0.000281299
 0.000200656
 0.000600727
 0.000609074
  0.00018155
-0.000424572
-0.000777687
-0.000621997
-1.07252e-05
 0.000644945
 0.000899832
 0.000555058
 -0.00019107
-0.000828229
-0.000925395
-0.000399587
  0.00039772
 0.000930535
 0.000838311
 0.000192592
-0.000580865
-0.000938472
-0.000660584
  4.3484e-05
 0.000683769
 0.000844856
 0.000434811
-0.000240101
-0.000723803
 -0.00068646
-0.000206056
 0.000373265
  0.00067339
 0.000508502
 2.08039e-05
-0.000433207
-0.000580893
-0.000348978
 8.48531e-05
 0.000411675
 0.000457038
 0.000226474
-0.000115328
-0.000341435
-0.000349749
-0.000168266
  8.2144e-05
 0.000253368
 0.000294445
 0.000192042
 1.63432e-05
-0.000186271
-0.000320841
-0.000311597
-0.000135677
 0.000163863
 0.000429956
 0.000485354
 0.000205573
 -0.00028496
-0.000696057
-0.000681576
-0.000160064
 0.000622146
  0.00110665
 0.000840445
-0.000161156
   -0.001285
 -0.00164993
 -0.00078347
 0.000932325
  0.00233438
  0.00219648
 0.000243332
 -0.00238907
 -0.00373716
 -0.00237901
  0.00127534
  0.00482623
  0.00535626
   0.0016367
 -0.00438529
 -0.00840477
 -0.00660966
  0.00104847
  0.00986189
   0.0129467
  0.00629441
 -0.00721599
  -0.0183965
  -0.0175458
   -0.002239
   0.0188503
   0.0301076
   0.0198549
 -0.00914597
  -0.0382075
  -0.0437678
  -0.0152392
   0.0330017
   0.0668754
   0.0551358
 -0.00449431
  -0.0759034
   -0.103941
  -0.0543931
   0.0526072
    0.144513
    0.141701
    0.020994
   -0.149553
   -0.241314
   -0.154794
   0.0880374
    0.324644
    0.345893
   0.0625808
   -0.370381
     -0.5965
   -0.304717
    0.436129
     1.01264
    0.560967
    -1.12074
    -2.14237
     3.03739
    0.013894
