-1.87003e-05
 9.23221e-05
-5.62931e-05
 -8.9341e-05
-8.07867e-06
 6.22504e-05
 6.67752e-05
 2.58846e-05
-1.80098e-05
-4.52377e-05
-4.29179e-05
-2.55678e-05
-8.85649e-06
 2.92359e-05
 5.03631e-05
 5.84428e-05
  2.4847e-05
-3.29012e-05
 -8.7549e-05
-9.20875e-05
-1.84822e-05
  6.5487e-05
 0.000120539
 9.23557e-05
 3.60921e-07
-0.000101378
-0.000128621
-7.43217e-05
 4.56595e-05
 0.000126035
 0.000109483
 2.98033e-05
 -7.8714e-05
-0.000143388
-0.000101078
  4.7547e-06
 0.000138092
 0.000173279
 8.75726e-05
-5.44238e-05
-0.000192567
-0.000204774
-8.49577e-05
 0.000116094
 0.000279454
 0.000232302
 3.18111e-05
-0.000211733
-0.000331215
-0.000233811
 4.37263e-05
 0.000305158
 0.000391369
 0.000183104
-0.000149911
 -0.00040746
-0.000397812
-7.98365e-05
 0.000301336
 0.000458687
 0.000300372
-9.59441e-05
 -0.00041233
-0.000422023
-8.86289e-05
 0.000310099
  0.00045484
 0.000206526
 -0.00020231
-0.000454814
-0.000317077
 8.84454e-05
 0.000454564
 0.000455791
 6.26992e-05
-0.000394977
-0.000552905
 -0.00029313
 0.000221896
  0.00057642
 0.000483671
 2.68878e-05
-0.000459572
-0.000561981
-0.000272378
 0.000238859
 0.000551733
 0.000420419
-2.21557e-05
-0.000427714
-0.000488784
-0.000144051
 0.000267939
  0.00046156
 0.000256176
-0.000122367
-0.000385554
-0.000296778
 2.63577e-05
 0.000288394
 0.000303682
 2.13843e-05
-0.000241044
-0.000261729
-6.07791e-05
  0.00021399
 0.000250623
 6.82372e-05
 -0.00015905
-0.000257334
-0.000101481
 0.000109628
 0.000217299
 0.000148638
-4.85481e-05
-0.000147975
-0.000134393
-1.19422e-05
 6.49185e-05
  7.3515e-05
-1.40303e-05
 3.07434e-07
 4.75056e-05
  7.9474e-05
 2.09673e-05
-0.000115679
-0.000228171
-0.000101471
 0.000119763
 0.000270827
 0.000264281
-1.60531e-06
-0.000279068
-0.000364793
 -0.00015086
 0.000187487
 0.000407341
 0.000286097
 -8.4084e-05
-0.000365667
-0.000374335
-3.61087e-05
 0.000326233
 0.000397649
 0.000139369
-0.000276456
 -0.00043139
-0.000189228
  0.00020518
 0.000450503
 0.000284423
-0.000145451
-0.000436343
-0.000379843
 6.42671e-06
 0.000422426
 0.000451106
 9.81773e-05
-0.000309195
-0.000466283
-0.000200435
 0.000209629
 0.000383702
 0.000269309
-9.99966e-05
-0.000341364
-0.000272027
 4.94124e-05
 0.000276243
  0.00026662
 2.07964e-05
-0.000230241
-0.000290959
-8.14412e-05
 0.000197039
 0.000246739
 0.000154085
-0.000107638
-0.000222297
-0.000190541
 3.02963e-05
 0.000185942
 0.000202438
 1.85567e-05
-0.000102196
-0.000223667
-9.38634e-05
 9.04195e-05
 0.000174316
  0.00011623
-1.88769e-05
-0.000135514
-0.000118917
-3.81855e-05
 0.000107689
 0.000129146
 1.80023e-05
-6.68401e-05
-0.000101337
-2.48261e-05
 3.58086e-05
 0.000100174
 4.70664e-05
-4.88689e-05
 -8.3821e-05
-4.09601e-05
 3.18238e-05
 5.64228e-05
 5.72034e-06
-4.00198e-05
 2.08992e-05
 3.57097e-05
 8.72092e-05
-4.16113e-05
-0.000163624
-0.000113285
 3.94293e-05
 0.000206446
 0.000208732
-4.25278e-05
-0.000219412
-0.000278222
-6.96263e-05
 0.000287767
  0.00043123
 0.000130601
-0.000317491
-0.000528611
-0.000333387
  0.00026551
 0.000669905
  0.00051247
-0.000117127
-0.000661161
-0.000635793
-0.000147694
 0.000479146
 0.000738725
 0.000329203
-0.000254951
-0.000619005
-0.000498382
 0.000135576
 0.000457567
  0.00042793
 2.40073e-06
-0.000338834
-0.000383521
-2.23794e-05
 0.000329537
 0.000313907
 1.54281e-05
-0.000248838
 -0.00033644
 -0.00010414
 0.000220052
 0.000304065
 0.000194324
-0.000104738
-0.000267953
-0.000183798
-2.45341e-05
 0.000110049
 0.000203619
 9.82437e-05
-4.77088e-05
 -8.1553e-05
-0.000150979
-2.91796e-05
 8.69679e-05
  0.00010253
 1.62834e-05
-6.40296e-06
-0.000124725
-6.67591e-05
 5.14989e-05
 0.000127607
 0.000136292
-5.10339e-05
-0.000157204
-0.000206519
-4.69044e-05
 0.000175851
  0.00032016
   9.208e-05
 -0.00010883
-0.000284792
 -0.00027152
 3.18143e-05
 0.000297049
 0.000252626
 0.000114572
-0.000178212
-0.000312996
-0.000188524
 6.54681e-05
 0.000236128
 0.000299297
   8.069e-05
-0.000200674
 -0.00032823
-0.000156904
 5.07903e-05
  0.00031829
 0.000372515
-1.90829e-05
-0.000376207
  -0.0004562
-7.93517e-05
 0.000406264
 0.000505845
 0.000320155
-0.000262098
-0.000733398
-0.000619334
 9.02843e-05
 0.000887588
 0.000793701
 0.000165746
-0.000646911
-0.000963781
-0.000505533
 0.000313687
 0.000906956
 0.000786769
-0.000135464
-0.000586337
-0.000646534
-0.000149547
 0.000266299
 0.000468263
 0.000141524
-0.000190696
-9.18453e-05
 2.88842e-05
 8.18292e-05
-5.34711e-05
-0.000204385
-0.000143164
 0.000112253
 0.000398513
 0.000216257
-0.000210725
-0.000449713
-0.000358487
 0.000183418
 0.000672792
 0.000490565
-0.000134716
-0.000798461
-0.000751364
-2.58412e-05
 0.000807545
  0.00107368
 0.000284476
-0.000692278
 -0.00117624
-0.000622126
 0.000272556
  0.00117733
  0.00104992
-9.57076e-06
-0.000993027
 -0.00116246
-0.000307352
 0.000745075
  0.00108795
 0.000490544
-0.000414177
-0.000969452
-0.000583666
  0.00020236
 0.000867999
 0.000495106
-0.000173711
-0.000561181
-0.000471287
 6.91777e-05
 0.000578344
 0.000307975
-1.41753e-05
-0.000459643
-0.000306398
-9.54919e-05
 0.000324887
 0.000409569
 0.000110373
-0.000126968
-0.000402959
-0.000145419
 1.11245e-06
 0.000221838
 0.000138182
 0.000120645
 5.37235e-05
-0.000239488
-0.000130601
-9.31783e-05
 1.06887e-05
 9.20862e-05
 0.000337694
 9.37523e-05
-0.000108931
-0.000352568
-0.000243836
-2.91384e-05
 0.000368743
 0.000500629
 0.000166545
-0.000581024
-0.000489897
-0.000275433
 0.000436929
 0.000601666
 0.000591314
-0.000351855
-0.000824229
-0.000667781
  0.00022816
 0.000728726
 0.000733119
 7.86349e-05
-0.000606316
 -0.00080699
-0.000382923
 0.000569188
 0.000916105
 0.000319238
-0.000318192
-0.000896639
-0.000407549
 0.000165047
 0.000796233
 0.000464292
-5.82509e-05
-0.000520497
-0.000580118
-3.34076e-05
 0.000254556
 0.000573871
 0.000238954
-0.000172372
-0.000296322
-0.000452886
-0.000184595
 0.000437356
 0.000353457
 0.000289139
-0.000111361
-0.000514195
 -0.00030919
 1.96741e-06
 0.000545193
 0.000232451
 2.81497e-05
 -0.00033674
-0.000465661
-7.32576e-05
 0.000487797
 0.000561224
 0.000163225
-0.000592557
-0.000738962
 -0.00042799
  0.00058318
  0.00122929
 0.000572921
-0.000585807
 -0.00123504
 -0.00094227
 0.000220145
  0.00117473
  0.00147524
 0.000111621
 -0.00114732
 -0.00145896
-0.000563165
 0.000805575
  0.00139651
 0.000821416
-0.000360054
 -0.00120783
-0.000928512
-5.43959e-05
   0.0010503
  0.00100372
 2.98823e-05
-0.000716959
-0.000895837
-0.000267283
 0.000674375
 0.000891427
 0.000216413
-0.000508146
-0.000835478
-0.000366945
 0.000417369
 0.000894336
 0.000507348
-0.000382092
 -0.00122247
-0.000329575
 0.000490786
  0.00119171
 0.000362655
-0.000847223
-0.000801453
-3.05222e-05
 0.000268113
 0.000630802
 0.000156235
-0.000268564
-0.000249986
-0.000137721
 0.000376616
-6.17774e-05
-0.000261406
-0.000167103
 0.000103622
 0.000482765
 0.000262516
-2.91079e-05
-0.000740504
-0.000320521
-7.24252e-05
 0.000491809
 0.000789302
 9.44155e-05
-0.000360009
-0.000747135
-0.000361264
 0.000335069
 0.000492232
 0.000168969
 0.000364313
-0.000464455
-0.000293725
-0.000195203
 -0.00011424
 0.000358096
 0.000416187
 5.84979e-05
-0.000184533
-0.000411387
 -0.00014136
-8.63277e-05
 0.000496151
 0.000580735
-0.000147182
 -0.00065751
-0.000405433
-0.000169112
 0.000895829
 0.000610168
-0.000141342
-0.000701594
 -0.00067665
 3.54947e-05
 0.000845991
 0.000561758
-0.000251862
-0.000354083
-0.000765114
 0.000156023
 0.000685351
 0.000582677
-0.000345318
-0.000904116
-0.000267007
 0.000631881
 0.000658654
 0.000221946
-0.000300635
 -0.00114724
 -0.00055136
  0.00101756
  0.00115971
 0.000168207
 -0.00071962
-0.000998317
-0.000957947
  0.00124688
  0.00106958
 0.000751056
-0.000840465
 -0.00139844
-0.000409701
 5.55629e-05
  0.00139668
  0.00109432
-0.000112394
 -0.00132714
-0.000935742
-0.000418642
  0.00102593
  0.00107675
 0.000798094
-0.000981682
-0.000721444
-0.000828259
-2.00349e-05
 0.000934707
  0.00110299
 4.17255e-05
-0.000705931
 -0.00084641
-0.000670223
 0.000863806
 0.000976447
 0.000239157
-0.000515223
-0.000661271
-0.000525577
 9.97387e-05
 0.000860078
 0.000878941
 6.97752e-05
 -0.00116171
 -0.00121006
 1.15316e-05
  0.00157779
  0.00093337
-3.00167e-05
 -0.00105469
 -0.00123386
-0.000384377
 0.000923329
  0.00158148
 0.000143669
-0.000270884
-0.000902324
 -0.00169933
 0.000617275
   0.0013857
 0.000126188
 0.000807499
-0.000834599
-0.000701345
-0.000604656
 0.000410012
 0.000575041
 0.000387019
-0.000421206
-6.86235e-05
 0.000275889
-0.000146497
-0.000275786
 0.000298447
-0.000830086
  0.00035904
 0.000841499
 0.000193895
-0.000612992
-0.000500884
-0.000205953
 0.000567069
 0.000795615
-0.000708041
-5.37512e-05
-0.000278323
 0.000277315
-0.000279588
 0.000835405
-0.000373957
-0.000422618
-5.91129e-05
 0.000512323
-0.000153968
 0.000164969
 0.000124725
-0.000874292
 -5.9376e-05
 0.000841083
 0.000368621
-0.000190191
-9.75838e-05
 -0.00109805
 -0.00090521
  0.00199028
  0.00146526
-0.000801084
 -0.00130315
-0.000611017
-0.000777199
  0.00141857
  0.00180292
 0.000192261
 -0.00128285
 -0.00151741
-0.000313955
 0.000332223
  0.00215699
  0.00014322
-0.000384906
 -0.00115609
-0.000908912
 0.000841238
 0.000254083
  0.00102695
-6.25425e-05
-0.000891404
 -0.00100638
 0.000478252
  0.00161526
 -0.00100237
-1.08327e-05
-1.60663e-05
 2.72812e-06
-5.49613e-05
-3.86694e-05
-0.000242245
 0.000615718
-0.000179708
 0.000857448
 -0.00153574
-5.17335e-05
 0.000570264
-0.000136366
  0.00094744
-0.000231829
-0.000891538
-2.86377e-05
  0.00033599
-0.000349768
  0.00144566
-0.000977066
 0.000125443
-0.000829175
-5.48532e-05
 0.000531827
  0.00178548
 -0.00113588
  -0.0010252
-0.000660394
   0.0013926
-0.000286778
 0.000748851
 0.000140129
 -0.00085882
-2.55208e-05
 -0.00154222
  0.00169196
 0.000804289
-0.000171291
-0.000515831
-0.000223296
-0.000421957
-0.000542257
  0.00175923
 -0.00116964
  0.00111584
-0.000195078
-0.000323684
-0.000867798
 0.000323814
 0.000876409
-0.000892493
 0.000250244
 0.000874391
 -0.00112692
 0.000436378
 0.000713896
-0.000743938
-0.000362144
 -0.00123334
   0.0016065
  0.00102306
 0.000763117
 -0.00200336
 -0.00129397
 0.000783231
 0.000583239
 0.000688525
 0.000503002
-0.000873928
-0.000731864
-0.000431764
  0.00116228
 0.000374544
-0.000143639
-0.000762577
 0.000750027
 -0.00114898
 7.69045e-05
  0.00101991
 0.000355351
 2.25845e-05
 -0.00077911
 -0.00116649
-0.000196783
  0.00243051
  9.9535e-05
 0.000644828
 -0.00266741
 -0.00141827
 0.000710829
  0.00332429
  0.00069798
 -0.00160913
 -0.00162188
 -0.00202923
   0.0019818
  0.00168145
   0.0019046
 -0.00150763
 -0.00242806
 -0.00105049
  0.00134292
  0.00158853
   0.0011953
-0.000755375
 -0.00114073
 -0.00166952
 -0.00020229
  0.00250265
 0.000188195
  0.00185695
 -0.00272234
 -0.00164628
-0.000535508
  0.00193181
  0.00333996
 -0.00165245
  -0.0012639
 -0.00315074
  0.00159128
  0.00214923
  0.00231097
 -0.00135057
 -0.00300857
 -0.00242176
  0.00367698
  0.00243902
 -0.00153076
-0.000270719
-0.000131015
 -0.00301406
  0.00201935
  0.00158614
-0.000205899
   -0.001016
  0.00139995
-0.000872361
 -0.00204382
-0.000805473
  0.00502233
-0.000821281
  -0.0013896
 -0.00216635
  0.00181343
-0.000127734
 0.000799028
 0.000377151
 -0.00102413
  -0.0012543
  0.00139113
 0.000683548
 -0.00029726
 -0.00171099
 0.000643923
  0.00275226
   -0.002359
 0.000477814
 -0.00359346
  0.00516648
 5.21707e-05
 -0.00221882
-0.000504451
-0.000943624
  0.00289755
-2.82948e-05
-0.000732387
-0.000853846
-0.000173307
 0.000439654
-0.000205754
   0.0011813
   0.0012835
 -0.00301051
 -0.00122157
  0.00342762
 -0.00216625
  0.00288436
-0.000992912
 -0.00335927
  0.00153516
  0.00219415
 0.000609317
 -0.00296198
-0.000540823
 0.000639171
  0.00325321
 -0.00124219
-0.000960145
 -0.00329093
  0.00229772
  0.00370884
-0.000694854
 -0.00514401
  0.00366535
  -0.0013049
-0.000103972
  0.00235402
 -0.00136647
-0.000179117
-0.000680273
 -0.00012394
  0.00161198
 -0.00170026
  0.00202258
 -0.00126949
 0.000451803
 -0.00148988
  3.5845e-05
   0.0030448
 -0.00156999
 -0.00161585
   0.0019836
 -0.00148585
 0.000525016
 0.000976095
 -0.00134422
  0.00224201
 -0.00290428
-0.000397189
  0.00264883
 0.000306885
-0.000246661
  -0.0037186
  0.00239517
 9.41148e-05
    0.001636
 0.000529695
 -0.00354148
-0.000835096
  0.00179723
  0.00280401
 -0.00129871
-0.000382457
 0.000210042
 -0.00516657
 0.000668799
  0.00903015
  0.00064971
 -0.00637272
 -0.00409176
 -0.00556239
   0.0123521
  0.00983523
 -0.00481561
  -0.0124877
  -0.0105767
  0.00693573
   0.0212153
  0.00912637
  -0.0157739
  -0.0251766
 -0.00902048
   0.0257869
   0.0357405
  0.00248619
  -0.0395611
  -0.0498271
  0.00882689
   0.0720301
   0.0494339
  -0.0308293
  -0.0982167
  -0.0575069
   0.0711828
    0.135568
   0.0493047
   -0.123054
   -0.189647
  -0.0183846
    0.207597
    0.237907
  -0.0371965
   -0.331503
    -0.28468
    0.153342
    0.504301
    0.295079
    -0.36082
   -0.720749
   -0.224052
    0.712249
    0.964603
  -0.0517195
    -1.29714
    -1.08143
    0.809058
     2.12558
    0.508198
    -2.66474
     -2.3398
     3.21032
     4.52608
    -8.58404
     4.90865
  0.00119825
