 0.000665584
 -0.00121283
-0.000631796
 0.000482206
  0.00107622
 0.000877821
 0.000149252
-0.000628552
 -0.00104098
-0.000915814
-0.000356234
  0.00034823
 0.000872468
  0.00099804
 0.000692907
 0.000105763
-0.000509053
 -0.00089951
-0.000914034
-0.000554753
 2.91243e-05
   0.0006011
 0.000929626
 0.000878156
 0.000460969
-0.000157686
 -0.00072513
 -0.00100144
-0.000861152
 -0.00035279
 0.000314832
 0.000857275
  0.00103746
   0.0007728
 0.000175554
-0.000494172
-0.000944323
-0.000981859
-0.000598776
 2.76453e-05
 0.000618886
 0.000922769
 0.000823797
 0.000386981
-0.000181945
-0.000635337
-0.000794255
-0.000618628
-0.000211194
  0.00024031
 0.000550999
 0.000614399
 0.000435968
 0.000115851
-0.000203889
 -0.00040175
-0.000421024
-0.000282493
-6.45049e-05
 0.000135539
 0.000241799
 0.000227262
 0.000119235
-1.74603e-05
-0.000111526
-0.000118221
-4.01369e-05
 7.40137e-05
 0.000152068
 0.000136335
 1.63671e-05
-0.000158649
-0.000298316
-0.000314125
  -0.0001684
 9.71513e-05
  0.00037054
 0.000516701
 0.000443811
  0.00015486
-0.000242236
-0.000575539
 -0.00068613
-0.000504261
-8.88284e-05
  0.00039183
 0.000730513
 0.000772751
 0.000487288
-1.62132e-05
-0.000530728
-0.000838345
-0.000802357
-0.000426604
 0.000142054
 0.000670873
 0.000934345
 0.000808942
 0.000329656
-0.000315349
-0.000855353
 -0.00104857
-0.000789417
-0.000166343
 0.000563245
  0.00107637
  0.00112809
 0.000670365
-0.000111228
-0.000869919
 -0.00125227
 -0.00106661
-0.000382745
 0.000489638
  0.00114176
  0.00126093
  0.00078511
-6.10226e-05
-0.000871899
 -0.00125803
 -0.00103718
-0.000323481
 0.000530614
  0.00111126
  0.00114729
 0.000639299
-0.000150061
-0.000835918
 -0.00110394
-0.000858072
-0.000250599
 0.000412048
 0.000830104
 0.000850819
 0.000521039
 3.55763e-05
-0.000377511
 -0.00056831
-0.000516103
-0.000306622
-6.20503e-05
 0.000127971
 0.000235562
 0.000278392
 0.000279872
 0.000240458
 0.000141312
-2.55219e-05
-0.000226748
-0.000384303
-0.000410106
-0.000260365
 2.45178e-05
 0.000324382
 0.000493201
 0.000436273
 0.000167797
-0.000187198
-0.000452166
-0.000491074
-0.000282125
 6.68162e-05
 0.000373704
  0.00047836
 0.000328293
 7.19655e-06
-0.000310321
-0.000453283
-0.000346675
 -5.1741e-05
 0.000268193
 0.000437223
 0.000363157
 8.72674e-05
-0.000238472
-0.000434903
-0.000394582
 -0.00014017
 0.000188042
 0.000410412
 0.000406795
 0.000182683
-0.000135037
-0.000369535
-0.000393383
-0.000198562
 0.000100111
 0.000331717
  0.00036624
 0.000187778
-9.71908e-05
 -0.00032112
-0.000351883
-0.000169005
 0.000123388
 0.000355113
 0.000386502
 0.000189461
-0.000133624
-0.000404642
-0.000467934
-0.000278611
 7.05267e-05
 0.000397527
 0.000530246
 0.000399142
  7.3993e-05
-0.000276374
 -0.00047685
-0.000439269
-0.000203144
 9.49917e-05
 0.000303362
 0.000337902
 0.000217969
 3.97478e-05
-9.22017e-05
-0.000128921
-9.65516e-05
-6.33095e-05
-7.97214e-05
-0.000135349
-0.000164013
-9.36318e-05
 9.12208e-05
 0.000319725
 0.000462899
 0.000407009
 0.000130783
-0.000263519
-0.000589734
-0.000671142
-0.000438908
 1.98648e-05
 0.000495944
 0.000757648
 0.000668197
 0.000258339
 -0.00028443
-0.000704577
-0.000802919
-0.000531539
-1.56231e-05
 0.000508213
 0.000804066
 0.000744044
 0.000361381
-0.000171817
-0.000625951
-0.000814461
-0.000667231
-0.000252447
 0.000259478
  0.00066603
 0.000810193
 0.000635815
 0.000207043
-0.000314204
-0.000725126
-0.000856027
-0.000639074
-0.000144086
 0.000437275
 0.000860987
 0.000932617
 0.000598407
-1.63449e-05
-0.000649849
 -0.00101502
-0.000931844
-0.000419863
 0.000299807
 0.000899667
  0.00109578
 0.000784715
 9.79397e-05
-0.000653555
 -0.00112132
  -0.0010814
-0.000540715
 0.000263141
 0.000968203
  0.00125226
 0.000979616
 0.000263889
-0.000581746
 -0.00118305
 -0.00127174
-0.000805157
 1.39773e-05
 0.000826993
  0.00127711
  0.00116889
 0.000553499
-0.000293834
 -0.00099741
 -0.00124991
-0.000948222
-0.000237786
 0.000556263
  0.00107855
  0.00110457
 0.000638941
  -9.174e-05
-0.000748252
 -0.00103611
-0.000838997
-0.000266736
 0.000401282
 0.000850442
   0.0008774
 0.000482227
-0.000135883
-0.000676278
-0.000880218
 -0.00065368
-0.000109987
  0.00048597
 0.000847073
 0.000801523
 0.000376245
-0.000219681
-0.000699051
-0.000837474
-0.000581875
-7.09785e-05
 0.000439102
 0.000706036
 0.000619653
 0.000249685
-0.000200236
-0.000502847
-0.000523721
-0.000281757
 7.33121e-05
  0.00034837
  0.00041144
 0.000254477
-1.52108e-05
-0.000243081
-0.000316005
-0.000218165
-2.87702e-05
 0.000134407
 0.000186868
 0.000123432
 1.09382e-05
-6.24313e-05
-4.78992e-05
 3.23774e-05
 0.000103065
 9.06031e-05
-2.09552e-05
-0.000171105
-0.000256937
-0.000199678
-3.18956e-06
 0.000235441
 0.000376272
 0.000319437
 7.19409e-05
 -0.00024437
-0.000455699
-0.000434255
-0.000176776
 0.000187019
 0.000462724
 0.000499966
 0.000278925
-7.80648e-05
-0.000376125
-0.000458728
-0.000295724
 3.97196e-06
 0.000261094
 0.000333287
  0.00019795
-4.08298e-05
-0.000221084
-0.000225447
-5.45687e-05
 0.000175107
 0.000304831
 0.000234894
-9.84331e-06
-0.000290019
-0.000433674
-0.000340866
-4.71913e-05
 0.000289786
 0.000478728
 0.000405559
 0.000102799
  -0.0002634
-0.000483999
-0.000424829
-0.000106562
 0.000300703
 0.000566956
 0.000528199
 0.000181338
-0.000305639
-0.000676822
-0.000722041
-0.000392166
 0.000166937
 0.000681128
 0.000885595
 0.000661908
 0.000104199
-0.000522103
-0.000911104
-0.000869531
-0.000415402
 0.000230059
 0.000754108
 0.000908785
 0.000633051
 7.77973e-05
-0.000476569
-0.000764102
-0.000665129
-0.000257118
 0.000235186
 0.000561566
 0.000573447
 0.000291698
-0.000115106
-0.000426837
-0.000487911
 -0.00028268
 6.46687e-05
 0.000363721
 0.000459356
 0.000309857
 2.19049e-06
-0.000300922
-0.000447607
-0.000372982
-0.000124105
 0.000171396
 0.000374083
 0.000399673
 0.000251891
 1.04724e-05
-0.000214098
-0.000332352
 -0.00030933
-0.000169847
 2.10782e-05
 0.000188738
 0.000276106
 0.000259379
  0.00015126
-5.97997e-06
-0.000155133
-0.000241797
-0.000233581
 -0.00013385
 1.64205e-05
 0.000152199
 0.000211263
 0.000164415
  3.3239e-05
-0.000115897
-0.000202515
-0.000175188
-4.19817e-05
 0.000127274
 0.000235332
 0.000211145
 5.56548e-05
-0.000151822
-0.000290598
-0.000266786
-7.29431e-05
 0.000195704
 0.000385439
 0.000367898
 0.000120553
-0.000246171
-0.000534695
-0.000565158
-0.000280192
 0.000206718
 0.000655126
 0.000818065
 0.000577308
 1.87992e-05
-0.000597095
-0.000962429
-0.000880773
-0.000374777
 0.000317926
 0.000862554
 0.000995665
 0.000659338
 2.74835e-05
-0.000586457
-0.000891029
-0.000761405
-0.000292684
 0.000261487
 0.000628019
 0.000653431
 0.000371038
-3.45501e-05
-0.000339311
-0.000401206
-0.000228487
 4.15718e-05
 0.000231504
 0.000227516
  4.0833e-05
-0.000206723
-0.000356937
-0.000306831
-6.56583e-05
 0.000251102
 0.000484185
 0.000512895
  0.00031482
-2.67986e-05
-0.000365714
-0.000561899
-0.000541263
-0.000320759
 7.29231e-06
 0.000319329
 0.000508321
 0.000517817
 0.000353262
 7.36222e-05
-0.000229649
-0.000458349
-0.000534343
-0.000424338
-0.000155911
 0.000182685
 0.000467241
  0.00058174
 0.000468158
 0.000159721
-0.000224397
-0.000523139
-0.000603246
-0.000421993
-5.18421e-05
  0.00034688
  0.00059646
 0.000582021
 0.000305876
-0.000111932
 -0.00048687
 -0.00065245
-0.000535125
-0.000185926
 0.000243759
 0.000569209
 0.000653523
 0.000464621
 8.56375e-05
-0.000322902
   -0.000593
-0.000618853
-0.000398231
-2.89973e-05
 0.000335752
 0.000552517
 0.000545744
 0.000334361
 1.63878e-05
-0.000277197
  -0.0004396
-0.000427821
-0.000270884
-4.64654e-05
 0.000158936
 0.000284424
 0.000309668
 0.000248247
 0.000130485
-1.20317e-05
-0.000150581
-0.000256494
-0.000298599
-0.000251082
-0.000110037
  9.1771e-05
 0.000284396
 0.000384292
 0.000332283
 0.000130251
-0.000147403
-0.000379801
 -0.00045302
-0.000319409
-2.90101e-05
 0.000286592
 0.000474466
 0.000436966
   0.0001854
-0.000159701
-0.000425912
-0.000476721
-0.000284931
 4.86731e-05
 0.000345594
 0.000444353
 0.000290054
-3.12632e-05
-0.000335358
 -0.00044111
 -0.00027505
 7.95967e-05
 0.000421871
 0.000543022
 0.000348258
-7.89318e-05
 -0.00051249
-0.000704697
-0.000526711
-5.14862e-05
 0.000476764
 0.000770715
 0.000661493
 0.000199034
-0.000367564
-0.000724537
 -0.00066941
-0.000230681
 0.000342998
 0.000717791
 0.000666857
 0.000203727
-0.000415726
-0.000831827
-0.000785871
-0.000273122
 0.000442504
 0.000967203
 0.000994593
 0.000481317
-0.000318758
-0.000985187
 -0.00115711
-0.000731138
 7.80587e-05
 0.000850055
  0.00118214
 0.000903585
 0.000164954
-0.000645286
  -0.0011084
-0.000995065
-0.000378911
 0.000411145
 0.000969792
  0.00102627
 0.000574924
-0.000136567
-0.000747759
-0.000971831
-0.000730833
-0.000174037
 0.000416178
  0.00077306
 0.000766999
 0.000444733
-1.94626e-05
-0.000420596
-0.000615078
-0.000562937
 -0.00031953
 7.12621e-06
 0.000301636
 0.000473495
 0.000473405
 0.000302188
 1.45396e-05
 -0.00028792
-0.000484126
 -0.00048128
-0.000262948
 8.79322e-05
  0.00041575
 0.000562206
 0.000447545
 0.000119353
 -0.00026461
-0.000515108
-0.000510635
-0.000263295
 8.93946e-05
 0.000361131
 0.000420314
 0.000259668
-6.80762e-06
-0.000216486
-0.000256471
-0.000127064
 6.46911e-05
 0.000177006
 0.000126487
 -5.7443e-05
-0.000248117
-0.000300273
 -0.00014518
 0.000158339
 0.000446478
 0.000540381
 0.000351163
-5.92917e-05
-0.000499468
 -0.00074286
-0.000647474
-0.000234243
 0.000316482
 0.000749708
 0.000859349
  0.00058767
 5.19612e-05
-0.000512204
-0.000859179
-0.000842224
-0.000472651
 9.03425e-05
  0.00061295
 0.000882999
 0.000795216
 0.000387884
-0.000175021
-0.000668657
-0.000895199
-0.000760731
-0.000315984
 0.000260276
 0.000730908
 0.000897503
 0.000687127
 0.000188098
-0.000385181
-0.000785057
-0.000841927
-0.000539396
-1.99567e-05
 0.000483614
 0.000756468
 0.000696358
 0.000351001
-0.000113237
-0.000494183
-0.000642881
-0.000520687
-0.000202469
 0.000165976
  0.00043444
 0.000507248
 0.000374164
  0.00010663
-0.000178192
-0.000365145
-0.000386894
-0.000248025
-1.92644e-05
 0.000195734
 0.000306881
 0.000276385
 0.000132353
-5.09178e-05
-0.000191652
-0.000240244
-0.000196812
-0.000100688
 4.84748e-07
 7.77433e-05
 0.000130544
 0.000171243
 0.000201746
 0.000199785
 0.000129262
-2.78026e-05
-0.000241672
-0.000429216
-0.000483902
-0.000332864
 9.63267e-06
 0.000426539
 0.000733822
 0.000763366
 0.000450835
-0.000111959
-0.000697961
 -0.00103592
-0.000937776
-0.000402209
 0.000362319
    0.001016
  0.00124109
 0.000899927
 0.000119377
-0.000752091
 -0.00129939
 -0.00124313
-0.000585408
 0.000376614
  0.00118502
    0.001441
  0.00100341
 6.56461e-05
-0.000931863
 -0.00151194
 -0.00139025
-0.000614511
 0.000459434
  0.00133629
  0.00161569
  0.00117708
  0.00022844
-0.000797144
  -0.0014481
 -0.00145873
-0.000860759
  4.7606e-05
 0.000852264
  0.00121827
  0.00103572
 0.000451396
-0.000222956
-0.000673165
-0.000731813
-0.000443894
-2.00761e-05
  0.00029146
 0.000341136
 0.000150114
-0.000118115
-0.000266189
-0.000186075
 7.38686e-05
 0.000339199
 0.000418488
 0.000227561
-0.000147492
-0.000489587
-0.000575931
-0.000317243
 0.000171997
 0.000622177
 0.000755151
 0.000452021
-0.000159715
-0.000756366
-0.000988845
-0.000684499
 3.67002e-05
 0.000807026
   0.0012008
 0.000972519
 0.000207753
-0.000705888
 -0.00128003
 -0.00119278
-0.000474752
 0.000498449
  0.00120537
  0.00126552
 0.000649556
-0.000301297
 -0.00106484
 -0.00122661
-0.000707735
 0.000195033
 0.000977237
  0.00120758
 0.000763145
-0.000109546
-0.000935929
 -0.00127428
-0.000949853
-0.000138669
 0.000738709
  0.00124544
  0.00115041
 0.000531757
-0.000286287
-0.000912651
 -0.00108568
-0.000781983
-0.000197613
 0.000376147
 0.000700757
 0.000689381
 0.000416108
 4.67793e-05
-0.000255189
-0.000398007
-0.000378191
-0.000251582
-8.72401e-05
 6.54605e-05
 0.000183011
 0.000256258
 0.000275433
 0.000227369
  0.00010655
 -7.0935e-05
 -0.00025863
 -0.00038857
-0.000396045
-0.000249229
 2.63423e-05
 0.000343285
 0.000574368
 0.000599906
 0.000365021
-7.82432e-05
-0.000567004
-0.000880766
-0.000837034
-0.000390386
 0.000314041
 0.000978465
  0.00127376
   0.0010022
 0.000217913
-0.000765107
 -0.00149716
 -0.00160226
-0.000972634
 0.000154644
  0.00128642
  0.00189797
  0.00168432
 0.000715479
-0.000585737
 -0.00163726
 -0.00197114
 -0.00145076
-0.000328678
 0.000879975
  0.00164728
  0.00167281
  0.00100779
 2.61662e-06
-0.000878857
 -0.00128341
 -0.00111507
-0.000544015
  0.00011279
 0.000563694
 0.000674325
 0.000498042
 0.000205745
 -3.0871e-05
-0.000130743
-0.000122488
-9.18511e-05
 -0.00010351
-0.000152695
-0.000176029
-0.000111211
 4.24214e-05
 0.000206987
  0.00027102
 0.000167739
-6.65206e-05
-0.000297232
-0.000366361
-0.000194355
 0.000154498
 0.000490854
  0.00060127
 0.000377444
-0.000104478
-0.000605245
-0.000845677
-0.000664028
-0.000120769
 0.000517466
 0.000912435
 0.000839236
 0.000320049
-0.000374905
-0.000867653
-0.000879582
-0.000395048
 0.000320174
 0.000857746
 0.000897485
 0.000395266
-0.000377134
-0.000974965
 -0.00102994
-0.000467568
 0.000431794
  0.00117603
  0.00132837
 0.000756717
-0.000278665
 -0.00124981
 -0.00163949
 -0.00121784
-0.000170253
  0.00099163
   0.0016922
  0.00158319
 0.000719635
-0.000473249
 -0.00141616
 -0.00166124
 -0.00110755
-3.93596e-05
  0.00101964
  0.00156234
  0.00133758
 0.000462091
-0.000641674
 -0.00144827
 -0.00157394
-0.000952662
 0.000135672
  0.00119345
  0.00173207
  0.00149359
 0.000569624
 -0.00063633
 -0.00158674
 -0.00185041
 -0.00129808
-0.000165247
   0.0010496
   0.0018068
  0.00176905
 0.000954706
-0.000269711
 -0.00135839
 -0.00183509
 -0.00150698
 -0.00054464
 0.000607538
   0.0014442
  0.00162845
  0.00113034
 0.000215923
-0.000697125
 -0.00123766
 -0.00123621
-0.000768223
-8.54182e-05
 0.000519768
 0.000839988
 0.000816797
 0.000525779
 0.000114061
-0.000269788
-0.000519465
-0.000581572
-0.000450722
-0.000165807
 0.000190166
 0.000495585
 0.000620766
 0.000482797
 0.000100073
-0.000387359
-0.000760951
-0.000819889
 -0.00049044
 0.000115419
 0.000732132
  0.00105846
  0.00090977
 0.000321555
-0.000450308
 -0.00104347
 -0.00116454
-0.000737459
 5.12546e-05
 0.000835179
  0.00124131
  0.00107044
 0.000394238
-0.000475589
 -0.00113362
 -0.00127112
-0.000820501
 1.32181e-05
 0.000846088
  0.00129336
  0.00114648
  0.00046995
 -0.00042783
 -0.00113466
 -0.00132418
-0.000907311
-7.50681e-05
 0.000787627
  0.00128098
  0.00117802
 0.000531904
-0.000347422
 -0.00104316
 -0.00123118
-0.000836937
-6.75718e-05
 0.000694501
  0.00108322
 0.000929035
 0.000336092
-0.000381928
-0.000866993
-0.000897745
-0.000490416
 0.000125502
  0.00063752
 0.000810777
 0.000594594
 0.000126171
-0.000356516
-0.000640976
-0.000632987
-0.000378783
-1.66615e-05
 0.000301448
 0.000473576
 0.000472456
  0.00033015
 0.000107191
-0.000130614
-0.000324535
 -0.00042466
-0.000395751
-0.000234883
 1.68694e-05
 0.000274906
 0.000438515
  0.00043274
  0.00024945
-4.07674e-05
-0.000313774
-0.000447406
-0.000379338
-0.000141919
 0.000151911
 0.000360592
  0.00038352
 0.000213559
-5.74663e-05
-0.000283878
 -0.00034193
 -0.00019866
 6.56046e-05
 0.000296909
 0.000351923
 0.000184355
-0.000119415
 -0.00037903
-0.000422047
-0.000191484
 0.000203703
 0.000533036
 0.000571946
 0.000241048
-0.000322829
-0.000815977
-0.000925133
-0.000514884
 0.000268792
  0.00104129
  0.00136876
  0.00100689
 6.16876e-05
 -0.00102999
 -0.00170523
 -0.00156901
-0.000620891
 0.000711683
   0.0017715
  0.00200156
  0.00124262
-0.000164257
 -0.00153495
  -0.0021827
 -0.00177068
-0.000488797
  0.00103484
  0.00205044
  0.00206342
  0.00108103
-0.000398886
 -0.00164528
  -0.0020632
 -0.00148332
-0.000229125
  0.00106524
  0.00178063
    0.001615
 0.000710193
-0.000449972
 -0.00130051
 -0.00147539
-0.000964889
-8.51502e-05
 0.000711329
  0.00106864
 0.000887908
 0.000340731
-0.000253881
-0.000608273
 -0.00060424
-0.000324837
  2.4795e-05
 0.000247668
 0.000262011
 0.000128098
-1.36732e-05
-4.22403e-05
 6.15994e-05
 0.000207286
 0.000258176
 0.000127173
-0.000154296
-0.000441052
-0.000553502
-0.000385846
 1.85284e-05
 0.000472195
 0.000735141
 0.000643253
 0.000207235
-0.000379075
-0.000825685
 -0.00089424
-0.000522538
  0.00013203
 0.000762291
  0.00105777
 0.000858071
 0.000237908
-0.000523234
 -0.00106881
 -0.00113509
  -0.0006807
 9.22382e-05
 0.000827115
  0.00118151
 0.000990722
 0.000347169
-0.000442995
 -0.00100616
 -0.00108312
-0.000651628
  6.5416e-05
 0.000714254
  0.00098667
 0.000772105
 0.000203967
-0.000416224
-0.000779026
-0.000723142
-0.000311141
 0.000215363
 0.000571268
 0.000580902
 0.000264944
 -0.00018177
-0.000501456
-0.000517426
-0.000224302
 0.000215365
 0.000562218
 0.000630214
 0.000378355
-7.38092e-05
-0.000514239
 -0.00074478
-0.000671792
-0.000339481
 0.000103891
 0.000479125
 0.000651501
 0.000576674
  0.00030411
-5.02972e-05
-0.000351534
-0.000489344
-0.000414187
-0.000154808
 0.000185463
 0.000461812
 0.000541274
 0.000363666
-1.69559e-05
-0.000440723
-0.000702546
-0.000650641
-0.000272226
 0.000279151
  0.00074129
 0.000868024
 0.000560661
-6.26904e-05
-0.000707263
 -0.00104193
-0.000869159
-0.000242035
 0.000546198
  0.00110015
  0.00112286
 0.000575832
-0.000289504
 -0.00104931
 -0.00131947
-0.000951694
-0.000112752
 0.000794533
  0.00133208
   0.0012409
 0.000568583
-0.000359184
 -0.00110028
 -0.00131291
-0.000914724
-0.000114089
 0.000699711
  0.00114769
  0.00103959
 0.000455427
-0.000303312
-0.000868197
-0.000981325
-0.000613594
 2.97377e-05
 0.000618015
 0.000861437
 0.000650569
 0.000104865
-0.000492494
-0.000837561
-0.000755913
-0.000284759
   0.0003493
 0.000844454
  0.00096759
 0.000661791
 6.45309e-05
-0.000562338
-0.000958394
-0.000975267
-0.000632071
-9.09547e-05
  0.00042516
 0.000729662
 0.000741021
 0.000498673
 0.000128506
-0.000218193
-0.000425107
 -0.00044314
-0.000296624
-6.03788e-05
 0.000170383
 0.000313904
 0.000324793
 0.000206527
 9.03408e-06
-0.000187537
-0.000301889
-0.000284844
-0.000142257
 6.09439e-05
 0.000228091
 0.000274864
 0.000172888
-3.04324e-05
-0.000230737
-0.000319594
-0.000242141
-3.12249e-05
 0.000206567
 0.000343964
 0.000304538
 0.000105136
-0.000149341
 -0.00032302
-0.000324354
-0.000155815
  8.7144e-05
  0.00027147
 0.000301179
 0.000169631
-4.10956e-05
-0.000210925
-0.000252464
-0.000155905
 9.89837e-06
 0.000145076
 0.000178897
 0.000107899
-1.08362e-05
-0.000100365
-0.000113027
-5.45851e-05
 2.39574e-05
  6.6608e-05
 4.88405e-05
-1.00691e-05
-6.31464e-05
-6.97306e-05
-2.49695e-05
 3.93352e-05
 7.63074e-05
 5.62529e-05
 -1.0515e-05
-8.01475e-05
 -0.00010247
-5.34919e-05
 4.47873e-05
 0.000135457
 0.000158274
 8.66103e-05
 -5.0454e-05
-0.000181746
-0.000228941
-0.000154869
 1.25102e-05
 0.000185989
 0.000262784
 0.000183773
-2.60195e-05
-0.000258204
-0.000373211
-0.000276396
 1.41012e-05
 0.000357928
 0.000550848
 0.000438383
 1.84932e-05
-0.000520393
-0.000871375
 -0.00076886
-0.000160887
 0.000705521
  0.00136463
  0.00136307
 0.000539659
-0.000802286
  -0.0019672
 -0.00219821
 -0.00112666
 0.000905109
  0.00287789
  0.00355672
  0.00219857
-0.000862994
 -0.00415637
 -0.00569481
 -0.00408054
 0.000479781
   0.0058952
  0.00900993
  0.00729392
 0.000575503
 -0.00824488
  -0.0142115
  -0.0128668
 -0.00315472
   0.0110425
   0.0220441
   0.0221672
  0.00850985
  -0.0140013
  -0.0336449
  -0.0374332
  -0.0188749
   0.0162812
   0.0504222
   0.0619407
   0.0376748
  -0.0166107
  -0.0747627
   -0.101141
  -0.0704492
   0.0134121
     0.11154
    0.164661
     0.12507
 -0.00890181
   -0.176807
   -0.274766
   -0.209547
   0.0326141
    0.340221
    0.494432
    0.275445
   -0.349394
   -0.998631
   -0.680138
     2.30088
   0.0457315
