  0.00147332
 -0.00223779
 -0.00118536
 0.000752559
  0.00168354
  0.00126498
 9.05088e-05
-0.000982042
 -0.00135713
-0.000951476
-0.000119507
 0.000631215
 0.000940642
 0.000755446
 0.000291385
-0.000156037
-0.000396265
-0.000418109
 -0.00033461
-0.000254804
-0.000187626
 -6.0906e-05
 0.000185902
  0.00050008
 0.000703653
 0.000600868
 0.000131071
-0.000538301
 -0.00106079
 -0.00110327
-0.000557173
 0.000355035
  0.00116946
   0.0014317
 0.000960421
-2.82127e-05
  -0.0010263
 -0.00150715
 -0.00121945
-0.000324466
 0.000698664
  0.00132216
  0.00125333
 0.000578575
-0.000312098
-0.000952126
  -0.0010563
 -0.00064609
-9.45204e-07
 0.000523444
 0.000697158
 0.000514079
 0.000152756
-0.000160845
 -0.00028691
-0.000234069
  -0.0001119
-3.48105e-05
-3.62695e-05
 -6.3279e-05
-3.79881e-05
 6.53772e-05
 0.000190598
 0.000236958
 0.000141297
-6.28377e-05
 -0.00025256
-0.000290123
-0.000130305
 0.000141895
 0.000347729
 0.000331134
 6.88956e-05
-0.000295107
-0.000528949
-0.000454987
 -7.4048e-05
 0.000413711
 0.000721904
 0.000645866
 0.000195723
-0.000394287
-0.000801214
-0.000797797
-0.000386665
 0.000206651
 0.000668007
 0.000776886
 0.000518735
 6.89296e-05
-0.000331535
-0.000520938
-0.000484729
-0.000316628
 -0.00012357
 5.55791e-05
 0.000239922
 0.000439384
 0.000583575
 0.000536271
 0.000195228
-0.000387559
-0.000957002
 -0.00116461
 -0.00077501
 0.000137505
  0.00115979
  0.00172009
  0.00141632
 0.000287103
 -0.00114102
 -0.00210054
 -0.00200176
-0.000800763
 0.000924555
  0.00225373
  0.00242358
  0.00127962
-0.000603305
 -0.00221051
 -0.00264472
 -0.00163876
 0.000270975
  0.00203576
  0.00267848
  0.00184992
  2.8289e-05
 -0.00176117
   -0.002531
 -0.00189435
-0.000266843
  0.00139963
  0.00218245
  0.00171085
 0.000348198
 -0.00106438
 -0.00172266
 -0.00132523
-0.000208135
 0.000897355
  0.00132729
 0.000878577
-0.000102083
-0.000958771
 -0.00114472
-0.000555505
 0.000422598
  0.00116156
  0.00118029
 0.000444961
-0.000612427
  -0.0013535
  -0.0013178
-0.000501418
 0.000636376
  0.00143918
  0.00143699
 0.000619969
-0.000553308
 -0.00142221
 -0.00149642
-0.000737326
  0.00042825
  0.00134907
  0.00151464
 0.000838841
-0.000297864
 -0.00126353
 -0.00152432
-0.000938539
 0.000167976
  0.00118227
  0.00154281
  0.00104557
-3.89958e-05
 -0.00111069
 -0.00157377
 -0.00116391
-0.000103159
  0.00102297
  0.00158531
  0.00126553
 0.000237362
-0.000925258
 -0.00157176
 -0.00133651
-0.000351372
 0.000831055
  0.00154492
  0.00138512
  0.00043818
-0.000760792
 -0.00153012
 -0.00142631
-0.000500114
 0.000727491
  0.00155305
  0.00149174
 0.000561348
-0.000717665
 -0.00160788
 -0.00158396
-0.000640318
 0.000690531
  0.00164243
  0.00165749
 0.000721082
-0.000624565
 -0.00159449
 -0.00162922
-0.000724429
 0.000567105
  0.00147322
  0.00147255
 0.000600627
-0.000580892
 -0.00134191
 -0.00123714
-0.000371047
 0.000681826
  0.00124855
 0.000983805
 7.52279e-05
-0.000880659
 -0.00126356
-0.000819624
  0.00018357
  0.00112227
  0.00140574
 0.000838821
-0.000260388
 -0.00124943
 -0.00154419
-0.000966259
 0.000160436
  0.00119725
  0.00156393
  0.00106866
 4.14498e-06
 -0.00102636
 -0.00146557
 -0.00110481
-0.000185566
  0.00076247
  0.00123487
  0.00102914
 0.000329821
-0.000435664
-0.000862645
-0.000795491
-0.000370292
 0.000106996
 0.000380369
 0.000383383
 0.000239697
 0.000123665
 0.000114606
 0.000142461
 6.49604e-05
 -0.00018371
 -0.00050329
-0.000666205
-0.000475934
 6.49741e-05
 0.000708898
  0.00107794
 0.000900329
 0.000198181
-0.000690967
 -0.00128343
 -0.00122955
-0.000523913
 0.000481624
   0.0012597
   0.0014009
 0.000831516
-0.000152335
 -0.00105151
 -0.00142471
 -0.00110763
 -0.00027456
 0.000666171
  0.00127904
  0.00130175
 0.000748299
-0.000120359
-0.000920118
 -0.00131303
 -0.00114231
-0.000488192
 0.000371511
  0.00106944
  0.00131103
 0.000988293
 0.000237097
-0.000616092
 -0.00119948
 -0.00125314
-0.000752952
 7.60604e-05
 0.000861835
   0.0012555
  0.00108629
 0.000439089
-0.000392645
 -0.00103771
 -0.00121208
-0.000839339
-8.69996e-05
 0.000709317
  0.00118561
  0.00111067
 0.000499019
-0.000380792
 -0.00111134
  -0.0013213
-0.000872109
 4.66091e-05
 0.000991846
  0.00147027
  0.00120922
 0.000309662
-0.000781995
 -0.00149347
 -0.00143815
-0.000629994
 0.000508441
  0.00137136
  0.00149583
 0.000821321
-0.000278284
 -0.00119689
 -0.00143652
-0.000879698
  0.00015007
  0.00106748
  0.00136175
 0.000881385
-8.86017e-05
-0.000986391
  -0.0013024
-0.000864161
 6.17958e-05
 0.000930229
  0.00123167
 0.000796333
-0.000108811
-0.000934981
  -0.0011782
-0.000685573
 0.000245298
  0.00103923
  0.00119236
 0.000588262
-0.000419523
 -0.00120929
 -0.00127118
-0.000534537
 0.000574698
  0.00137902
  0.00136197
 0.000501354
-0.000704644
 -0.00152489
 -0.00144595
-0.000490685
 0.000781396
  0.00160734
  0.00148796
 0.000490156
-0.000790657
 -0.00158977
 -0.00143914
-0.000446555
 0.000779033
      0.0015
  0.00130257
 0.000332154
-0.000805008
 -0.00141781
 -0.00115144
-0.000186024
  0.00088109
  0.00140529
  0.00107809
 0.000103639
-0.000935875
 -0.00143268
 -0.00110088
-0.000141616
 0.000888167
  0.00140452
  0.00112607
 0.000224921
 -0.00078389
 -0.00133553
 -0.00113148
-0.000294936
 0.000706572
  0.00131945
  0.00120516
 0.000420782
-0.000615953
 -0.00134694
 -0.00137077
-0.000655048
 0.000435943
  0.00133008
  0.00154504
 0.000948812
-0.000159517
 -0.00120325
 -0.00162919
 -0.00120798
-0.000162359
 0.000954371
  0.00155496
  0.00133675
  0.00043901
-0.000644573
  -0.0013377
 -0.00129783
-0.000584362
 0.000388594
  0.00109159
  0.00116746
 0.000611721
-0.000239969
-0.000910598
 -0.00104581
-0.000598027
 0.000156424
 0.000789031
 0.000955886
 0.000586514
-8.52596e-05
-0.000672073
-0.000854215
-0.000561601
 8.17338e-06
 0.000516841
  0.00069124
 0.000474274
 3.59998e-05
-0.000347321
-0.000468234
-0.000303306
 -2.3634e-06
 0.000224294
 0.000245536
 8.48836e-05
-0.000110585
-0.000182782
-7.29566e-05
 0.000139111
 0.000288434
 0.000242651
 -2.8202e-06
-0.000309697
-0.000475742
-0.000365833
-1.09154e-05
 0.000395536
 0.000603346
 0.000460732
 2.17888e-05
-0.000471504
-0.000716366
-0.000538801
-1.13701e-05
 0.000567309
 0.000845575
 0.000623216
-2.66978e-06
-0.000677654
-0.000985959
-0.000707322
 3.39215e-05
 0.000814299
  0.00115242
  0.00079806
-8.59221e-05
 -0.00100024
 -0.00138255
-0.000951895
  9.7535e-05
  0.00118306
  0.00166066
  0.00120532
 2.44685e-05
 -0.00124072
 -0.00187124
 -0.00148712
-0.000277495
  0.00110124
  0.00188737
  0.00165054
  0.00053053
 -0.00084559
  -0.0017224
 -0.00164065
-0.000684721
 0.000581714
  0.00145042
  0.00146953
 0.000685445
-0.000409109
 -0.00117942
   -0.001211
-0.000540265
 0.000398274
  0.00104087
  0.00102495
 0.000391726
-0.000464626
 -0.00103729
 -0.00100398
 -0.00040044
 0.000418151
 0.000994048
  0.00102615
 0.000528288
-0.000203278
-0.000770726
-0.000900751
-0.000579568
-3.27763e-05
 0.000424935
 0.000578259
 0.000415054
 0.000101181
-0.000146907
 -0.00020243
-9.57341e-05
  3.2259e-05
 4.66027e-05
-7.89827e-05
-0.000242006
-0.000290706
-0.000135834
 0.000171801
 0.000459434
 0.000540594
 0.000329936
-8.78028e-05
-0.000498407
 -0.00067657
 -0.00051279
-8.00322e-05
 0.000405474
 0.000695688
 0.000643699
 0.000276059
-0.000225542
-0.000617707
-0.000719049
-0.000490639
-4.37699e-05
 0.000415587
 0.000687224
 0.000658962
 0.000346479
-0.000114324
-0.000527529
-0.000715985
-0.000595928
-0.000215367
 0.000261967
 0.000620939
 0.000695462
 0.000452137
 9.51274e-06
-0.000412857
 -0.00061029
-0.000497681
 -0.00015478
 0.000220479
 0.000427172
 0.000373636
 0.000123925
-0.000150297
-0.000276976
-0.000191405
 3.10183e-05
 0.000224572
 0.000244806
 6.21896e-05
-0.000214839
-0.000401374
-0.000354593
-6.37241e-05
 0.000325085
  0.00058661
 0.000545817
 0.000183098
-0.000331518
-0.000721762
 -0.00075313
-0.000370559
 0.000252738
 0.000791825
 0.000939464
 0.000581054
-0.000124258
-0.000808829
 -0.00108759
-0.000777241
 -1.5881e-05
 0.000790835
  0.00118362
  0.00091142
 9.60951e-05
-0.000814399
 -0.00128631
 -0.00101235
-0.000110903
  0.00091644
   0.0014585
  0.00115704
 0.000136126
 -0.00104289
 -0.00168639
 -0.00138177
-0.000252093
  0.00108262
  0.00185356
  0.00158877
 0.000404467
 -0.00104142
 -0.00191486
 -0.00169529
-0.000483739
  0.00102886
  0.00196415
  0.00175724
 0.000502543
 -0.00108445
 -0.00207801
 -0.00187642
 -0.00056518
  0.00111971
  0.00220803
  0.00205516
 0.000723263
  -0.0010453
 -0.00224911
 -0.00220106
-0.000925004
 0.000859966
   0.0021502
  0.00222998
  0.00107579
-0.000643508
 -0.00195718
 -0.00214936
  -0.0011522
 0.000435102
  0.00170794
  0.00197964
  0.00115628
-0.000239442
 -0.00140036
 -0.00170729
 -0.00106829
 7.27436e-05
  0.00103286
  0.00130679
 0.000840083
 9.19214e-06
-0.000654206
-0.000799784
-0.000454727
  5.4934e-05
 0.000354292
 0.000281943
-2.60224e-05
-0.000265181
-0.000207888
 0.000121023
 0.000460198
 0.000509072
  0.00016166
-0.000395541
-0.000789257
-0.000716177
-0.000160665
 0.000567992
  0.00101592
 0.000877274
 0.000200932
-0.000625148
 -0.00110494
-0.000945297
-0.000237503
  0.00059439
  0.00105567
 0.000882398
 0.000199086
-0.000564961
-0.000947144
-0.000731394
-7.49519e-05
 0.000597372
 0.000864755
 0.000566077
-0.000102743
 -0.00071392
-0.000878289
-0.000479903
 0.000246302
 0.000861082
 0.000984615
  0.00052734
  -0.0002567
-0.000919785
 -0.00108682
-0.000667334
 0.000100974
 0.000796678
  0.00105886
 0.000781698
 0.000150176
-0.000490885
-0.000834819
-0.000767314
-0.000387334
 8.15541e-05
 0.000435992
 0.000574012
 0.000511189
 0.000316477
 5.58796e-05
-0.000221619
-0.000463456
-0.000586848
-0.000506892
-0.000197781
  0.00025389
 0.000652778
 0.000785571
 0.000548241
 2.62493e-05
-0.000529294
-0.000835682
-0.000733621
-0.000282049
 0.000278255
 0.000665844
 0.000711889
 0.000434373
 7.98693e-06
-0.000354841
-0.000514277
-0.000452662
-0.000243718
 8.61196e-06
 0.000223838
 0.000354985
 0.000374311
 0.000270991
 5.71136e-05
-0.000203021
-0.000401302
-0.000429825
-0.000248141
  7.3576e-05
 0.000374493
 0.000487398
 0.000341427
 8.32299e-06
-0.000328525
-0.000482935
-0.000374365
-7.64864e-05
 0.000235271
 0.000386579
 0.000311983
 8.15791e-05
-0.000148487
-0.000238005
-0.000149849
 3.79712e-05
 0.000183681
 0.000172994
-4.39593e-06
-0.000245286
-0.000389361
-0.000308058
 4.82571e-06
 0.000416089
  0.00069971
 0.000657672
 0.000237095
-0.000406241
-0.000956735
 -0.00109253
-0.000668302
 0.000170006
    0.001024
  0.00143254
   0.0011292
 0.000208343
-0.000885398
 -0.00158068
 -0.00148456
-0.000610372
 0.000611939
  0.00155228
  0.00171284
 0.000996961
-0.000238355
 -0.00136966
 -0.00182613
 -0.00138545
-0.000269608
 0.000972602
  0.00174652
  0.00169864
  0.00086945
-0.000336841
 -0.00136209
 -0.00174952
  -0.0013482
 -0.00036733
   0.0007291
  0.00144037
  0.00145821
 0.000807801
-0.000171945
-0.000995169
 -0.00126377
 -0.00086843
-4.46194e-05
 0.000751439
  0.00108246
 0.000769108
-6.04184e-06
-0.000792756
 -0.00111974
-0.000770041
 8.15037e-05
 0.000949103
  0.00130695
 0.000899586
 -8.4366e-05
 -0.00109513
 -0.00152411
 -0.00106784
 6.79304e-05
  0.00124919
  0.00176737
  0.00125865
-4.93516e-05
 -0.00142903
 -0.00205741
 -0.00150595
-2.22256e-05
   0.0015716
  0.00233929
  0.00178587
 0.000173222
 -0.00160151
 -0.00251111
 -0.00200701
 -0.00035177
  0.00151482
  0.00252227
  0.00209026
 0.000476753
  -0.0013796
 -0.00241021
 -0.00203949
-0.000511022
  0.00126836
  0.00227168
  0.00194796
 0.000522806
 -0.00115873
 -0.00214027
 -0.00190125
-0.000631746
 0.000917092
  0.00188954
  0.00180413
 0.000795663
-0.000517352
 -0.00141543
 -0.00148632
-0.000809614
 0.000146762
 0.000843188
  0.00097049
 0.000582926
 4.83364e-06
-0.000408976
-0.000479759
-0.000270267
 8.20453e-06
 0.000160968
 0.000131165
 4.90113e-06
-8.37643e-05
-5.82809e-05
 5.21608e-05
 0.000151748
 0.000161678
  7.2431e-05
-5.53176e-05
 -0.00014682
 -0.00017069
-0.000144203
-0.000100299
-4.46928e-05
 4.74908e-05
 0.000191758
 0.000343805
 0.000391634
 0.000228506
-0.000150944
-0.000593971
-0.000835517
-0.000656401
-3.97862e-05
 0.000753504
  0.00129182
  0.00120763
 0.000434048
-0.000703783
 -0.00162435
 -0.00179453
 -0.00103678
 0.000332956
  0.00164385
  0.00220959
  0.00169752
 0.000322853
 -0.00124478
 -0.00222491
 -0.00212739
 -0.00100669
 0.000563448
  0.00180179
  0.00211466
  0.00140179
 8.05919e-05
 -0.00114895
 -0.00168691
  -0.0013354
-0.000375515
 0.000619753
  0.00111817
 0.000916487
 0.000225019
-0.000485769
-0.000778307
-0.000505145
 0.000117748
 0.000661278
 0.000757677
 0.000329956
-0.000358128
-0.000868823
-0.000863522
-0.000320993
 0.000442208
  0.00095995
 0.000901705
 0.000283717
-0.000530176
 -0.00104071
-0.000915283
-0.000198795
 0.000697839
  0.00123205
  0.00104815
 0.000206203
-0.000836072
 -0.00147167
 -0.00129873
-0.000366042
 0.000830285
  0.00161215
  0.00150963
 0.000545506
-0.000757643
 -0.00165654
 -0.00161963
-0.000642224
 0.000724668
  0.00168729
  0.00166646
 0.000652962
-0.000773262
 -0.00177252
 -0.00173719
-0.000664416
   0.0008391
  0.00190153
  0.00189623
 0.000805914
-0.000762341
 -0.00193562
 -0.00206991
 -0.00110256
 0.000426959
  0.00170108
  0.00206955
  0.00139084
 6.69845e-05
 -0.00120517
 -0.00180649
 -0.00150131
-0.000509859
 0.000642623
    0.001407
  0.00146546
 0.000847051
-0.000123025
-0.000996908
 -0.00140076
 -0.00118034
-0.000443589
 0.000494168
  0.00123921
  0.00147049
  0.00106872
 0.000174579
-0.000849174
 -0.00155417
 -0.00159727
-0.000911824
 0.000232764
  0.00132565
  0.00184263
  0.00150565
  0.00044423
-0.000848438
 -0.00174711
 -0.00180886
 -0.00100656
 0.000251511
  0.00133718
  0.00172967
  0.00128068
 0.000274335
-0.000747243
  -0.0012858
 -0.00114629
-0.000502632
 0.000235659
 0.000679418
 0.000670021
 0.000334021
-4.31186e-05
-0.000217347
-0.000137406
 5.03687e-05
 0.000136372
 1.42776e-05
-0.000236334
 -0.00040324
-0.000306248
 5.62863e-05
 0.000481404
  0.00067836
 0.000466045
-9.00526e-05
-0.000687874
-0.000961744
 -0.00070528
-1.15463e-05
 0.000759184
  0.00118023
 0.000996831
 0.000279629
-0.000607076
 -0.00120282
 -0.00119756
-0.000592116
 0.000306012
  0.00104782
  0.00127468
 0.000888829
 8.99628e-05
-0.000736688
  -0.0012094
 -0.00112232
-0.000525862
  0.00030359
 0.000994843
  0.00124079
 0.000928966
 0.000188304
 -0.00065835
 -0.00122834
 -0.00124718
-0.000680412
 0.000229561
  0.00106036
  0.00140296
  0.00106601
 0.000194742
-0.000787799
 -0.00138143
 -0.00127534
 -0.00051954
 0.000490164
  0.00121884
   0.0012848
  0.00067118
-0.000270421
  -0.0010183
 -0.00117764
-0.000694863
 0.000126036
  0.00081451
  0.00100873
 0.000650261
-1.04881e-05
-0.000581551
-0.000770764
-0.000536611
-8.07129e-05
 0.000307099
 0.000431993
 0.000292217
  4.7926e-05
-0.000111975
-0.000100004
 2.98389e-05
 0.000133759
 9.54355e-05
-8.36849e-05
 -0.00029172
-0.000375192
 -0.00024814
  5.1273e-05
 0.000371759
 0.000536935
 0.000441696
 0.000114386
-0.000293851
-0.000578956
-0.000591713
-0.000309176
 0.000142348
 0.000540873
 0.000677279
 0.000463718
-7.77085e-06
-0.000496328
-0.000731907
-0.000564145
-6.01426e-05
 0.000510808
 0.000817603
 0.000656297
  8.8099e-05
-0.000575651
-0.000937883
-0.000750913
-8.53562e-05
 0.000688427
  0.00109757
  0.00084928
 3.06514e-05
-0.000906943
 -0.00139681
 -0.00108375
-6.71579e-05
  0.00111973
  0.00178626
  0.00148453
 0.000293366
 -0.00118407
 -0.00213113
 -0.00196975
-0.000712745
  0.00101521
  0.00229031
  0.00239444
  0.00122406
-0.000634082
 -0.00220404
 -0.00264731
 -0.00171421
 0.000110974
   0.0018724
  0.00265262
   0.0020614
 0.000432113
 -0.00136833
 -0.00241114
 -0.00219318
-0.000883997
 0.000795968
  0.00197404
  0.00208823
  0.00115811
-0.000268938
 -0.00143757
  -0.0017889
 -0.00122786
-0.000132215
 0.000892257
  0.00134143
  0.00106217
 0.000292274
-0.000509361
-0.000924843
-0.000790944
-0.000257409
 0.000331548
 0.000642046
 0.000533179
 0.000119337
-0.000321506
-0.000511354
-0.000341917
 7.30683e-05
 0.000469865
 0.000591209
 0.000342623
-0.000149046
-0.000606502
-0.000757422
-0.000492354
 6.46353e-05
 0.000621187
 0.000872219
 0.000670024
 0.000103431
-0.000540609
-0.000933211
-0.000866397
-0.000364241
   0.0003335
 0.000888817
  0.00102872
 0.000678417
-8.34803e-06
-0.000714581
 -0.00110715
-0.000995192
-0.000413147
 0.000377493
  0.00100681
  0.00117015
 0.000777514
 7.21232e-06
-0.000768565
 -0.00116863
-0.000990954
-0.000324912
 0.000490408
   0.0010368
  0.00104093
 0.000514119
-0.000252065
-0.000847329
-0.000962518
-0.000558699
 0.000118443
 0.000681563
 0.000823641
 0.000487311
-0.000113525
-0.000618833
-0.000740467
-0.000420079
 0.000145652
 0.000624482
 0.000750744
 0.000466537
-5.46489e-05
-0.000524877
-0.000710156
-0.000552486
-0.000180865
 0.000189144
  0.00038775
 0.000375156
 0.000233966
 8.54767e-05
 5.04793e-06
-1.98393e-05
-4.89642e-05
-0.000120729
-0.000202681
-0.000212347
-8.30003e-05
 0.000160198
 0.000387492
 0.000435857
  0.00021641
-0.000198902
-0.000593552
-0.000717388
-0.000443635
 0.000129849
 0.000708658
 0.000953668
 0.000682262
-4.43553e-06
-0.000756431
 -0.00115154
-0.000940518
-0.000200055
 0.000691509
  0.00125206
   0.0011618
 0.000445675
-0.000530435
 -0.00125523
 -0.00134542
-0.000749601
 0.000225463
   0.0010856
   0.0014018
  0.00103134
 0.000174509
-0.000736864
 -0.00126658
 -0.00118089
-0.000550445
  0.00030224
 0.000968605
  0.00114899
 0.000784936
   7.698e-05
-0.000625948
-0.000992487
 -0.00086297
-0.000322869
 0.000346442
  0.00081054
  0.00084454
 0.000443072
-0.000180383
-0.000702985
-0.000858298
-0.000569196
 1.54127e-05
  0.00060307
 0.000904622
 0.000779823
 0.000296935
-0.000307024
-0.000758292
-0.000870927
-0.000629261
-0.000174816
 0.000278816
 0.000552385
 0.000574728
 0.000392767
 0.000124416
-0.000109588
 -0.00024168
-0.000262734
-0.000206853
-0.000111231
-3.02385e-06
 0.000103604
 0.000189181
 0.000222862
 0.000173306
 3.67967e-05
-0.000143008
-0.000283371
-0.000299356
-0.000162539
 7.33882e-05
 0.000286694
 0.000350566
 0.000211558
-6.68991e-05
-0.000332646
-0.000425396
-0.000276146
 4.61014e-05
 0.000360333
 0.000482228
 0.000330407
-1.47817e-05
-0.000355831
-0.000494378
-0.000347872
-4.15273e-06
 0.000332935
 0.000465757
 0.000322868
-7.55378e-07
-0.000305127
-0.000412474
-0.000268953
 2.20326e-05
 0.000274551
   0.0003382
 0.000189705
-6.31775e-05
-0.000255297
 -0.00027225
-0.000114741
 0.000103059
 0.000239053
 0.000212411
 4.78349e-05
-0.000144405
-0.000241585
 -0.00018921
-2.47551e-05
 0.000148418
  0.00022599
  0.00016856
 1.56001e-05
-0.000142123
-0.000214941
-0.000167017
-2.71835e-05
 0.000129683
 0.000221989
 0.000205402
  8.3669e-05
-8.90536e-05
-0.000238641
-0.000292222
-0.000213235
-2.09946e-05
 0.000209725
 0.000367863
 0.000355416
 0.000139695
-0.000202238
-0.000502493
-0.000571103
-0.000311344
 0.000200308
 0.000705306
 0.000882755
 0.000536356
-0.000242985
 -0.00105728
 -0.00138355
-0.000879508
 0.000341081
  0.00165973
  0.00223343
   0.0014925
 -0.00041215
 -0.00252051
 -0.00349111
 -0.00239527
 0.000561481
  0.00388266
  0.00545342
  0.00378695
-0.000818144
 -0.00602889
 -0.00851806
  -0.0059387
  0.00125667
  0.00941001
   0.0132934
  0.00922144
 -0.00208759
  -0.0148684
  -0.0208976
  -0.0143944
  0.00346683
   0.0235655
   0.0329339
   0.0225019
  -0.0057958
  -0.0374776
   -0.052037
  -0.0352107
  0.00977301
   0.0598054
   0.0822983
   0.0547483
  -0.0173194
  -0.0965673
   -0.130623
  -0.0837266
   0.0340251
    0.160399
    0.208761
    0.121289
  -0.0806533
   -0.284674
   -0.336152
   -0.137456
    0.250385
    0.574751
     0.49101
   -0.183498
    -1.10261
    -1.01352
     2.49898
   0.0324682
