 4.06581e-07
 1.12993e-08
-1.48502e-08
 2.16062e-08
-9.87228e-10
 1.75338e-10
  1.0632e-09
 4.62584e-10
 7.40845e-10
 2.39968e-09
-5.26012e-09
-4.25958e-10
-1.05908e-09
 7.36719e-11
 6.05039e-10
-7.97253e-10
  -2.013e-11
-2.93949e-10
-7.15053e-10
-2.01814e-10
 2.16506e-11
 2.25914e-10
 5.40815e-10
 2.13374e-10
-8.55399e-13
-3.53327e-10
-3.11971e-10
 -1.0944e-10
 1.76812e-11
 2.56824e-10
 3.82928e-10
 2.31786e-10
-5.62602e-11
-2.84338e-10
-3.37013e-10
-2.06766e-10
 1.36909e-11
 2.34719e-10
 2.84986e-10
 1.90461e-10
-4.49609e-11
-2.33045e-10
-2.51861e-10
-1.48869e-10
 2.51476e-11
 1.61035e-10
 2.12042e-10
 1.39985e-10
-3.34429e-12
-1.44377e-10
-2.00095e-10
-1.65016e-10
-1.85831e-11
 1.05672e-10
 2.08244e-10
 1.84135e-10
 8.41658e-11
 -7.4749e-11
-2.13231e-10
-2.55417e-10
-1.42181e-10
  3.9014e-11
 2.31073e-10
 3.09175e-10
 1.80927e-10
-5.21651e-11
-2.98156e-10
-4.37282e-10
-2.37341e-10
 7.65422e-11
  4.2406e-10
 5.36084e-10
 2.64764e-10
 -2.1221e-10
-6.07931e-10
-6.17671e-10
 -1.9478e-10
 4.57626e-10
 7.36255e-10
 5.76842e-10
 1.18926e-11
-5.74187e-10
-7.86411e-10
-4.56863e-10
 1.59483e-10
 6.45753e-10
 7.06638e-10
 3.10434e-10
-2.69811e-10
-6.08959e-10
-6.30471e-10
-2.22061e-10
 3.07589e-10
 6.33707e-10
  5.5858e-10
 1.67005e-10
 -3.3915e-10
-6.27804e-10
-5.55096e-10
 -1.5214e-10
 3.30398e-10
 6.37693e-10
 5.45277e-10
 1.41244e-10
-3.69948e-10
-6.67577e-10
-5.84185e-10
-1.64765e-10
 3.77045e-10
 6.95935e-10
 6.15097e-10
 1.79817e-10
-3.92901e-10
-7.54512e-10
-7.18005e-10
-2.72862e-10
 3.45452e-10
 7.87243e-10
 8.61584e-10
 4.83743e-10
-1.50838e-10
-8.12855e-10
-1.23318e-09
-1.32146e-09
 -1.0297e-09
-4.64235e-10
 2.46652e-10
  4.5999e-08
  0.00198135
 1.89137e-05
 8.42447e-07
 4.35553e-07
 1.36704e-08
-4.31623e-07
-6.98111e-07
  -6.668e-07
-3.31855e-07
 1.34472e-07
 5.02396e-07
 5.77039e-07
 3.42348e-07
-7.38132e-08
-4.23077e-07
-5.12494e-07
-3.09477e-07
 6.46842e-08
 3.80023e-07
 4.61317e-07
 2.72995e-07
-7.17305e-08
-3.54731e-07
-4.19784e-07
-2.37057e-07
 8.19485e-08
 3.37241e-07
 3.91359e-07
 2.02895e-07
 -9.2228e-08
-3.29892e-07
-3.63702e-07
-1.84858e-07
  1.0888e-07
 3.28022e-07
 3.57365e-07
 1.63577e-07
-1.31469e-07
-3.48969e-07
-3.55835e-07
 -1.3363e-07
 1.78588e-07
 3.84551e-07
 3.44423e-07
 7.91639e-08
-2.50129e-07
-4.20841e-07
-3.05247e-07
 1.54337e-08
 3.28247e-07
  4.1828e-07
 2.23925e-07
-1.14867e-07
-3.67387e-07
-3.67497e-07
-1.31984e-07
 1.78568e-07
 3.54369e-07
 2.94708e-07
 6.15674e-08
-1.89831e-07
-3.15871e-07
-2.32563e-07
-2.63827e-08
   1.788e-07
 2.70478e-07
 1.95556e-07
  1.0816e-08
-1.63337e-07
-2.34786e-07
-1.65112e-07
-9.27639e-09
 1.46456e-07
 2.06875e-07
 1.46084e-07
 8.10963e-09
-1.26534e-07
 -1.8718e-07
-1.33882e-07
-1.22451e-08
 1.12372e-07
 1.68422e-07
 1.31246e-07
 1.65253e-08
-9.69292e-08
-1.59325e-07
-1.30031e-07
-2.81878e-08
 8.92733e-08
 1.51704e-07
 1.34634e-07
 3.96983e-08
-7.81827e-08
 -1.5648e-07
-1.43785e-07
-5.00149e-08
 7.52138e-08
 1.63359e-07
 1.53911e-07
 5.76948e-08
-7.75054e-08
-1.69124e-07
-1.66882e-07
-6.37925e-08
 8.26021e-08
 1.80784e-07
 1.79689e-07
 6.26453e-08
-8.85251e-08
 -2.0003e-07
 -1.8479e-07
-6.21576e-08
 1.02816e-07
 2.14251e-07
 1.95537e-07
 5.36533e-08
-1.24081e-07
-2.31418e-07
-1.95451e-07
-4.27003e-08
 1.45869e-07
  2.4562e-07
  1.9987e-07
 2.27805e-08
 -1.6823e-07
 -2.6741e-07
-1.92704e-07
-1.76272e-09
  2.0178e-07
 2.75268e-07
 1.84147e-07
-2.55931e-08
-2.26452e-07
-2.88134e-07
-1.71293e-07
 5.90885e-08
  2.5197e-07
 2.92939e-07
   1.489e-07
-8.85552e-08
-2.74094e-07
-2.91983e-07
-1.26749e-07
 1.19437e-07
 2.94257e-07
 2.86285e-07
    1.05e-07
 -1.5295e-07
 -3.1121e-07
-2.82567e-07
-7.47564e-08
 1.79246e-07
 3.29964e-07
 2.76483e-07
 4.83334e-08
-2.12216e-07
-3.48515e-07
-2.66022e-07
-2.24485e-08
 2.48334e-07
 3.64214e-07
  2.6237e-07
 -1.3657e-08
-2.85809e-07
-3.88111e-07
-2.47894e-07
 5.40074e-08
 3.32104e-07
 4.09018e-07
 2.29545e-07
-1.10756e-07
-3.86071e-07
-4.28086e-07
-1.90874e-07
 1.81914e-07
 4.52356e-07
 4.27656e-07
 1.20539e-07
 -2.7898e-07
-4.96959e-07
-3.88261e-07
-1.72327e-08
 3.65276e-07
 5.02463e-07
 3.02117e-07
-8.85358e-08
-4.09205e-07
-4.57872e-07
-2.10254e-07
 1.61858e-07
 4.14052e-07
 3.95403e-07
 1.28342e-07
-1.96092e-07
-3.95471e-07
-3.36653e-07
-7.44976e-08
  2.1555e-07
 3.68634e-07
 2.85116e-07
 3.60044e-08
 -2.2081e-07
-3.41256e-07
-2.46154e-07
-9.72866e-09
 2.23066e-07
  3.1876e-07
 2.14555e-07
-1.52268e-08
-2.24874e-07
-2.94409e-07
-1.88524e-07
  3.0632e-08
 2.27542e-07
 2.82526e-07
 1.58473e-07
-4.96775e-08
-2.30513e-07
-2.62722e-07
-1.36448e-07
 6.99933e-08
 2.32465e-07
 2.46383e-07
 1.10714e-07
-9.24778e-08
-2.35213e-07
-2.24778e-07
-8.14349e-08
 1.09801e-07
 2.34161e-07
 1.99237e-07
 5.22739e-08
-1.27372e-07
-2.19249e-07
 -1.7531e-07
 -2.7942e-08
 1.35418e-07
 2.06061e-07
 1.49157e-07
 4.65011e-09
-1.36232e-07
-1.82964e-07
 -1.2897e-07
 1.01845e-08
 1.25026e-07
  1.6537e-07
 1.06064e-07
-8.56871e-09
-1.10717e-07
-1.49189e-07
-9.65283e-08
  4.2263e-09
 9.24011e-08
  1.3156e-07
 9.81836e-08
 1.19785e-08
 -7.6838e-08
-1.22544e-07
-1.10397e-07
-3.11278e-08
 5.94114e-08
 1.28321e-07
 1.26211e-07
 5.78053e-08
-5.31747e-08
-1.38525e-07
-1.57642e-07
-8.62868e-08
 5.21111e-08
 1.71851e-07
 2.00426e-07
 1.12051e-07
-7.12482e-08
-2.32388e-07
-2.55461e-07
-1.12355e-07
  1.2651e-07
 3.06402e-07
 2.92832e-07
 7.23579e-08
-2.09809e-07
-3.64302e-07
-2.74861e-07
-5.40973e-09
 2.75171e-07
 3.70842e-07
 2.28857e-07
-5.74948e-08
-3.00099e-07
-3.52494e-07
-1.78915e-07
 9.37463e-08
 3.05728e-07
  3.2141e-07
 1.48829e-07
-1.15446e-07
-3.04274e-07
-3.04464e-07
-1.25739e-07
 1.31144e-07
 3.07379e-07
  2.9167e-07
 1.13201e-07
-1.51628e-07
-3.17301e-07
-2.93268e-07
-9.01128e-08
 1.74821e-07
 3.31031e-07
 2.94269e-07
 6.45868e-08
-2.02674e-07
 -3.5497e-07
 -2.8622e-07
-3.82069e-08
 2.39523e-07
 3.75957e-07
 2.75785e-07
 8.50585e-10
-2.84518e-07
-3.91347e-07
-2.55274e-07
 4.68263e-08
 3.21513e-07
 4.05493e-07
 2.20611e-07
-9.77297e-08
-3.63676e-07
-3.99465e-07
-1.83456e-07
 1.52557e-07
 3.96944e-07
 3.84583e-07
 1.34892e-07
-2.03871e-07
-4.19168e-07
-3.67208e-07
-8.22593e-08
  2.5574e-07
 4.30087e-07
 3.38001e-07
 2.96842e-08
-2.99266e-07
-4.39226e-07
-3.04599e-07
 2.38515e-08
 3.40028e-07
 4.39995e-07
  2.6487e-07
-7.97903e-08
 -3.7634e-07
 -4.3688e-07
-2.15591e-07
 1.36852e-07
 4.03625e-07
   4.206e-07
 1.63405e-07
-1.93697e-07
-4.27651e-07
-3.90073e-07
-1.04414e-07
 2.41088e-07
 4.39462e-07
 3.48465e-07
 4.55725e-08
-2.84474e-07
 -4.3258e-07
-3.08695e-07
 7.76187e-09
 3.15845e-07
 4.22713e-07
 2.58359e-07
-5.54467e-08
-3.34011e-07
 -3.9659e-07
-2.21763e-07
 8.97177e-08
 3.42626e-07
 3.75986e-07
 1.85031e-07
-1.21278e-07
-3.41353e-07
-3.60402e-07
-1.54822e-07
 1.45546e-07
 3.41845e-07
 3.41582e-07
 1.32284e-07
-1.62681e-07
-3.52363e-07
-3.36168e-07
  -1.109e-07
 1.90703e-07
 3.68053e-07
 3.32652e-07
 8.22182e-08
-2.25837e-07
-4.03502e-07
-3.25351e-07
-3.68673e-08
 2.86034e-07
 4.31045e-07
 2.97555e-07
-4.23344e-08
-3.53487e-07
-4.36395e-07
 -2.2261e-07
 1.33539e-07
 3.97427e-07
 3.81338e-07
 1.21487e-07
-2.03807e-07
-3.74256e-07
-3.01492e-07
-4.40752e-08
 2.22179e-07
 3.20558e-07
  2.2574e-07
 3.08772e-09
 -2.0399e-07
-2.70677e-07
-1.75461e-07
  1.0547e-08
 1.76309e-07
 2.25596e-07
  1.4694e-07
-1.31717e-08
 -1.4906e-07
-1.95557e-07
-1.26204e-07
 3.52691e-09
  1.2364e-07
  1.6929e-07
 1.19445e-07
 6.59985e-09
-9.81675e-08
-1.55405e-07
 -1.2565e-07
-2.25603e-08
 8.61711e-08
 1.49987e-07
 1.29002e-07
 3.67421e-08
-7.53146e-08
-1.59551e-07
-1.39558e-07
-5.07436e-08
  7.9982e-08
 1.71061e-07
 1.55354e-07
 5.08317e-08
-9.35072e-08
-1.79472e-07
-1.63263e-07
-4.71148e-08
 1.06828e-07
 1.91263e-07
 1.70882e-07
 3.15777e-08
-1.26103e-07
-2.07086e-07
-1.66983e-07
-1.84424e-08
 1.45345e-07
 2.16705e-07
 1.54004e-07
  2.9521e-10
-1.63036e-07
-2.25068e-07
-1.55903e-07
 1.68356e-08
 1.73717e-07
 2.36627e-07
 1.47703e-07
-3.16716e-08
-1.93662e-07
-2.42261e-07
-1.46662e-07
 4.17029e-08
 2.09459e-07
  2.5651e-07
 1.43815e-07
-5.86009e-08
-2.33221e-07
  -2.735e-07
-1.42971e-07
 7.57551e-08
 2.59464e-07
 2.95127e-07
 1.39688e-07
-1.06565e-07
-3.03325e-07
-3.21115e-07
-1.25506e-07
  1.4806e-07
 3.56533e-07
 3.38555e-07
 9.90198e-08
-2.24033e-07
-4.17861e-07
-3.43882e-07
-3.92796e-08
 3.11894e-07
 4.68666e-07
 3.12407e-07
-5.70777e-08
-4.01645e-07
-4.81485e-07
-2.49386e-07
 1.53873e-07
  4.4752e-07
 4.52821e-07
 1.62003e-07
-2.24766e-07
-4.58887e-07
-3.95254e-07
 -9.4985e-08
 2.66363e-07
 4.40327e-07
 3.41432e-07
  3.1382e-08
-2.90161e-07
-4.21939e-07
-2.91286e-07
 1.43461e-08
 3.06748e-07
 3.93756e-07
  2.4573e-07
 -7.1564e-08
-3.16679e-07
-3.74997e-07
-2.02649e-07
 9.30665e-08
 3.23915e-07
 3.52989e-07
 1.56172e-07
-1.27335e-07
-3.33962e-07
-3.29656e-07
-1.22241e-07
 1.61234e-07
 3.34229e-07
 3.01451e-07
 7.88203e-08
-1.89431e-07
-3.41286e-07
-2.74553e-07
-4.10394e-08
 2.15144e-07
 3.37541e-07
 2.40667e-07
 8.79733e-10
-2.44576e-07
-3.31703e-07
-2.12366e-07
 4.13081e-08
  2.6292e-07
  3.2028e-07
 1.66199e-07
-8.53685e-08
-2.71233e-07
 -2.9429e-07
-1.28768e-07
  1.0423e-07
   2.725e-07
  2.6221e-07
 9.67265e-08
-1.28807e-07
-2.65051e-07
-2.42534e-07
 -6.9614e-08
 1.38976e-07
 2.56504e-07
 2.11858e-07
 3.82861e-08
-1.51174e-07
-2.41303e-07
-1.88907e-07
 -1.7502e-08
 1.48537e-07
  2.2533e-07
  1.5448e-07
-1.95125e-10
-1.52603e-07
-2.04009e-07
-1.32848e-07
 1.09492e-08
  1.4142e-07
 1.79273e-07
 1.09843e-07
-2.41956e-08
-1.34824e-07
-1.61199e-07
-9.10147e-08
 2.50756e-08
 1.16855e-07
 1.36646e-07
  7.0737e-08
-2.11864e-08
-1.03618e-07
-1.19827e-07
 -7.3137e-08
 1.31869e-08
 8.00642e-08
 1.04085e-07
 6.85677e-08
-1.50273e-10
-6.97527e-08
-9.59027e-08
-8.20311e-08
-2.09043e-08
 4.93842e-08
  9.1475e-08
 9.12682e-08
 4.15705e-08
-3.88584e-08
-1.02589e-07
-1.19585e-07
-7.08263e-08
 2.18979e-08
 1.17997e-07
 1.52996e-07
 9.33775e-08
-2.49579e-08
-1.50475e-07
-2.12101e-07
-1.27447e-07
  4.1525e-08
 2.09368e-07
 2.61617e-07
 1.35807e-07
-1.04837e-07
-2.99177e-07
 -3.0503e-07
-9.67084e-08
 1.92654e-07
 3.63383e-07
  2.8599e-07
 5.81646e-09
-2.84219e-07
-3.87069e-07
-2.26297e-07
 7.90863e-08
  3.1928e-07
 3.48955e-07
 1.52378e-07
-1.34158e-07
-3.30593e-07
-3.11158e-07
-1.10065e-07
 1.52549e-07
  3.1362e-07
 2.75808e-07
 8.24603e-08
-1.67362e-07
-3.09807e-07
-2.74292e-07
-7.56533e-08
 1.62533e-07
 3.14845e-07
 2.69211e-07
 6.97377e-08
-1.82655e-07
-3.29552e-07
-2.88387e-07
 -8.1338e-08
 1.86156e-07
 3.43599e-07
 3.05596e-07
 8.87834e-08
-1.93975e-07
-3.72506e-07
-3.54478e-07
-1.34709e-07
 1.70559e-07
 3.88774e-07
 4.25383e-07
 2.38838e-07
-7.44723e-08
-4.01311e-07
-6.08817e-07
-6.52416e-07
-5.07541e-07
-2.29151e-07
 1.21781e-07
 2.27103e-05
    0.978211
   0.0093379
  0.00041593
 0.000215041
 6.75306e-06
-0.000213094
-0.000344661
-0.000329203
-0.000163837
 6.63945e-05
 0.000248042
 0.000284894
 0.000169024
-3.64385e-05
-0.000208874
-0.000253019
-0.000152788
 3.19398e-05
 0.000187651
 0.000227763
 0.000134785
-3.54096e-05
 -0.00017513
-0.000207248
-0.000117033
 4.04636e-05
 0.000166504
 0.000193223
 0.000100176
-4.55293e-05
-0.000162867
 -0.00017956
-9.12616e-05
 5.37602e-05
 0.000161952
 0.000176439
 8.07646e-05
-6.49028e-05
-0.000172285
-0.000175675
-6.59689e-05
 8.81766e-05
 0.000189862
 0.000170051
 3.90895e-05
-0.000123486
-0.000207768
-0.000150698
 7.62552e-06
 0.000162065
 0.000206515
  0.00011056
-5.67049e-05
-0.000181378
-0.000181432
-6.51559e-05
 8.81666e-05
 0.000174962
  0.00014551
 3.04029e-05
-9.37157e-05
-0.000155943
-0.000114813
 -1.3019e-05
 8.82824e-05
 0.000133545
 9.65557e-05
 5.34674e-06
-8.06347e-05
-0.000115909
 -8.1511e-05
-4.57086e-06
 7.23142e-05
 0.000102144
 7.21305e-05
 4.01111e-06
 -6.2464e-05
-9.24057e-05
-6.60911e-05
-6.03793e-06
 5.54871e-05
 8.31596e-05
  6.4806e-05
 8.16658e-06
-4.78472e-05
 -7.8662e-05
-6.41891e-05
-1.39085e-05
 4.40831e-05
 7.49063e-05
 6.64782e-05
  1.9608e-05
 -3.8591e-05
-7.72473e-05
-7.09797e-05
-2.46842e-05
 3.71423e-05
 8.06613e-05
 7.59967e-05
 2.84935e-05
-3.82561e-05
-8.34886e-05
-8.23819e-05
-3.14859e-05
 4.07914e-05
 8.92646e-05
 8.87233e-05
 3.09382e-05
-4.36958e-05
-9.87475e-05
-9.12229e-05
-3.06776e-05
 5.07713e-05
 0.000105789
 9.65501e-05
 2.64999e-05
  -6.125e-05
-0.000114243
-9.64838e-05
-2.10709e-05
 7.20275e-05
 0.000121276
 9.86884e-05
 1.12583e-05
-8.30467e-05
-0.000132013
 -9.5128e-05
-8.58592e-07
 9.96318e-05
 0.000135914
 9.08881e-05
-1.26236e-05
 -0.00011179
-0.000142242
-8.45567e-05
 2.91849e-05
 0.000124415
 0.000144638
 7.35264e-05
-4.37082e-05
-0.000135311
-0.000144143
-6.25644e-05
 5.89816e-05
  0.00014529
 0.000141355
 5.18537e-05
-7.54977e-05
-0.000153636
-0.000139491
-3.68933e-05
  8.8509e-05
 0.000162923
 0.000136517
 2.38779e-05
 -0.00010476
-0.000172053
-0.000131323
-1.10678e-05
 0.000122621
 0.000179833
 0.000129553
-6.72666e-06
-0.000141091
-0.000191599
 -0.00012237
 2.66805e-05
 0.000163982
 0.000201957
 0.000113355
-5.46643e-05
-0.000190592
-0.000211334
-9.42193e-05
 8.98294e-05
 0.000223354
  0.00021116
 5.95292e-05
-0.000137719
-0.000245337
-0.000191672
-8.48074e-06
 0.000180359
 0.000248096
 0.000149179
-4.36914e-05
-0.000202009
-0.000226036
-0.000103786
  7.9932e-05
 0.000204445
 0.000195239
 6.33838e-05
-9.67898e-05
 -0.00019521
-0.000166185
-3.67578e-05
 0.000106443
 0.000182021
 0.000140785
 1.77984e-05
-0.000108995
-0.000168461
-0.000121506
-4.77965e-06
 0.000110155
 0.000157383
 0.000105953
-7.49325e-06
-0.000110998
-0.000145328
  -9.305e-05
 1.51486e-05
 0.000112365
 0.000139509
 7.82652e-05
-2.44998e-05
-0.000113781
-0.000129677
-6.73376e-05
 3.45829e-05
 0.000114799
 0.000121672
 5.46888e-05
-4.56296e-05
-0.000116097
-0.000110945
 -4.0177e-05
 5.42394e-05
 0.000115634
 9.84337e-05
 2.58388e-05
-6.28545e-05
-0.000108214
-8.65228e-05
-1.37641e-05
 6.68875e-05
 0.000101766
 7.36707e-05
 2.32791e-06
-6.72257e-05
-9.02995e-05
-6.36721e-05
  5.0615e-06
 6.17608e-05
 8.16764e-05
 5.24001e-05
-4.19592e-06
-5.46282e-05
-7.36231e-05
-4.76212e-05
 2.12249e-06
 4.56804e-05
 6.49899e-05
 4.85118e-05
 5.95122e-06
-3.78973e-05
-6.04636e-05
 -5.4464e-05
-1.53291e-05
 2.93703e-05
 6.33948e-05
 6.23522e-05
  2.8579e-05
-2.62123e-05
-6.83492e-05
 -7.7869e-05
 -4.2561e-05
 2.57704e-05
 8.48887e-05
 9.89962e-05
 5.53636e-05
-3.51321e-05
-0.000114682
-0.000126083
 -5.5426e-05
 6.25018e-05
  0.00015132
 0.000144626
 3.57693e-05
-0.000103538
-0.000179761
-0.000135655
-2.62297e-06
 0.000135899
 0.000183142
 0.000113035
 -2.8336e-05
-0.000148113
 -0.00017398
-8.82793e-05
 4.63366e-05
 0.000150999
 0.000158734
 7.35302e-05
-5.69409e-05
-0.000150171
-0.000150269
-6.20277e-05
 6.48043e-05
 0.000151809
 0.000144059
 5.59464e-05
-7.48022e-05
-0.000156604
-0.000144709
-4.44282e-05
  8.6372e-05
 0.000163502
 0.000145352
 3.19488e-05
-0.000100007
 -0.00017518
-0.000141252
-1.87988e-05
 0.000118313
 0.000185684
 0.000136215
 4.85682e-07
-0.000140404
-0.000193152
-0.000125983
 2.31883e-05
 0.000158793
  0.00020027
 0.000108994
-4.81811e-05
-0.000179471
-0.000197138
-9.05044e-05
  7.5396e-05
 0.000196051
 0.000189957
 6.66744e-05
-0.000100571
-0.000206885
-0.000181215
-4.05337e-05
 0.000126349
 0.000212434
 0.000166956
 1.47367e-05
-0.000147666
-0.000216764
-0.000150313
 1.18588e-05
 0.000167966
 0.000217327
 0.000130853
-3.93396e-05
-0.000185731
-0.000215623
 -0.00010635
 6.76544e-05
 0.000199377
 0.000207754
  8.0775e-05
-9.55415e-05
-0.000211059
-0.000192492
 -5.1456e-05
 0.000119117
 0.000217048
 0.000172138
 2.25981e-05
-0.000140346
-0.000213448
 -0.00015229
   3.937e-06
 0.000156033
 0.000208803
  0.00012765
-2.72654e-05
-0.000164797
-0.000195682
-0.000109375
   4.441e-05
 0.000169283
 0.000185726
 9.14261e-05
-5.97649e-05
-0.000168399
-0.000177831
-7.63265e-05
 7.19741e-05
 0.000168877
 0.000168753
 6.54459e-05
-8.01929e-05
-0.000173845
-0.000165826
-5.46303e-05
 9.42911e-05
 0.000181836
  0.00016435
 4.07209e-05
-0.000111394
-0.000199069
-0.000160486
-1.80659e-05
 0.000141347
 0.000212932
 0.000147042
-2.07602e-05
-0.000174388
-0.000215327
-0.000109749
 6.60829e-05
 0.000196379
 0.000188394
 6.01309e-05
-0.000100463
 -0.00018463
-0.000148703
-2.16024e-05
 0.000109837
 0.000158408
 0.000111615
 1.68655e-06
-0.000100536
 -0.00013346
-8.64748e-05
 5.37497e-06
 8.72055e-05
 0.000111542
 7.27227e-05
-6.32769e-06
-7.34067e-05
-9.63613e-05
-6.21298e-05
 1.92179e-06
  6.0811e-05
 8.37753e-05
 5.91479e-05
 3.44594e-06
-4.82718e-05
-7.65227e-05
 -6.1835e-05
 -1.0944e-05
 4.27326e-05
 7.42282e-05
 6.38964e-05
 1.83447e-05
-3.69773e-05
-7.85788e-05
-6.86984e-05
-2.48451e-05
 3.97038e-05
 8.23078e-05
 7.69224e-05
 2.53128e-05
-4.59458e-05
-8.83898e-05
-8.03965e-05
-2.30357e-05
 5.29595e-05
 9.46788e-05
 8.45848e-05
 1.58217e-05
-6.20295e-05
-0.000101995
-8.21857e-05
-8.86171e-06
 7.19891e-05
 0.000107231
 7.88893e-05
 3.96141e-07
-8.02309e-05
-0.000110848
-7.67071e-05
  8.5719e-06
 8.60073e-05
 0.000117097
 7.31844e-05
-1.53832e-05
-9.53323e-05
-0.000119335
-7.21477e-05
  2.0867e-05
 0.000103667
 0.000126951
 7.13025e-05
-2.86491e-05
-0.000114828
-0.000134737
-7.02348e-05
 3.77055e-05
 0.000128403
 0.000146007
 6.92739e-05
-5.23078e-05
-0.000149398
-0.000158222
-6.16288e-05
 7.34012e-05
 0.000176372
 0.000167497
 4.92281e-05
-0.000110239
-0.000205951
 -0.00016948
 -1.9049e-05
 0.000154301
 0.000231663
 0.000155549
-2.78156e-05
-0.000197907
-0.000237369
-0.000122717
 7.63414e-05
 0.000221272
 0.000224019
 8.03837e-05
-0.000110615
-0.000226256
-0.000194695
-4.64991e-05
 0.000131938
 0.000217769
 0.000169036
  1.5904e-05
-0.000142836
-0.000207888
-0.000143385
  7.5061e-06
 0.000151908
 0.000194765
 0.000121755
-2.92611e-05
-0.000155921
-0.000184662
-9.95636e-05
 4.64223e-05
 0.000160443
 0.000174658
 7.75462e-05
-6.23886e-05
-0.000163662
-0.000162217
 -5.9875e-05
 8.00693e-05
 0.000165567
 0.000149347
 3.94158e-05
 -9.3007e-05
-0.000167967
-0.000134992
-1.97438e-05
 0.000106786
 0.000167126
 0.000119368
 9.73887e-07
-0.000120216
-0.000163172
-0.000104345
 2.09595e-05
 0.000130385
 0.000157546
  8.2631e-05
 -4.1571e-05
 -0.00013336
-0.000144778
-6.29575e-05
 5.20661e-05
 0.000135224
 0.000130067
 4.83466e-05
-6.29828e-05
-0.000130206
-0.000119049
-3.37468e-05
 6.92898e-05
 0.000127337
 0.000105295
 1.95764e-05
-7.39167e-05
 -0.00011841
-9.25781e-05
-7.95494e-06
 7.39961e-05
 0.000111967
 7.69351e-05
 6.18519e-07
-7.45982e-05
 -0.00010006
-6.48727e-05
 6.14641e-06
 7.05505e-05
 8.92276e-05
 5.49656e-05
-1.11721e-05
-6.57641e-05
-7.87877e-05
-4.41485e-05
  1.3182e-05
 5.84532e-05
 6.82596e-05
 3.57556e-05
-9.62887e-06
-5.03357e-05
-5.82868e-05
-3.52744e-05
 7.36502e-06
 4.03609e-05
 5.22832e-05
 3.47343e-05
 8.13296e-07
-3.35246e-05
-4.64127e-05
-3.95569e-05
-9.39303e-06
 2.52924e-05
 4.60744e-05
 4.59923e-05
 2.14787e-05
-1.82299e-05
-4.96302e-05
-5.80382e-05
-3.39888e-05
 1.17989e-05
 5.92616e-05
 7.66222e-05
 4.71243e-05
-1.12755e-05
-7.32642e-05
-0.000103608
-6.19137e-05
 2.15808e-05
 0.000104425
 0.000130164
  6.8079e-05
-5.06869e-05
-0.000146671
-0.000149533
 -4.6622e-05
 9.63109e-05
  0.00018067
 0.000142478
 4.06158e-06
-0.000138992
-0.000189794
-0.000110509
 4.03003e-05
 0.000158697
  0.00017348
 7.65377e-05
-6.48984e-05
-0.000161947
-0.000152518
 -5.3028e-05
 7.67356e-05
 0.000156189
 0.000137378
 4.20958e-05
-8.12306e-05
-0.000151385
-0.000134117
-3.59412e-05
 8.16052e-05
 0.000156666
 0.000134492
   3.591e-05
 -8.8723e-05
-0.000161204
 -0.00014084
-3.86285e-05
 9.33911e-05
 0.000171108
 0.000152385
 4.53984e-05
-9.42022e-05
-0.000182417
-0.000173578
-6.49851e-05
 8.57636e-05
 0.000193545
 0.000211802
 0.000119778
-3.50336e-05
-0.000196448
-0.000299252
-0.000320095
 -0.00024895
-0.000111188
  6.1923e-05
   0.0112331
           0
