  -0.0047852
   0.0108222
 -0.00211303
 -0.00680486
 -0.00219999
  0.00321712
  0.00419774
  0.00135305
 -0.00190878
 -0.00291031
 -0.00148701
 0.000750165
  0.00193939
  0.00149111
 9.44608e-05
 -0.00115508
 -0.00129504
-0.000524402
   0.0005173
  0.00096639
 0.000680003
-3.81512e-05
-0.000666033
 -0.00072852
 -0.00023328
 0.000385273
 0.000693492
 0.000464598
-0.000109058
-0.000637534
-0.000690998
 -0.00023513
 0.000471791
 0.000896247
 0.000682118
-0.000161757
 -0.00100503
 -0.00118539
-0.000429234
 0.000874924
  0.00166473
  0.00127936
 -0.00028956
 -0.00198115
  -0.0023874
 -0.00085656
  0.00179701
  0.00357823
   0.0027802
-0.000627019
 -0.00433885
 -0.00525353
 -0.00195628
  0.00387687
   0.0078681
   0.0061568
  -0.0012639
 -0.00950442
  -0.0117169
 -0.00446084
  0.00846889
   0.0174328
   0.0137696
 -0.00259394
   -0.020962
  -0.0260616
  -0.0101567
    0.018531
   0.0386936
   0.0308315
 -0.00544153
  -0.0464121
  -0.0580494
  -0.0228424
   0.0410477
   0.0861059
   0.0686706
  -0.0124132
   -0.103833
   -0.129274
  -0.0493484
   0.0944118
    0.193782
    0.149932
  -0.0376425
   -0.242901
   -0.287572
  -0.0849526
    0.253915
     0.45665
    0.286312
   -0.220588
   -0.677352
   -0.578454
    0.223942
     1.12549
    0.936238
   -0.994546
    -2.66239
     3.24577
  0.00535321
