-4.58699e-08
-1.05687e-07
-4.85861e-08
-6.36183e-08
-6.86831e-08
-4.39518e-08
-5.38417e-08
-6.39345e-08
-5.66508e-08
-8.84212e-08
-5.58527e-08
-9.36362e-08
-4.95682e-08
-6.79548e-08
-7.68312e-08
-9.78103e-08
-8.72266e-08
-8.38094e-08
-7.98004e-08
-7.92205e-08
-4.71353e-08
-8.62489e-08
-6.35282e-08
 -7.4564e-08
-7.13717e-08
-7.63524e-08
-8.70747e-08
-6.65572e-08
-7.74348e-08
-9.19548e-08
-9.43406e-08
-1.00148e-07
-8.08676e-08
-7.65673e-08
-8.47493e-08
-9.69784e-08
-9.24495e-08
-6.48455e-08
-8.48088e-08
-9.60401e-08
-9.73772e-08
-1.15965e-07
 -8.7948e-08
-1.10168e-07
-9.97562e-08
-8.24221e-08
 -9.7088e-08
-8.86842e-08
-9.35164e-08
 -9.6588e-08
-9.52784e-08
-9.41439e-08
-9.05824e-08
-9.89335e-08
-9.50249e-08
-9.40727e-08
-9.66962e-08
-9.26453e-08
-1.00469e-07
-9.73343e-08
-9.96145e-08
 -9.2578e-08
-9.41481e-08
-9.80509e-08
 -9.7066e-08
-9.34404e-08
-9.62267e-08
-9.52665e-08
-9.40972e-08
-9.38201e-08
-9.44829e-08
-9.40434e-08
-9.33114e-08
-9.92613e-08
-9.55031e-08
-9.58414e-08
 -9.6719e-08
-8.38312e-08
 -7.8437e-08
-8.55481e-08
-8.59731e-08
-9.42496e-08
-8.82911e-08
-8.76493e-08
-8.19729e-08
-8.41043e-08
-7.91815e-08
-6.11197e-08
-7.51094e-08
-8.35291e-08
-5.56936e-08
-7.83008e-08
-6.11429e-08
-8.43701e-08
-6.37551e-08
-7.96261e-08
 -9.7948e-08
  -8.665e-08
-4.11422e-08
-6.96753e-08
-6.90903e-08
-1.78417e-08
-3.35246e-08
-4.66519e-08
-4.14043e-08
-6.45783e-08
 -6.8346e-08
-7.80108e-08
-4.94893e-08
-5.56922e-08
-3.37295e-08
 -2.7008e-08
-5.60402e-08
-3.64889e-08
-1.13514e-08
-3.27218e-08
-3.06214e-08
 -4.3499e-08
 5.68873e-09
 -4.8697e-08
-1.08703e-08
-2.11816e-08
 -1.9291e-08
 4.02121e-10
 2.08975e-08
 -6.2403e-09
-2.30172e-08
 3.13676e-09
-1.02108e-08
-3.46537e-08
-1.20828e-08
-1.86367e-08
-4.88442e-08
 2.93728e-08
 1.03616e-07
 1.58913e-08
-3.51875e-08
 3.46081e-08
 7.23362e-08
 1.20534e-08
 1.02229e-07
 5.72154e-08
 1.02155e-07
 2.20992e-07
 9.78214e-08
 1.37058e-08
 3.15383e-08
 3.49746e-08
 1.16428e-07
 1.16523e-07
 3.55037e-08
 1.22442e-07
 1.54994e-07
 8.33004e-08
 1.36781e-07
-3.84119e-09
 1.36028e-07
 1.08434e-07
 1.22537e-07
 1.47968e-08
 2.00644e-07
 2.17543e-07
 9.61605e-08
 1.18899e-07
 2.87897e-07
  1.7667e-07
 2.38502e-07
 2.84718e-07
 2.14714e-07
   2.999e-07
 3.64945e-08
  6.3414e-08
 3.45889e-07
 1.09918e-07
 2.68885e-07
 2.66576e-07
 3.70392e-07
 3.99737e-07
 3.85072e-07
 4.47778e-07
 3.24804e-07
 3.81786e-07
 3.68254e-07
 2.49316e-07
  3.4982e-07
 4.91596e-07
 4.24083e-07
 4.89036e-07
 2.76027e-07
 4.95721e-07
 3.54048e-07
 4.49896e-07
 2.98301e-07
 4.92263e-07
 4.25558e-07
 6.45623e-07
 4.78078e-07
 5.23565e-07
 3.50036e-07
 6.21443e-07
 5.19323e-07
  4.2268e-07
 5.21974e-07
 5.99728e-07
 5.39224e-07
 5.02521e-07
 3.71526e-07
  4.4962e-07
 6.26407e-07
 5.65335e-07
 8.86859e-07
  5.6091e-07
   6.121e-07
 7.52345e-07
 8.00334e-07
 5.37556e-07
 8.35667e-07
 7.04281e-07
 6.72642e-07
 7.25277e-07
 6.74035e-07
 7.90339e-07
 9.72006e-07
 4.50323e-07
 8.58558e-07
 3.85683e-07
 7.41885e-07
 6.46457e-07
 7.17471e-07
  5.7265e-07
 9.17267e-07
 7.52257e-07
 7.75576e-07
 7.72662e-07
 8.97965e-07
 1.19051e-06
 8.22093e-07
 9.57387e-07
 1.03261e-06
 7.29287e-07
 7.85651e-07
 7.29415e-07
 1.15062e-06
 1.05033e-06
 1.07564e-06
 1.26042e-06
 1.20552e-06
 1.02346e-06
  1.0748e-06
 1.16132e-06
  1.1757e-06
 1.14151e-06
  1.2431e-06
 1.10061e-06
  9.9167e-07
 1.07214e-06
 1.23902e-06
 1.26754e-06
 8.91536e-07
 1.27861e-06
 1.50279e-06
 1.27115e-06
 1.22159e-06
 1.33219e-06
 1.38276e-06
 1.27418e-06
 1.18498e-06
 1.59222e-06
 1.31844e-06
 1.43533e-06
 1.24367e-06
 1.35177e-06
 1.29172e-06
 1.36965e-06
 1.26518e-06
 1.37862e-06
 1.32034e-06
  1.5602e-06
 1.39424e-06
  1.3795e-06
 1.63634e-06
 1.55104e-06
 1.15507e-06
  1.3594e-06
  1.3694e-06
 1.33502e-06
 1.39807e-06
 1.72412e-06
 1.45026e-06
 1.44929e-06
 1.50882e-06
 1.48228e-06
 1.49399e-06
 1.55073e-06
 1.47469e-06
 1.57523e-06
 1.42226e-06
 1.53632e-06
  1.5894e-06
 1.60664e-06
 1.60239e-06
 1.60905e-06
  1.3635e-06
 1.58982e-06
  1.6329e-06
 1.70195e-06
 1.55026e-06
 1.60098e-06
 1.55348e-06
 1.63064e-06
  1.5801e-06
 1.56044e-06
 1.63903e-06
 1.59767e-06
 1.67452e-06
 1.54692e-06
 1.52211e-06
 1.57016e-06
  1.5466e-06
 1.55397e-06
 1.56065e-06
 1.60768e-06
 1.58555e-06
 1.58943e-06
 1.58167e-06
 1.55713e-06
 1.56326e-06
 1.53898e-06
 1.54083e-06
 1.53992e-06
 1.52719e-06
 1.52123e-06
 1.51535e-06
 1.52722e-06
 1.52716e-06
 1.54922e-06
 1.52932e-06
 1.42585e-06
 1.45633e-06
 1.33862e-06
 1.47133e-06
 1.35382e-06
 1.32788e-06
 1.36691e-06
 1.34572e-06
 1.33907e-06
 1.34057e-06
   1.413e-06
  1.2148e-06
 1.17486e-06
 1.23773e-06
 9.83238e-07
 1.05503e-06
 1.02861e-06
 1.02894e-06
 1.13606e-06
 1.04639e-06
 1.27125e-06
 1.33288e-06
 1.04244e-06
  1.1477e-06
 1.08307e-06
 1.17858e-06
 1.01947e-06
 1.01981e-06
 8.85538e-07
 7.27791e-07
 6.41616e-07
  8.7018e-07
 9.66794e-07
 5.57727e-07
 5.21062e-07
 5.75248e-07
 2.71749e-07
 3.25433e-07
 8.63031e-07
 2.13766e-07
 7.55914e-07
-2.59864e-08
 6.05749e-07
 3.79168e-07
 3.00289e-07
 3.59536e-07
-3.46788e-07
 1.13451e-07
 8.79382e-08
-8.05235e-08
-3.54681e-07
 6.05507e-07
 2.37909e-07
-3.49127e-07
-2.96236e-07
-6.66456e-07
 -3.5777e-07
-5.22909e-07
 9.82357e-08
-3.58497e-08
 3.34606e-07
-2.46078e-07
-8.35683e-07
-1.54369e-07
-2.47027e-07
-6.52138e-07
-1.28959e-06
-5.70456e-07
-1.25539e-06
-1.35283e-06
-1.62266e-06
-9.24708e-07
-1.52619e-06
-1.76059e-06
-1.56809e-06
-1.59021e-06
-1.80107e-06
-1.49841e-06
-2.27065e-06
-1.98741e-06
-9.53313e-07
-1.40845e-06
-2.37393e-06
-1.77105e-06
-2.09695e-06
-1.33776e-06
-2.62256e-06
-2.70739e-06
-3.25846e-06
-3.49241e-06
-2.56322e-06
-3.34895e-06
-3.62857e-06
-3.50824e-06
-3.33727e-06
-2.91834e-06
-3.15556e-06
-3.71595e-06
-2.86778e-06
-3.04666e-06
  -3.594e-06
-3.82564e-06
-4.09647e-06
-4.00838e-06
-3.61682e-06
-4.41542e-06
 -4.4269e-06
-5.44286e-06
-5.35918e-06
-4.71038e-06
-4.48646e-06
-5.81785e-06
-4.87357e-06
-4.97062e-06
-5.43908e-06
-6.62548e-06
-4.93863e-06
 -5.2394e-06
-5.85806e-06
-5.38082e-06
-6.04119e-06
-6.68519e-06
-5.59253e-06
-7.07355e-06
-7.44231e-06
-7.39111e-06
-6.11503e-06
-6.65332e-06
-8.29026e-06
 -6.4629e-06
-8.82651e-06
-7.63966e-06
-7.95616e-06
-7.89444e-06
-7.00607e-06
-7.67007e-06
-7.35595e-06
-7.07881e-06
 -8.4378e-06
 -7.5409e-06
-8.24068e-06
-9.33306e-06
-9.18719e-06
-7.81192e-06
-1.06641e-05
-9.65131e-06
-1.09945e-05
-9.81342e-06
-9.53314e-06
-8.96006e-06
-1.05134e-05
-9.90152e-06
-1.14516e-05
-1.02398e-05
-1.07083e-05
-1.12136e-05
-1.04953e-05
-1.00568e-05
-1.04069e-05
-9.83691e-06
-9.96607e-06
-1.18367e-05
 -1.2392e-05
-1.16561e-05
 -1.0004e-05
-1.23192e-05
-1.28382e-05
-1.21992e-05
-1.22987e-05
-1.34243e-05
-1.22528e-05
-1.27446e-05
-1.37587e-05
-1.26101e-05
-1.23876e-05
-1.32802e-05
-1.43535e-05
-1.29429e-05
-1.38799e-05
-1.41428e-05
-1.36769e-05
-1.44142e-05
-1.38166e-05
-1.41414e-05
-1.44847e-05
-1.36768e-05
-1.45217e-05
-1.36097e-05
-1.57611e-05
-1.54625e-05
-1.46363e-05
-1.46679e-05
 -1.5949e-05
-1.47024e-05
-1.58205e-05
-1.60821e-05
-1.47723e-05
-1.61951e-05
-1.66827e-05
-1.67105e-05
-1.67887e-05
-1.68957e-05
-1.73084e-05
-1.63321e-05
-1.65819e-05
-1.71836e-05
-1.70388e-05
-1.55237e-05
-1.72906e-05
 -1.6266e-05
-1.63666e-05
-1.64586e-05
-1.77899e-05
-1.74254e-05
 -1.6687e-05
-1.72994e-05
-1.70682e-05
-1.88581e-05
-1.67514e-05
-1.90058e-05
-1.78757e-05
-1.72145e-05
-1.72462e-05
-1.74446e-05
 -1.7954e-05
-1.79876e-05
-1.82104e-05
-1.86863e-05
-1.85409e-05
-1.76388e-05
-1.81767e-05
-1.76535e-05
-1.84464e-05
-1.85042e-05
-1.83743e-05
-1.80449e-05
-1.77263e-05
-1.80771e-05
-1.84722e-05
-1.77475e-05
-1.80259e-05
-1.76979e-05
-1.83278e-05
 -1.7859e-05
-1.80045e-05
-1.78106e-05
-1.78704e-05
-1.76635e-05
 -1.7654e-05
 -1.7577e-05
-1.74411e-05
-1.74041e-05
  -1.734e-05
-1.72439e-05
-1.71385e-05
-1.70144e-05
 -1.6976e-05
-1.67091e-05
 -1.6723e-05
 -1.6604e-05
-1.62936e-05
-1.63553e-05
-1.60632e-05
-1.57241e-05
-1.58943e-05
-1.57044e-05
-1.52637e-05
 -1.5456e-05
-1.50398e-05
-1.46656e-05
-1.44958e-05
-1.44191e-05
-1.47693e-05
-1.46207e-05
 -1.4172e-05
-1.35828e-05
-1.35233e-05
-1.32537e-05
-1.25473e-05
-1.25132e-05
-1.30061e-05
-1.20297e-05
  -1.263e-05
-1.17481e-05
-1.21082e-05
-1.26229e-05
-9.73853e-06
-1.03412e-05
-9.10236e-06
-9.80707e-06
-1.04651e-05
-9.26457e-06
-9.43243e-06
-7.79259e-06
-8.13379e-06
-8.31062e-06
-6.44927e-06
-7.78662e-06
-6.23767e-06
-4.36591e-06
-5.79591e-06
 -4.6265e-06
-5.28693e-06
-4.16132e-06
-2.56537e-06
-1.93922e-06
-3.69431e-06
-2.43788e-06
-2.83625e-06
-2.90728e-06
-1.00395e-06
 -1.3393e-06
-1.34577e-06
 5.06576e-07
-1.05652e-07
 3.18217e-06
 3.74183e-06
 3.43975e-06
 4.65066e-06
 3.51957e-06
 3.95513e-06
 2.96398e-06
 5.23927e-06
 6.45216e-06
 7.41089e-06
 8.34392e-06
 8.98591e-06
 9.39965e-06
 1.03558e-05
 1.06249e-05
 1.11772e-05
 1.25543e-05
 1.28493e-05
  1.2976e-05
 1.45395e-05
 1.51707e-05
 1.52041e-05
  1.7091e-05
 1.58497e-05
 1.85305e-05
 1.74057e-05
  1.8896e-05
 2.27938e-05
 2.05444e-05
  2.1051e-05
 2.19514e-05
 2.38553e-05
 2.58257e-05
 2.62089e-05
 2.65505e-05
 2.56728e-05
 2.69753e-05
 2.98824e-05
 2.95644e-05
 3.25232e-05
 3.14224e-05
 3.19013e-05
 3.30051e-05
 3.23855e-05
 3.56191e-05
 3.59032e-05
 3.75491e-05
 3.74199e-05
 3.98199e-05
 3.90913e-05
 3.96895e-05
 4.24474e-05
 4.13888e-05
 4.40983e-05
 4.49363e-05
 4.58359e-05
 4.62004e-05
 4.86833e-05
 4.88283e-05
 5.14971e-05
 5.24082e-05
 5.30973e-05
 5.27614e-05
 5.41783e-05
  5.5812e-05
 5.90439e-05
 5.75307e-05
 5.86077e-05
 6.02888e-05
 6.13527e-05
 6.22251e-05
 6.47403e-05
 6.54766e-05
 6.55231e-05
 6.64894e-05
 6.81475e-05
 7.00667e-05
 7.01528e-05
 7.07569e-05
 7.29535e-05
 7.35712e-05
 7.46508e-05
 7.57835e-05
   7.753e-05
 7.79223e-05
  7.9523e-05
 8.05898e-05
 8.17899e-05
 8.28715e-05
 8.40179e-05
 8.52722e-05
  8.6419e-05
 8.75681e-05
 8.89299e-05
 9.01693e-05
 9.12352e-05
 9.21075e-05
 9.34131e-05
 9.42013e-05
 9.54898e-05
 9.67164e-05
  9.7874e-05
  9.8676e-05
 0.000100884
 0.000101357
 0.000102345
 0.000103304
 0.000104915
 0.000104972
 0.000107778
 0.000108397
 0.000108838
 0.000110958
 0.000112304
 0.000111871
 0.000114337
  0.00011542
 0.000115724
 0.000118084
 0.000118146
 0.000119569
  0.00011929
 0.000121485
 0.000122306
 0.000120964
   0.0001242
 0.000125343
 0.000127924
 0.000128752
 0.000129243
 0.000128031
 0.000129492
 0.000133372
 0.000134197
 0.000131721
 0.000135093
 0.000132095
 0.000137815
 0.000137258
 0.000141408
 0.000139646
 0.000139031
 0.000138524
 0.000138979
 0.000141382
 0.000140582
 0.000141057
 0.000142134
 0.000142758
 0.000141523
 0.000144672
 0.000144715
 0.000147504
 0.000147197
 0.000143719
 0.000148175
 0.000150588
 0.000146694
 0.000147941
 0.000154594
 0.000150354
  0.00015117
 0.000155017
   0.0001508
 0.000152454
 0.000151406
 0.000150157
 0.000147335
 0.000152246
 0.000153151
 0.000149371
 0.000153907
  0.00014977
 0.000150135
 0.000152152
 0.000153163
 0.000151186
 0.000156053
 0.000150773
 0.000156539
 0.000150654
 0.000151216
 0.000151972
  0.00015131
 0.000150535
 0.000151877
 0.000149437
 0.000149286
 0.000150824
 0.000148364
 0.000147972
 0.000147894
 0.000147551
  0.00014617
 0.000145841
 0.000144584
 0.000143833
 0.000142951
 0.000141927
 0.000141024
 0.000140354
 0.000139241
 0.000138422
 0.000136988
 0.000135688
 0.000131916
 0.000133651
 0.000133516
 0.000132498
 0.000126526
  0.00012941
 0.000125375
 0.000126207
 0.000122023
 0.000121154
 0.000116881
 0.000116928
 0.000119764
  0.00011767
 0.000113651
  0.00011242
 0.000107531
 0.000109265
 0.000111121
 9.46459e-05
 0.000108764
 0.000103411
 9.18804e-05
 8.46964e-05
 9.99701e-05
 8.93166e-05
 0.000107815
 7.63799e-05
 8.46634e-05
 6.45758e-05
 6.78739e-05
 7.51759e-05
 6.45861e-05
 7.26071e-05
 6.89337e-05
 4.44167e-05
  5.8799e-05
 4.27403e-05
 5.94892e-05
 3.99276e-05
 2.70286e-05
 4.97798e-05
 4.02938e-05
 2.80565e-05
 3.41698e-05
 3.67823e-05
 2.16174e-05
  4.6816e-05
 1.52614e-05
-1.74933e-05
  3.7484e-06
-1.07847e-05
 1.52363e-05
 2.42494e-05
-7.93836e-06
 2.04851e-05
 1.13151e-06
-4.47208e-06
-1.85111e-05
-1.67331e-05
 5.02631e-06
-2.69854e-06
-2.40946e-05
-2.92872e-05
-5.73521e-05
-5.67115e-05
-3.72448e-05
-3.34047e-05
-7.63243e-05
-6.61105e-05
-0.000110334
-0.000134774
-8.26488e-05
 -0.00012226
-0.000101366
-0.000124244
-9.69252e-05
-0.000140061
 -0.00014704
-0.000136354
-0.000138135
-0.000141652
-0.000116055
-0.000171852
-0.000181118
-0.000145347
-9.87794e-05
-0.000113277
-9.82794e-05
 -0.00012797
-0.000229966
-0.000130245
 -0.00015957
-0.000222938
-0.000153728
-0.000194236
-0.000173394
-0.000116629
 -0.00024446
-0.000255657
-0.000182025
-0.000262231
-0.000181871
-0.000196208
-0.000329672
-0.000248475
  -0.0002366
-0.000233079
-0.000275503
-0.000351554
 -0.00030169
-0.000167595
-0.000286431
-0.000284104
-0.000387278
-0.000452616
-0.000403873
-0.000329307
-0.000302908
-0.000270539
-0.000318725
 -0.00040866
-0.000439947
-0.000339764
-0.000346389
-0.000445619
-0.000510703
 -0.00041337
 -0.00044538
-0.000551526
-0.000291431
-0.000420736
-0.000428669
-0.000398622
-0.000421953
-0.000527819
-0.000492913
-0.000543773
 -0.00043591
-0.000501075
-0.000470769
-0.000439298
-0.000515046
-0.000470045
 -0.00053048
-0.000439095
-0.000652383
-0.000429995
-0.000489562
 -0.00044331
-0.000616274
-0.000603173
-0.000501104
-0.000489481
-0.000428725
-0.000655537
-0.000609541
-0.000803799
 -0.00046451
-0.000626628
-0.000633224
-0.000496167
-0.000595797
-0.000578992
-0.000716824
-0.000548209
-0.000570643
-0.000629602
-0.000532941
-0.000766471
-0.000515217
-0.000501324
-0.000599957
-0.000580148
-0.000761529
-0.000699267
-0.000503534
-0.000654056
-0.000692079
-0.000768611
-0.000623214
-0.000505811
 -0.00075741
-0.000590303
-0.000591098
-0.000827881
-0.000849146
-0.000602947
-0.000832297
-0.000726105
-0.000656903
 -0.00103132
-0.000834593
-0.000850668
-0.000815032
-0.000883317
-0.000651195
-0.000686023
-0.000940726
-0.000748256
-0.000916865
-0.000542125
-0.000660387
-0.000731907
-0.000750194
-0.000720722
 -0.00075435
-0.000639627
-0.000795831
  -0.0006187
-0.000745598
-0.000791726
-0.000703258
-0.000772808
 -0.00076376
-0.000627418
-0.000819661
-0.000670133
-0.000848795
-0.000623489
-0.000784019
 -0.00092269
-0.000917702
-0.000793228
-0.000827675
-0.000923177
  -0.0007853
-0.000782599
-0.000595676
-0.000760846
-0.000692198
-0.000695921
-0.000733814
-0.000676908
-0.000734744
-0.000794332
-0.000715815
-0.000765612
 -0.00074108
-0.000740794
 -0.00066689
-0.000764413
-0.000738268
-0.000686743
-0.000673074
-0.000726967
 -0.00068584
-0.000678311
-0.000681966
-0.000698025
-0.000678615
-0.000666195
-0.000665654
-0.000654595
-0.000650776
-0.000634789
-0.000644241
-0.000616384
-0.000571364
-0.000594959
-0.000624444
-0.000658709
-0.000648635
-0.000599562
 -0.00057872
-0.000569444
-0.000700172
 -0.00056617
-0.000677561
-0.000514497
-0.000568367
-0.000518522
-0.000670909
-0.000530926
-0.000613184
-0.000623578
-0.000442933
-0.000438252
-0.000482116
-0.000473865
 -0.00049859
-0.000138168
-0.000300721
-0.000532139
-0.000521635
-0.000418516
-0.000355527
-0.000180542
-0.000704976
-0.000339669
-0.000795291
-7.61413e-05
-0.000718931
 -0.00101026
-0.000274384
-0.000289619
-0.000383609
-6.67089e-05
-0.000434213
 0.000292106
-0.000284363
-0.000241507
-0.000704412
 0.000193769
-5.91037e-06
-0.000237349
-0.000256172
 9.39217e-05
 -0.00040743
-0.000493025
-0.000729118
 0.000181876
-8.04381e-05
  0.00040763
-3.05037e-05
 0.000634641
 0.000450237
 0.000496985
 0.000436585
-0.000415432
-0.000486096
-0.000287246
-0.000149269
-0.000398189
 0.000463586
-3.93426e-06
 0.000288648
 2.19647e-06
 0.000499069
-0.000672829
-0.000332804
  0.00036564
 0.000698513
 0.000459491
-0.000329585
 0.000158128
 0.000287246
 0.000363701
-4.23003e-05
  8.5185e-05
  0.00156502
-0.000127536
-0.000249293
-6.73718e-05
-0.000570452
 0.000175511
 0.000587927
 0.000202388
 0.000306314
 0.000176187
  0.00101555
 0.000191661
 0.000659539
 0.000203461
 0.000532003
-0.000970993
 0.000617877
 0.000898905
 0.000124922
  0.00118468
  0.00119813
-0.000693503
 -0.00066951
  0.00106144
 0.000184827
 0.000461513
 0.000855532
-2.27685e-06
 0.000247189
 0.000700785
-0.000924629
 0.000220537
-0.000935345
-0.000627154
-0.000251028
 0.000147398
 -0.00067689
 0.000212632
   0.0012162
 0.000555353
 9.83549e-05
 -0.00169273
  0.00201541
-0.000650752
  0.00132904
 -0.00198813
  0.00152679
 -0.00230686
 7.32795e-05
 0.000741423
 -0.00113448
   0.0015536
  0.00080594
  0.00196651
 -0.00123276
 -0.00400035
 0.000882808
 0.000143059
-0.000785452
  0.00129793
 -0.00158689
  0.00267648
 -0.00250827
  0.00102688
 0.000803566
  0.00182297
  0.00177659
   0.0013945
 -0.00126343
  0.00217282
 -0.00344609
  0.00136401
 -0.00111633
 -0.00420974
 -0.00170352
-0.000433366
 5.62531e-05
  -0.0031647
 -0.00125935
 -0.00193053
  0.00113292
  0.00192962
 -3.9832e-05
  0.00131568
 0.000949781
  0.00148236
-7.59804e-05
 -0.00344418
 0.000249613
-0.000485487
 -0.00148057
-0.000109188
 -0.00381504
 0.000151895
 -0.00145389
 -0.00383086
  -0.0014536
  0.00351431
  -0.0044592
 -0.00165169
  0.00170766
  -0.0022757
 0.000381437
   0.0010847
  0.00183036
  -0.0015973
 -0.00163158
-0.000465292
-8.04133e-05
-8.29805e-05
-0.000575787
 0.000930536
-2.62299e-05
 -0.00159798
-2.13076e-06
 -0.00101099
 -0.00248761
-0.000962137
 -0.00386335
  -0.0031795
 0.000249341
 -0.00338522
 -0.00152476
 -0.00717819
-0.000886478
 -0.00222984
 -0.00216376
 -0.00136201
 -0.00295065
 -0.00269397
-0.000704623
 -0.00479372
 -0.00368196
 -0.00354256
  -0.0015964
 -0.00425475
-0.000391933
 -0.00253126
  -0.0032726
-0.000369789
 -0.00668637
 -0.00282131
 -0.00322842
 -0.00380758
 -0.00448252
 -0.00435169
 -0.00250503
 -0.00289318
 -0.00453081
 -0.00425456
 -0.00359978
 -0.00325933
 -0.00197084
 -0.00251741
 -0.00369099
 -0.00196627
  -0.0044853
 -0.00483819
 -0.00296577
 -0.00436421
 -0.00352924
 -0.00343994
 -0.00299071
 -0.00351509
 -0.00345116
 -0.00374089
 -0.00436501
 -0.00417016
 -0.00346899
 -0.00361179
 -0.00395252
 -0.00386427
 -0.00379132
 -0.00388261
 -0.00394384
 -0.00387401
  -0.0038141
 -0.00391356
 -0.00333302
  -0.0033646
 -0.00417275
 -0.00363203
 -0.00347796
 -0.00390107
 -0.00290089
 -0.00342425
 -0.00533636
 -0.00519452
  -0.0036842
 -0.00519941
-0.000886939
 -0.00254169
 -0.00654525
 -0.00321468
  -0.0023765
 -0.00298047
 -0.00321755
  -0.0042391
 -0.00290368
 -0.00199125
 -0.00367924
 -0.00430384
 -0.00329002
 -0.00489057
  0.00131633
 -0.00198213
 -0.00283949
  -0.0049806
 -0.00225692
  -0.0059901
    -0.00547
-0.000217636
 -0.00406595
-0.000696167
 -0.00388127
 -0.00523038
 -0.00247322
 -0.00685844
  0.00557369
  0.00454847
 -0.00163954
  -0.0026947
 -0.00538036
 -0.00898538
 0.000957288
 -0.00225554
  0.00742062
 -0.00733975
 -0.00576956
 -0.00242969
  0.00643752
-2.85576e-05
  0.00285603
  0.00218372
 -0.00365626
 -0.00376375
   0.0012407
  0.00495202
  0.00175496
 -0.00446913
   0.0029721
  0.00473571
  0.00444912
 -0.00408715
   0.0184963
 -0.00240588
  0.00774828
   0.0116301
   0.0150443
   0.0161929
   0.0102243
   0.0167621
   0.0093128
    0.017206
   0.0146082
  0.00758524
  0.00925332
   0.0121006
  0.00368107
  0.00226614
 -0.00506495
   0.0123841
  0.00462995
   0.0126879
   0.0138555
   0.0201361
    0.011161
  -0.0027546
  0.00807823
   0.0349244
  0.00216794
 -0.00592226
   0.0197545
   0.0010621
   0.0190673
   0.0160763
   0.0120212
  0.00399158
   0.0160535
   0.0173071
   0.0251848
   0.0478375
   0.0347238
   0.0263683
   0.0201671
   0.0289471
  0.00487631
   0.0148489
   0.0268219
   0.0416577
   0.0358454
   0.0283361
   0.0121348
   0.0214499
   0.0402819
   0.0110033
   0.0630942
   0.0246599
   0.0401013
   0.0152479
   0.0355164
    0.038079
   0.0455541
-4.61978e-17
