 -0.00411925
 -0.00408735
 -0.00405492
 -0.00402196
  -0.0039885
 -0.00395453
 -0.00391999
 -0.00388509
 -0.00384961
 -0.00381358
 -0.00377709
 -0.00374024
 -0.00370286
 -0.00366501
 -0.00362671
 -0.00358801
 -0.00354889
 -0.00350935
 -0.00346921
 -0.00342894
 -0.00338817
 -0.00334695
 -0.00330543
  -0.0032635
 -0.00322127
 -0.00317861
  -0.0031356
 -0.00309236
 -0.00304867
 -0.00300474
  -0.0029605
  -0.0029159
 -0.00287111
 -0.00282592
 -0.00278047
 -0.00273482
  -0.0026889
 -0.00264267
  -0.0025963
 -0.00254961
 -0.00250278
 -0.00245572
 -0.00240845
 -0.00236098
 -0.00231326
 -0.00226548
 -0.00221748
 -0.00216932
 -0.00212107
 -0.00207259
 -0.00202403
 -0.00197537
 -0.00192654
 -0.00187765
  -0.0018287
 -0.00177969
 -0.00173051
  -0.0016813
 -0.00163204
 -0.00158272
 -0.00153338
   -0.001484
 -0.00143462
 -0.00138524
 -0.00133581
 -0.00128643
 -0.00123706
 -0.00118771
 -0.00113839
 -0.00108912
 -0.00103989
-0.000990747
-0.000941652
-0.000892638
-0.000843706
-0.000794875
-0.000746159
-0.000697539
-0.000649047
-0.000600682
-0.000552457
 -0.00050438
-0.000456453
-0.000408685
-0.000361091
-0.000313678
-0.000266446
-0.000219411
-0.000172578
-0.000125955
-7.95488e-05
-3.33687e-05
 1.25808e-05
 5.82857e-05
 0.000103746
 0.000148947
 0.000193893
 0.000238561
 0.000282949
 0.000327065
  0.00037088
 0.000414412
 0.000457624
 0.000500516
 0.000543109
 0.000585366
 0.000627311
 0.000668903
 0.000710138
 0.000751041
 0.000791574
 0.000831733
 0.000871554
 0.000911006
 0.000950031
 0.000988729
  0.00102699
  0.00106487
  0.00110236
  0.00113943
  0.00117608
  0.00121231
  0.00124813
  0.00128353
  0.00131849
  0.00135302
  0.00138707
  0.00142071
  0.00145389
  0.00148663
  0.00151888
  0.00155069
  0.00158202
  0.00161289
  0.00164326
  0.00167318
  0.00170262
  0.00173159
  0.00176005
    0.001788
  0.00181549
  0.00184246
  0.00186894
  0.00189493
  0.00192039
  0.00194534
  0.00196982
  0.00199373
  0.00201715
  0.00204008
  0.00206247
  0.00208435
  0.00210567
  0.00212649
  0.00214682
  0.00216659
  0.00218584
  0.00220455
  0.00222274
  0.00224039
  0.00225752
   0.0022741
  0.00229019
  0.00230574
  0.00232074
   0.0023352
  0.00234912
  0.00236256
  0.00237543
  0.00238773
  0.00239954
  0.00241082
  0.00242157
  0.00243176
  0.00244151
  0.00245065
  0.00245926
  0.00246738
  0.00247496
  0.00248199
  0.00248854
  0.00249456
  0.00250007
  0.00250506
  0.00250949
  0.00251342
  0.00251687
  0.00251982
  0.00252228
  0.00252419
  0.00252564
  0.00252654
  0.00252695
  0.00252693
  0.00252636
  0.00252534
   0.0025238
  0.00252185
  0.00251937
  0.00251641
  0.00251299
  0.00250911
  0.00250476
  0.00249996
  0.00249469
    0.002489
  0.00248285
  0.00247625
  0.00246923
  0.00246175
  0.00245384
  0.00244553
  0.00243681
  0.00242763
  0.00241807
  0.00240808
  0.00239771
  0.00238695
  0.00237577
  0.00236425
   0.0023523
     0.00234
   0.0023273
  0.00231427
  0.00230087
  0.00228712
  0.00227301
  0.00225857
  0.00224379
  0.00222867
  0.00221324
  0.00219746
   0.0021814
  0.00216501
  0.00214832
  0.00213134
  0.00211407
  0.00209651
  0.00207868
  0.00206058
  0.00204221
  0.00202358
  0.00200469
  0.00198557
   0.0019662
   0.0019466
  0.00192677
  0.00190672
  0.00188646
  0.00186599
  0.00184532
  0.00182446
  0.00180341
  0.00178217
  0.00176077
  0.00173919
  0.00171746
  0.00169558
  0.00167354
  0.00165136
  0.00162906
  0.00160662
  0.00158407
  0.00156139
  0.00153861
  0.00151574
  0.00149277
  0.00146972
  0.00144658
  0.00142338
   0.0014001
  0.00137678
  0.00135339
  0.00132996
  0.00130649
  0.00128299
  0.00125947
  0.00123591
  0.00121236
   0.0011888
  0.00116523
  0.00114169
  0.00111814
  0.00109463
  0.00107114
  0.00104769
  0.00102427
  0.00100089
 0.000977593
 0.000954315
 0.000931133
 0.000908018
 0.000884978
 0.000862015
 0.000839162
 0.000816389
 0.000793712
 0.000771176
  0.00074873
 0.000726427
 0.000704228
 0.000682176
 0.000660262
 0.000638485
 0.000616872
 0.000595408
 0.000574103
  0.00055297
 0.000531986
  0.00051121
  0.00049059
 0.000470176
 0.000449936
  0.00042994
  0.00041009
 0.000390487
 0.000371102
 0.000351909
 0.000332959
 0.000314216
 0.000295715
 0.000277468
 0.000259442
 0.000241654
 0.000224143
 0.000206865
 0.000189868
 0.000173117
  0.00015664
 0.000140425
 0.000124481
 0.000108836
 9.34467e-05
 7.83505e-05
 6.35582e-05
 4.90501e-05
 3.48401e-05
 2.09249e-05
 7.30302e-06
-6.00413e-06
-1.89929e-05
-3.16882e-05
 -4.4065e-05
-5.61242e-05
 -6.7865e-05
-7.92865e-05
-9.03849e-05
-0.000101151
-0.000111596
-0.000121707
-0.000131487
-0.000140932
 -0.00015004
 -0.00015881
-0.000167246
-0.000175338
-0.000183085
-0.000190499
-0.000197547
-0.000204266
-0.000210638
-0.000216664
-0.000222332
-0.000227653
 -0.00023262
-0.000237242
-0.000241513
-0.000245426
-0.000249006
-0.000252213
-0.000255101
-0.000257592
-0.000259743
-0.000261559
-0.000263029
-0.000264138
-0.000264893
-0.000265301
-0.000265393
-0.000265111
-0.000264463
-0.000263486
-0.000262184
-0.000260496
-0.000258506
-0.000256169
-0.000253501
-0.000250474
-0.000247126
 -0.00024342
-0.000239428
-0.000235078
-0.000230412
-0.000225393
-0.000220098
-0.000214456
-0.000208488
-0.000202209
-0.000195705
 -0.00018877
-0.000181565
-0.000174098
-0.000166205
 -0.00015819
-0.000149777
-0.000141069
-0.000132127
-0.000122884
-0.000113353
-0.000103467
-9.34709e-05
  -8.313e-05
-7.25206e-05
-6.15845e-05
-5.04641e-05
-3.90611e-05
-2.74262e-05
-1.55851e-05
-3.46605e-06
 8.87836e-06
 2.14369e-05
 3.42723e-05
 4.73265e-05
 6.06029e-05
 7.39961e-05
 8.77312e-05
 0.000101545
 0.000115691
 0.000129935
 0.000144358
 0.000158963
 0.000173865
  0.00018881
 0.000204064
 0.000219173
 0.000234739
 0.000250282
 0.000266087
 0.000281846
 0.000298113
   0.0003142
 0.000330464
 0.000346813
 0.000363339
 0.000380063
 0.000396627
 0.000413498
 0.000430223
 0.000447364
 0.000464229
 0.000481486
 0.000498597
 0.000515894
 0.000533211
 0.000550492
 0.000567837
 0.000585258
 0.000602501
  0.00062016
 0.000637556
 0.000654895
 0.000672476
 0.000689875
 0.000707326
 0.000724795
 0.000742228
 0.000759561
 0.000776772
 0.000794061
  0.00081128
 0.000828589
  0.00084562
 0.000862793
 0.000879586
 0.000896459
 0.000913232
 0.000929784
 0.000946692
 0.000962945
 0.000979507
 0.000995625
  0.00101163
    0.001028
  0.00104358
  0.00105919
  0.00107484
  0.00109027
  0.00110548
   0.0011205
  0.00113542
  0.00114998
  0.00116449
  0.00117885
  0.00119292
  0.00120693
  0.00122043
  0.00123404
  0.00124713
  0.00126015
  0.00127292
  0.00128548
  0.00129768
  0.00130979
  0.00132141
  0.00133287
  0.00134433
  0.00135504
  0.00136574
  0.00137617
  0.00138619
  0.00139613
  0.00140559
  0.00141473
   0.0014236
  0.00143215
   0.0014403
  0.00144818
  0.00145576
  0.00146289
  0.00146984
   0.0014764
  0.00148257
   0.0014884
  0.00149395
  0.00149903
  0.00150377
   0.0015079
   0.0015119
  0.00151567
  0.00151905
  0.00152171
  0.00152413
  0.00152621
  0.00152787
  0.00152911
  0.00152991
   0.0015304
  0.00153027
  0.00152997
  0.00152916
  0.00152794
   0.0015263
  0.00152409
  0.00152174
  0.00151876
  0.00151528
  0.00151149
  0.00150733
  0.00150253
  0.00149755
   0.0014919
  0.00148576
  0.00147943
  0.00147245
  0.00146512
   0.0014573
  0.00144889
  0.00144025
  0.00143107
  0.00142145
  0.00141122
  0.00140074
  0.00138976
  0.00137821
  0.00136638
  0.00135392
    0.001341
  0.00132771
  0.00131388
  0.00129973
  0.00128496
  0.00126982
  0.00125424
  0.00123813
   0.0012216
  0.00120462
  0.00118717
  0.00116926
  0.00115092
  0.00113205
  0.00111272
  0.00109306
  0.00107291
  0.00105238
  0.00103124
  0.00100978
  0.00098787
 0.000965475
 0.000942678
 0.000919381
 0.000895701
 0.000871612
 0.000847087
 0.000822111
 0.000796736
 0.000770942
 0.000744718
 0.000718114
 0.000691065
 0.000663621
 0.000635815
 0.000607556
 0.000578927
 0.000549926
 0.000520516
 0.000490741
 0.000460572
 0.000430038
 0.000399143
 0.000367876
 0.000336249
 0.000304269
 0.000271938
 0.000239265
 0.000206261
 0.000172899
 0.000139226
 0.000105205
 7.08894e-05
 3.62729e-05
 1.30235e-06
-3.38807e-05
-6.94519e-05
-0.000105293
-0.000141386
-0.000177849
-0.000214472
-0.000251406
-0.000288585
-0.000326045
-0.000363786
-0.000401663
-0.000439878
-0.000478229
-0.000516913
-0.000555662
-0.000594699
-0.000633975
-0.000673381
-0.000712993
-0.000752799
-0.000792737
-0.000832956
 -0.00087309
 -0.00091362
-0.000954236
-0.000994879
 -0.00103574
 -0.00107662
 -0.00111771
 -0.00115892
 -0.00120019
 -0.00124154
 -0.00128296
  -0.0013244
 -0.00136607
 -0.00140758
 -0.00144921
  -0.0014909
 -0.00153268
 -0.00157451
 -0.00161619
 -0.00165796
 -0.00169963
 -0.00174149
 -0.00178324
   -0.001825
  -0.0018667
 -0.00190826
 -0.00194984
 -0.00199129
 -0.00203273
 -0.00207405
 -0.00211543
 -0.00215651
 -0.00219772
 -0.00223851
 -0.00227931
 -0.00232007
 -0.00236052
  -0.0024009
 -0.00244118
 -0.00248123
 -0.00252116
 -0.00256096
 -0.00260044
 -0.00263978
 -0.00267872
 -0.00271772
 -0.00275639
 -0.00279493
  -0.0028329
 -0.00287091
 -0.00290869
 -0.00294604
 -0.00298298
 -0.00301986
 -0.00305619
 -0.00309257
 -0.00312844
 -0.00316406
  -0.0031993
 -0.00323422
 -0.00326867
  -0.0033031
 -0.00333688
 -0.00337028
 -0.00340324
 -0.00343608
 -0.00346841
 -0.00350039
 -0.00353166
 -0.00356279
 -0.00359337
 -0.00362373
 -0.00365322
 -0.00368288
 -0.00371148
 -0.00373996
 -0.00376751
 -0.00379509
 -0.00382197
 -0.00384841
 -0.00387447
  -0.0038999
 -0.00392486
 -0.00394905
 -0.00397287
 -0.00399615
 -0.00401897
 -0.00404108
 -0.00406263
 -0.00408379
 -0.00410439
  -0.0041242
 -0.00414375
 -0.00416232
  -0.0041804
 -0.00419799
 -0.00421479
 -0.00423103
 -0.00424697
 -0.00426202
 -0.00427641
 -0.00429008
 -0.00430343
 -0.00431588
 -0.00432764
 -0.00433875
 -0.00434933
  -0.0043591
 -0.00436848
 -0.00437694
 -0.00438497
 -0.00439212
 -0.00439846
 -0.00440412
 -0.00440909
 -0.00441386
 -0.00441737
 -0.00442015
 -0.00442256
 -0.00442381
 -0.00442492
 -0.00442494
 -0.00442421
 -0.00442274
 -0.00442081
  -0.0044184
 -0.00441465
 -0.00441012
  -0.0044051
 -0.00439938
  -0.0043929
  -0.0043855
 -0.00437735
  -0.0043688
 -0.00435908
 -0.00434893
 -0.00433791
 -0.00432639
 -0.00431367
 -0.00430038
 -0.00428627
 -0.00427154
 -0.00425631
 -0.00423963
 -0.00422291
 -0.00420488
 -0.00418652
 -0.00416711
 -0.00414711
 -0.00412631
  -0.0041046
 -0.00408228
 -0.00405922
 -0.00403541
 -0.00401087
 -0.00398567
 -0.00395926
 -0.00393264
 -0.00390519
  -0.0038771
 -0.00384769
  -0.0038181
 -0.00378764
 -0.00375631
 -0.00372454
 -0.00369164
 -0.00365847
 -0.00362443
 -0.00358957
 -0.00355385
 -0.00351781
 -0.00348083
 -0.00344327
 -0.00340504
 -0.00336598
 -0.00332623
  -0.0032859
  -0.0032449
 -0.00320313
 -0.00316082
 -0.00311773
 -0.00307404
 -0.00302969
 -0.00298478
 -0.00293911
 -0.00289285
 -0.00284609
 -0.00279861
 -0.00275044
 -0.00270169
 -0.00265227
 -0.00260242
  -0.0025519
 -0.00250096
 -0.00244919
 -0.00239697
 -0.00234411
 -0.00229076
 -0.00223693
 -0.00218244
 -0.00212744
 -0.00207198
 -0.00201602
 -0.00195953
 -0.00190251
 -0.00184494
 -0.00178708
 -0.00172857
 -0.00166962
 -0.00161022
 -0.00155045
 -0.00149014
 -0.00142947
 -0.00136836
 -0.00130677
 -0.00124487
 -0.00118255
 -0.00111978
 -0.00105675
  -0.0009933
 -0.00092946
-0.000865262
-0.000800774
-0.000735937
  -0.0006708
-0.000605346
-0.000539603
-0.000473568
-0.000407259
-0.000340676
-0.000273852
-0.000206779
-0.000139465
-7.19425e-05
-4.21235e-06
 6.37247e-05
 0.000131889
 0.000200185
 0.000268696
 0.000337356
 0.000406137
 0.000475053
 0.000544127
  0.00061329
  0.00068254
 0.000751866
 0.000821341
 0.000890843
 0.000960387
     0.00103
  0.00109965
  0.00116931
  0.00123884
  0.00130867
  0.00137829
  0.00144788
   0.0015175
   0.0015872
   0.0016566
  0.00172596
  0.00179531
  0.00186445
  0.00193374
  0.00200272
  0.00207151
  0.00214044
  0.00220881
  0.00227734
  0.00234546
  0.00241357
  0.00248153
  0.00254918
  0.00261655
  0.00268371
  0.00275061
  0.00281733
  0.00288376
  0.00294971
  0.00301582
  0.00308124
  0.00314649
  0.00321123
  0.00327611
  0.00334015
    0.003404
  0.00346725
  0.00353059
   0.0035932
   0.0036554
  0.00371732
  0.00377855
  0.00383963
  0.00390013
  0.00396026
  0.00401971
  0.00407882
  0.00413765
  0.00419538
  0.00425333
   0.0043102
  0.00436673
  0.00442286
  0.00447839
  0.00453313
  0.00458751
  0.00464111
  0.00469405
  0.00474679
  0.00479849
  0.00484988
   0.0049001
   0.0049505
  0.00499972
  0.00504829
   0.0050962
  0.00514368
  0.00519001
  0.00523586
  0.00528109
  0.00532557
  0.00536921
  0.00541233
  0.00545453
  0.00549586
  0.00553661
  0.00557634
  0.00561558
  0.00565417
  0.00569163
  0.00572829
  0.00576435
   0.0057996
  0.00583399
  0.00586733
  0.00590015
  0.00593172
  0.00596295
  0.00599311
  0.00602217
  0.00605064
  0.00607819
  0.00610475
  0.00613037
  0.00615542
  0.00617932
  0.00620244
  0.00622437
  0.00624572
  0.00626607
  0.00628522
  0.00630367
  0.00632142
    0.006338
  0.00635336
  0.00636837
  0.00638214
  0.00639491
-6.16987e-14
