  -0.0196436
  -0.0191174
  -0.0185882
   -0.018056
   -0.017521
  -0.0169831
  -0.0164424
  -0.0158989
  -0.0153528
   -0.014804
  -0.0142526
  -0.0136987
  -0.0131423
  -0.0125834
  -0.0120222
  -0.0114586
  -0.0108927
  -0.0103246
 -0.00975429
 -0.00918187
 -0.00860737
 -0.00803085
 -0.00745236
 -0.00687196
 -0.00628971
 -0.00570565
 -0.00511985
 -0.00453235
 -0.00394322
 -0.00335251
 -0.00276028
 -0.00216658
 -0.00157148
-0.000975019
-0.000377272
 0.000221711
 0.000821875
  0.00142316
   0.0020255
  0.00262884
  0.00323313
   0.0038383
  0.00444429
  0.00505105
  0.00565852
  0.00626662
  0.00687531
  0.00748453
  0.00809421
  0.00870429
  0.00931472
  0.00992542
   0.0105363
   0.0111474
   0.0117586
   0.0123698
    0.012981
   0.0135921
   0.0142031
   0.0148138
   0.0154243
   0.0160344
   0.0166441
   0.0172534
   0.0178621
   0.0184703
   0.0190778
   0.0196846
   0.0202906
   0.0208958
   0.0215001
   0.0221034
   0.0227057
   0.0233069
    0.023907
   0.0245058
   0.0251034
   0.0256996
   0.0262944
   0.0268877
   0.0274796
   0.0280698
   0.0286583
   0.0292452
   0.0298303
   0.0304135
   0.0309948
   0.0315742
   0.0321515
   0.0327267
   0.0332998
   0.0338706
   0.0344392
   0.0350054
   0.0355692
   0.0361306
   0.0366894
   0.0372456
   0.0377992
   0.0383501
 -2.9056e-12
