 -0.00149667
 -0.00150721
 -0.00151759
 -0.00152783
 -0.00153792
 -0.00154786
 -0.00155764
 -0.00156727
 -0.00157675
 -0.00158607
 -0.00159523
 -0.00160424
 -0.00161308
 -0.00162177
  -0.0016303
 -0.00163866
 -0.00164686
  -0.0016549
 -0.00166278
  -0.0016705
 -0.00167804
 -0.00168542
 -0.00169263
 -0.00169968
 -0.00170655
 -0.00171325
 -0.00171979
 -0.00172616
 -0.00173235
 -0.00173838
 -0.00174422
  -0.0017499
  -0.0017554
 -0.00176073
 -0.00176588
 -0.00177086
 -0.00177566
 -0.00178029
 -0.00178474
 -0.00178901
  -0.0017931
 -0.00179701
 -0.00180074
  -0.0018043
 -0.00180767
 -0.00181087
 -0.00181388
 -0.00181671
 -0.00181937
 -0.00182184
 -0.00182413
 -0.00182624
 -0.00182816
  -0.0018299
 -0.00183146
 -0.00183284
 -0.00183403
 -0.00183504
 -0.00183587
 -0.00183652
 -0.00183698
 -0.00183725
 -0.00183735
 -0.00183725
 -0.00183698
 -0.00183653
 -0.00183589
 -0.00183506
 -0.00183405
 -0.00183286
 -0.00183148
 -0.00182992
 -0.00182818
 -0.00182625
 -0.00182414
 -0.00182185
 -0.00181937
 -0.00181672
 -0.00181388
 -0.00181085
 -0.00180765
 -0.00180427
  -0.0018007
 -0.00179695
 -0.00179303
 -0.00178891
 -0.00178463
 -0.00178016
 -0.00177552
 -0.00177069
 -0.00176569
 -0.00176052
 -0.00175515
 -0.00174962
 -0.00174391
 -0.00173803
 -0.00173197
 -0.00172573
 -0.00171932
 -0.00171274
 -0.00170599
 -0.00169906
 -0.00169196
 -0.00168469
 -0.00167726
 -0.00166964
 -0.00166187
 -0.00165393
 -0.00164582
 -0.00163754
  -0.0016291
 -0.00162049
 -0.00161172
 -0.00160278
 -0.00159369
 -0.00158443
 -0.00157502
 -0.00156544
  -0.0015557
 -0.00154581
 -0.00153576
 -0.00152556
  -0.0015152
 -0.00150468
 -0.00149402
  -0.0014832
 -0.00147223
 -0.00146111
 -0.00144985
 -0.00143843
 -0.00142687
 -0.00141517
 -0.00140332
 -0.00139133
  -0.0013792
 -0.00136692
 -0.00135451
 -0.00134196
 -0.00132928
 -0.00131645
  -0.0013035
 -0.00129041
 -0.00127719
 -0.00126384
 -0.00125035
 -0.00123675
 -0.00122301
 -0.00120915
 -0.00119517
 -0.00118106
 -0.00116683
 -0.00115249
 -0.00113802
 -0.00112344
 -0.00110874
 -0.00109393
 -0.00107901
 -0.00106398
 -0.00104884
 -0.00103358
 -0.00101823
 -0.00100277
-0.000987199
-0.000971531
-0.000955763
-0.000939896
-0.000923932
-0.000907872
 -0.00089172
-0.000875473
-0.000859137
-0.000842712
-0.000826198
-0.000809598
-0.000792914
-0.000776149
  -0.0007593
-0.000742376
-0.000725371
 -0.00070829
-0.000691135
-0.000673909
 -0.00065661
-0.000639243
-0.000621808
-0.000604309
-0.000586745
-0.000569118
-0.000551431
-0.000533686
-0.000515883
-0.000498027
-0.000480115
-0.000462153
 -0.00044414
-0.000426081
-0.000407973
-0.000389823
-0.000371628
-0.000353394
-0.000335121
-0.000316811
-0.000298464
-0.000280085
-0.000261674
-0.000243232
-0.000224764
-0.000206268
-0.000187749
-0.000169207
-0.000150644
-0.000132063
-0.000113464
-9.48508e-05
-7.62241e-05
-5.75861e-05
-3.89387e-05
-2.02836e-05
-1.62275e-06
 1.70421e-05
 3.57088e-05
 5.43759e-05
 7.30411e-05
 9.17029e-05
 0.000110359
 0.000129008
 0.000147648
 0.000166276
 0.000184892
 0.000203493
 0.000222078
 0.000240643
 0.000259189
 0.000277712
 0.000296212
 0.000314685
 0.000333131
 0.000351547
 0.000369931
 0.000388282
 0.000406598
 0.000424877
 0.000443118
 0.000461317
 0.000479474
 0.000497587
 0.000515654
 0.000533671
 0.000551641
 0.000569558
 0.000587421
  0.00060523
  0.00062298
 0.000640674
 0.000658306
 0.000675876
 0.000693383
 0.000710823
 0.000728195
   0.0007455
  0.00076273
 0.000779891
 0.000796974
 0.000813983
 0.000830912
 0.000847764
 0.000864533
 0.000881219
 0.000897819
 0.000914335
 0.000930761
 0.000947097
 0.000963345
 0.000979497
 0.000995554
  0.00101152
  0.00102738
  0.00104314
   0.0010588
  0.00107436
  0.00108982
  0.00110517
  0.00112041
  0.00113554
  0.00115057
  0.00116548
  0.00118027
  0.00119495
  0.00120952
  0.00122397
   0.0012383
   0.0012525
  0.00126658
  0.00128054
  0.00129438
  0.00130809
  0.00132166
  0.00133512
  0.00134844
  0.00136163
  0.00137468
   0.0013876
  0.00140038
  0.00141303
  0.00142553
   0.0014379
  0.00145012
   0.0014622
  0.00147415
  0.00148594
  0.00149759
  0.00150909
  0.00152044
  0.00153164
  0.00154269
  0.00155359
  0.00156433
  0.00157493
  0.00158536
  0.00159564
  0.00160576
  0.00161572
  0.00162553
  0.00163517
  0.00164465
  0.00165397
  0.00166313
  0.00167211
  0.00168094
   0.0016896
  0.00169809
  0.00170641
  0.00171457
  0.00172255
  0.00173037
  0.00173801
  0.00174548
  0.00175277
  0.00175989
  0.00176684
  0.00177362
  0.00178022
  0.00178663
  0.00179288
  0.00179894
  0.00180482
  0.00181054
  0.00181606
  0.00182141
  0.00182658
  0.00183156
  0.00183636
  0.00184098
  0.00184541
  0.00184967
  0.00185373
  0.00185762
  0.00186131
  0.00186482
  0.00186815
  0.00187129
  0.00187425
  0.00187701
  0.00187959
  0.00188198
  0.00188419
  0.00188621
  0.00188803
  0.00188967
  0.00189113
  0.00189239
  0.00189346
  0.00189435
  0.00189504
  0.00189554
  0.00189586
  0.00189599
  0.00189593
  0.00189567
  0.00189523
   0.0018946
  0.00189377
  0.00189276
  0.00189156
  0.00189017
   0.0018886
  0.00188682
  0.00188486
  0.00188272
  0.00188038
  0.00187786
  0.00187515
  0.00187225
  0.00186915
  0.00186588
  0.00186242
  0.00185877
  0.00185493
  0.00185091
   0.0018467
  0.00184231
  0.00183773
  0.00183296
  0.00182801
  0.00182288
  0.00181756
  0.00181207
  0.00180639
  0.00180052
  0.00179448
  0.00178825
  0.00178185
  0.00177526
   0.0017685
  0.00176156
  0.00175443
  0.00174714
  0.00173967
  0.00173202
   0.0017242
   0.0017162
  0.00170803
  0.00169969
  0.00169118
  0.00168249
  0.00167363
  0.00166461
  0.00165542
  0.00164606
  0.00163653
  0.00162684
  0.00161699
  0.00160697
  0.00159678
  0.00158644
  0.00157594
  0.00156527
  0.00155444
  0.00154346
  0.00153233
  0.00152103
  0.00150958
  0.00149798
  0.00148623
  0.00147432
  0.00146227
  0.00145007
  0.00143771
  0.00142522
  0.00141258
  0.00139979
  0.00138687
  0.00137379
  0.00136059
  0.00134724
  0.00133375
  0.00132013
  0.00130638
  0.00129249
  0.00127846
  0.00126431
  0.00125003
  0.00123562
  0.00122108
  0.00120642
  0.00119164
  0.00117673
   0.0011617
  0.00114655
  0.00113129
  0.00111591
  0.00110042
  0.00108481
  0.00106909
  0.00105325
  0.00103732
  0.00102127
  0.00100512
 0.000988866
 0.000972508
 0.000956051
 0.000939496
 0.000922841
 0.000906092
 0.000889249
 0.000872312
 0.000855288
 0.000838172
  0.00082097
  0.00080368
 0.000786309
 0.000768855
  0.00075132
 0.000733709
 0.000716019
 0.000698253
 0.000680414
 0.000662504
 0.000644524
 0.000626476
  0.00060836
 0.000590184
 0.000571941
 0.000553639
 0.000535278
 0.000516859
 0.000498387
 0.000479859
 0.000461279
 0.000442651
 0.000423973
  0.00040525
 0.000386483
 0.000367673
 0.000348822
 0.000329933
 0.000311007
 0.000292047
 0.000273053
 0.000254028
 0.000234974
 0.000215893
 0.000196786
 0.000177656
 0.000158504
 0.000139333
 0.000120143
 0.000100938
 8.17191e-05
 6.24879e-05
 4.32467e-05
 2.39974e-05
 4.74145e-06
-1.45183e-05
-3.37807e-05
-5.30435e-05
-7.23048e-05
-9.15631e-05
-0.000110815
-0.000130061
-0.000149297
-0.000168523
-0.000187735
-0.000206932
-0.000226112
-0.000245275
-0.000264415
-0.000283534
-0.000302628
-0.000321695
-0.000340733
-0.000359742
 -0.00037872
-0.000397662
-0.000416568
-0.000435436
-0.000454266
-0.000473052
-0.000491795
-0.000510494
-0.000529145
-0.000547747
-0.000566297
-0.000584794
-0.000603236
-0.000621624
-0.000639951
-0.000658218
-0.000676425
-0.000694564
 -0.00071264
-0.000730648
-0.000748587
-0.000766452
-0.000784246
-0.000801966
-0.000819607
 -0.00083717
-0.000854655
-0.000872058
-0.000889375
-0.000906608
-0.000923752
 -0.00094081
-0.000957775
-0.000974646
-0.000991427
 -0.00100811
  -0.0010247
 -0.00104118
 -0.00105757
 -0.00107385
 -0.00109003
  -0.0011061
 -0.00112207
 -0.00113793
 -0.00115367
 -0.00116931
 -0.00118483
 -0.00120023
 -0.00121552
 -0.00123069
 -0.00124574
 -0.00126066
 -0.00127547
 -0.00129015
  -0.0013047
 -0.00131913
 -0.00133342
 -0.00134759
 -0.00136163
 -0.00137553
 -0.00138929
 -0.00140292
 -0.00141642
 -0.00142977
 -0.00144298
 -0.00145606
 -0.00146898
 -0.00148177
 -0.00149441
  -0.0015069
 -0.00151924
 -0.00153143
 -0.00154348
 -0.00155538
 -0.00156711
 -0.00157869
 -0.00159012
  -0.0016014
  -0.0016125
 -0.00162346
 -0.00163426
 -0.00164488
 -0.00165536
 -0.00166566
 -0.00167581
 -0.00168578
  -0.0016956
 -0.00170524
 -0.00171471
 -0.00172402
 -0.00173315
 -0.00174212
  -0.0017509
 -0.00175952
 -0.00176796
 -0.00177623
 -0.00178432
 -0.00179224
 -0.00179997
 -0.00180753
 -0.00181491
 -0.00182211
 -0.00182913
 -0.00183596
 -0.00184262
 -0.00184908
 -0.00185538
 -0.00186148
 -0.00186739
 -0.00187313
 -0.00187867
 -0.00188403
 -0.00188921
  -0.0018942
 -0.00189899
  -0.0019036
 -0.00190801
 -0.00191224
 -0.00191628
 -0.00192012
 -0.00192378
 -0.00192724
 -0.00193051
 -0.00193359
 -0.00193648
 -0.00193917
 -0.00194167
 -0.00194398
 -0.00194609
   -0.001948
 -0.00194973
 -0.00195126
 -0.00195259
 -0.00195373
 -0.00195467
 -0.00195542
 -0.00195597
 -0.00195633
 -0.00195649
 -0.00195646
 -0.00195623
 -0.00195581
 -0.00195518
 -0.00195437
 -0.00195335
 -0.00195215
 -0.00195074
 -0.00194914
 -0.00194735
 -0.00194536
 -0.00194318
  -0.0019408
 -0.00193823
 -0.00193545
 -0.00193249
 -0.00192934
 -0.00192599
 -0.00192244
 -0.00191871
 -0.00191478
 -0.00191066
 -0.00190634
 -0.00190184
 -0.00189714
 -0.00189226
 -0.00188718
 -0.00188192
 -0.00187646
 -0.00187082
 -0.00186499
 -0.00185896
 -0.00185276
 -0.00184636
 -0.00183978
 -0.00183302
 -0.00182606
 -0.00181893
 -0.00181162
 -0.00180412
 -0.00179644
 -0.00178857
 -0.00178052
  -0.0017723
  -0.0017639
 -0.00175532
 -0.00174656
 -0.00173763
 -0.00172852
 -0.00171924
 -0.00170977
 -0.00170015
 -0.00169035
 -0.00168037
 -0.00167023
 -0.00165991
 -0.00164943
 -0.00163878
 -0.00162797
 -0.00161699
 -0.00160585
 -0.00159454
 -0.00158307
 -0.00157144
 -0.00155966
 -0.00154771
 -0.00153561
 -0.00152335
 -0.00151093
 -0.00149836
 -0.00148564
 -0.00147277
 -0.00145975
 -0.00144658
 -0.00143326
  -0.0014198
 -0.00140619
 -0.00139244
 -0.00137855
 -0.00136451
 -0.00135034
 -0.00133603
 -0.00132158
   -0.001307
 -0.00129228
 -0.00127744
 -0.00126245
 -0.00124735
 -0.00123211
 -0.00121675
 -0.00120126
 -0.00118564
 -0.00116991
 -0.00115406
 -0.00113809
   -0.001122
  -0.0011058
 -0.00108948
 -0.00107305
 -0.00105651
 -0.00103986
  -0.0010231
 -0.00100624
-0.000989276
-0.000972207
-0.000955038
 -0.00093777
-0.000920405
-0.000902944
 -0.00088539
-0.000867743
-0.000850005
-0.000832179
-0.000814267
-0.000796268
-0.000778188
-0.000760025
-0.000741782
-0.000723464
-0.000705068
-0.000686597
-0.000668055
-0.000649442
 -0.00063076
-0.000612012
-0.000593198
-0.000574323
-0.000555384
-0.000536386
-0.000517332
-0.000498222
-0.000479059
-0.000459842
-0.000440578
-0.000421264
-0.000401905
-0.000382502
-0.000363056
-0.000343571
-0.000324047
-0.000304487
-0.000284892
-0.000265265
-0.000245607
-0.000225921
-0.000206209
-0.000186472
-0.000166712
-0.000146932
-0.000127133
-0.000107317
-8.74867e-05
-6.76436e-05
-4.77899e-05
-2.79272e-05
-8.05795e-06
 1.18162e-05
 3.16929e-05
 5.15709e-05
 7.14472e-05
 9.13204e-05
 0.000111188
  0.00013105
 0.000150902
 0.000170743
  0.00019057
 0.000210382
 0.000230178
 0.000249955
  0.00026971
 0.000289443
 0.000309149
  0.00032883
 0.000348482
 0.000368102
  0.00038769
 0.000407242
 0.000426759
 0.000446235
 0.000465672
 0.000485065
 0.000504414
 0.000523717
 0.000542972
 0.000562174
 0.000581325
 0.000600423
 0.000619463
 0.000638446
 0.000657368
 0.000676228
 0.000695025
 0.000713756
 0.000732419
 0.000751012
 0.000769534
 0.000787984
 0.000806358
 0.000824655
 0.000842872
 0.000861009
 0.000879064
 0.000897036
 0.000914919
 0.000932716
 0.000950424
 0.000968038
 0.000985562
  0.00100299
  0.00102032
  0.00103755
  0.00105468
  0.00107171
  0.00108863
  0.00110546
  0.00112217
  0.00113877
  0.00115526
  0.00117165
  0.00118791
  0.00120406
   0.0012201
  0.00123601
  0.00125181
  0.00126748
  0.00128303
  0.00129845
  0.00131375
  0.00132892
  0.00134396
  0.00135887
  0.00137364
  0.00138828
  0.00140279
  0.00141715
  0.00143138
  0.00144547
  0.00145942
  0.00147322
  0.00148688
  0.00150039
  0.00151375
  0.00152697
  0.00154003
  0.00155295
  0.00156571
  0.00157832
  0.00159077
  0.00160307
  0.00161521
  0.00162719
    0.001639
  0.00165066
  0.00166216
  0.00167348
  0.00168465
  0.00169565
  0.00170648
  0.00171714
  0.00172764
  0.00173796
  0.00174811
  0.00175809
  0.00176789
  0.00177752
  0.00178697
  0.00179625
  0.00180535
  0.00181427
  0.00182301
  0.00183157
  0.00183995
  0.00184815
  0.00185616
  0.00186399
  0.00187163
  0.00187909
  0.00188636
  0.00189345
  0.00190034
  0.00190705
  0.00191357
   0.0019199
  0.00192604
  0.00193199
  0.00193774
   0.0019433
  0.00194866
  0.00195384
  0.00195882
   0.0019636
  0.00196819
  0.00197259
  0.00197679
  0.00198079
  0.00198459
   0.0019882
   0.0019916
  0.00199481
  0.00199782
  0.00200063
  0.00200325
  0.00200566
  0.00200786
  0.00200987
  0.00201169
   0.0020133
   0.0020147
  0.00201591
 -5.0695e-12
