-1.28238e-06
 -1.3141e-06
-1.34617e-06
-1.37857e-06
-1.41131e-06
-1.44439e-06
 -1.4778e-06
-1.51156e-06
-1.54565e-06
-1.58008e-06
-1.61485e-06
-1.64997e-06
-1.68541e-06
 -1.7212e-06
-1.75732e-06
-1.79378e-06
-1.83057e-06
 -1.8677e-06
-1.90517e-06
-1.94297e-06
-1.98111e-06
-2.01957e-06
-2.05837e-06
 -2.0975e-06
-2.13695e-06
-2.17674e-06
-2.21685e-06
-2.25729e-06
-2.29805e-06
-2.33914e-06
-2.38054e-06
-2.42226e-06
 -2.4643e-06
-2.50666e-06
-2.54933e-06
-2.59231e-06
 -2.6356e-06
-2.67919e-06
-2.72309e-06
-2.76729e-06
-2.81179e-06
-2.85659e-06
-2.90168e-06
-2.94706e-06
-2.99272e-06
-3.03868e-06
-3.08491e-06
-3.13142e-06
-3.17821e-06
-3.22526e-06
-3.27259e-06
-3.32017e-06
-3.36802e-06
-3.41612e-06
-3.46447e-06
-3.51307e-06
-3.56191e-06
  -3.611e-06
-3.66031e-06
-3.70985e-06
-3.75961e-06
 -3.8096e-06
 -3.8598e-06
 -3.9102e-06
-3.96081e-06
-4.01162e-06
-4.06261e-06
-4.11379e-06
-4.16516e-06
-4.21669e-06
-4.26839e-06
-4.32025e-06
-4.37227e-06
-4.42443e-06
-4.47674e-06
-4.52917e-06
-4.58174e-06
-4.63442e-06
-4.68722e-06
-4.74011e-06
-4.79311e-06
-4.84619e-06
-4.89935e-06
-4.95258e-06
-5.00588e-06
-5.05923e-06
-5.11262e-06
-5.16605e-06
-5.21951e-06
-5.27299e-06
-5.32648e-06
-5.37997e-06
-5.43344e-06
 -5.4869e-06
-5.54032e-06
 -5.5937e-06
-5.64703e-06
 -5.7003e-06
 -5.7535e-06
-5.80661e-06
-5.85962e-06
-5.91253e-06
-5.96532e-06
-6.01797e-06
-6.07049e-06
-6.12285e-06
-6.17504e-06
-6.22705e-06
-6.27887e-06
-6.33048e-06
-6.38188e-06
-6.43304e-06
-6.48395e-06
-6.53461e-06
-6.58499e-06
-6.63508e-06
-6.68487e-06
-6.73435e-06
-6.78348e-06
-6.83228e-06
-6.88071e-06
-6.92876e-06
-6.97642e-06
-7.02367e-06
-7.07049e-06
-7.11687e-06
-7.16279e-06
-7.20824e-06
-7.25319e-06
-7.29763e-06
-7.34154e-06
-7.38492e-06
-7.42772e-06
-7.46995e-06
-7.51157e-06
-7.55259e-06
-7.59296e-06
-7.63268e-06
-7.67171e-06
-7.71006e-06
 -7.7477e-06
-7.78459e-06
-7.82073e-06
 -7.8561e-06
-7.89068e-06
-7.92443e-06
-7.95736e-06
-7.98942e-06
 -8.0206e-06
-8.05088e-06
-8.08024e-06
-8.10864e-06
-8.13609e-06
-8.16254e-06
-8.18797e-06
-8.21237e-06
 -8.2357e-06
-8.25796e-06
 -8.2791e-06
-8.29911e-06
-8.31797e-06
-8.33564e-06
-8.35211e-06
-8.36735e-06
-8.38132e-06
-8.39402e-06
-8.40541e-06
-8.41547e-06
-8.42416e-06
-8.43147e-06
-8.43737e-06
-8.44183e-06
-8.44482e-06
-8.44632e-06
-8.44629e-06
-8.44472e-06
-8.44157e-06
-8.43681e-06
-8.43042e-06
-8.42237e-06
-8.41262e-06
-8.40116e-06
-8.38794e-06
-8.37295e-06
-8.35614e-06
 -8.3375e-06
-8.31699e-06
-8.29458e-06
-8.27024e-06
-8.24393e-06
-8.21564e-06
-8.18532e-06
-8.15295e-06
-8.11849e-06
-8.08192e-06
 -8.0432e-06
-8.00229e-06
-7.95917e-06
-7.91381e-06
-7.86616e-06
-7.81621e-06
-7.76391e-06
-7.70923e-06
-7.65214e-06
 -7.5926e-06
-7.53059e-06
-7.46606e-06
-7.39899e-06
-7.32933e-06
-7.25706e-06
-7.18214e-06
-7.10454e-06
-7.02422e-06
-6.94115e-06
-6.85528e-06
-6.76659e-06
-6.67505e-06
-6.58061e-06
-6.48323e-06
 -6.3829e-06
-6.27956e-06
-6.17319e-06
-6.06374e-06
-5.95118e-06
-5.83548e-06
 -5.7166e-06
 -5.5945e-06
-5.46914e-06
 -5.3405e-06
-5.20852e-06
-5.07319e-06
-4.93446e-06
-4.79229e-06
-4.64664e-06
-4.49749e-06
-4.34479e-06
-4.18851e-06
-4.02861e-06
-3.86505e-06
 -3.6978e-06
-3.52682e-06
-3.35207e-06
-3.17352e-06
-2.99113e-06
-2.80487e-06
-2.61469e-06
-2.42056e-06
-2.22244e-06
 -2.0203e-06
-1.81411e-06
-1.60382e-06
 -1.3894e-06
-1.17081e-06
-9.48016e-07
-7.20986e-07
-4.89681e-07
-2.54065e-07
-1.41027e-08
 2.30235e-07
 4.78996e-07
 7.32205e-07
   9.899e-07
 1.25212e-06
 1.51889e-06
 1.79025e-06
 2.06623e-06
 2.34686e-06
 2.63219e-06
 2.92225e-06
 3.21706e-06
 3.51665e-06
 3.82108e-06
 4.13034e-06
 4.44451e-06
 4.76357e-06
  5.0876e-06
  5.4166e-06
 5.75062e-06
 6.08967e-06
  6.4338e-06
 6.78301e-06
 7.13736e-06
 7.49687e-06
 7.86155e-06
 8.23146e-06
  8.6066e-06
 8.98701e-06
 9.37271e-06
 9.76373e-06
 1.01601e-05
 1.05618e-05
  1.0969e-05
 1.13815e-05
 1.17995e-05
 1.22229e-05
 1.26518e-05
 1.30863e-05
 1.35263e-05
 1.39718e-05
 1.44228e-05
 1.48795e-05
 1.53418e-05
 1.58097e-05
 1.62832e-05
 1.67624e-05
 1.72472e-05
 1.77377e-05
  1.8234e-05
 1.87359e-05
 1.92436e-05
  1.9757e-05
 2.02761e-05
  2.0801e-05
 2.13316e-05
 2.18681e-05
 2.24103e-05
 2.29583e-05
  2.3512e-05
 2.40716e-05
  2.4637e-05
 2.52081e-05
 2.57851e-05
 2.63678e-05
 2.69564e-05
 2.75508e-05
 2.81509e-05
 2.87568e-05
 2.93685e-05
  2.9986e-05
 3.06093e-05
 3.12383e-05
  3.1873e-05
 3.25136e-05
 3.31598e-05
 3.38117e-05
 3.44694e-05
 3.51326e-05
 3.58016e-05
 3.64762e-05
 3.71564e-05
 3.78423e-05
 3.85337e-05
 3.92306e-05
 3.99331e-05
  4.0641e-05
 4.13545e-05
 4.20733e-05
 4.27976e-05
 4.35272e-05
 4.42622e-05
 4.50024e-05
 4.57479e-05
 4.64986e-05
 4.72545e-05
 4.80155e-05
 4.87816e-05
 4.95527e-05
 5.03289e-05
 5.11099e-05
 5.18958e-05
 5.26866e-05
  5.3482e-05
 5.42823e-05
 5.50871e-05
 5.58966e-05
 5.67105e-05
 5.75289e-05
 5.83517e-05
 5.91789e-05
 6.00102e-05
 6.08457e-05
 6.16853e-05
 6.25289e-05
 6.33764e-05
 6.42278e-05
 6.50829e-05
 6.59417e-05
 6.68041e-05
 6.76699e-05
 6.85392e-05
 6.94117e-05
 7.02875e-05
 7.11662e-05
  7.2048e-05
 7.29327e-05
 7.38201e-05
 7.47103e-05
 7.56029e-05
  7.6498e-05
 7.73953e-05
 7.82949e-05
 7.91964e-05
    8.01e-05
 8.10053e-05
 8.19123e-05
 8.28208e-05
 8.37307e-05
 8.46418e-05
  8.5554e-05
 8.64672e-05
 8.73813e-05
  8.8296e-05
 8.92111e-05
 9.01266e-05
 9.10422e-05
  9.1958e-05
 9.28735e-05
 9.37887e-05
 9.47034e-05
 9.56174e-05
 9.65306e-05
 9.74427e-05
 9.83535e-05
 9.92631e-05
 0.000100171
 0.000101077
 0.000101981
 0.000102883
 0.000103782
 0.000104679
 0.000105573
 0.000106464
 0.000107352
 0.000108236
 0.000109116
 0.000109993
 0.000110865
 0.000111733
 0.000112596
 0.000113455
 0.000114308
 0.000115156
 0.000115998
 0.000116834
 0.000117664
 0.000118488
 0.000119305
 0.000120115
 0.000120918
 0.000121713
 0.000122501
  0.00012328
 0.000124051
 0.000124813
 0.000125566
  0.00012631
 0.000127045
 0.000127769
 0.000128484
 0.000129187
  0.00012988
 0.000130562
 0.000131232
 0.000131891
 0.000132537
 0.000133171
 0.000133792
 0.000134399
 0.000134993
 0.000135573
 0.000136139
 0.000136691
 0.000137227
 0.000137748
 0.000138253
 0.000138742
 0.000139214
  0.00013967
 0.000140108
 0.000140529
 0.000140931
 0.000141315
  0.00014168
 0.000142026
 0.000142352
 0.000142657
 0.000142943
 0.000143207
  0.00014345
 0.000143671
 0.000143869
 0.000144045
 0.000144198
 0.000144327
 0.000144431
 0.000144512
 0.000144567
 0.000144597
   0.0001446
 0.000144578
 0.000144528
 0.000144451
 0.000144346
 0.000144213
 0.000144051
 0.000143859
 0.000143638
 0.000143386
 0.000143103
 0.000142789
 0.000142443
 0.000142065
 0.000141653
 0.000141208
 0.000140729
 0.000140216
 0.000139667
 0.000139083
 0.000138463
 0.000137806
 0.000137111
 0.000136379
 0.000135609
 0.000134799
 0.000133951
 0.000133062
 0.000132132
 0.000131161
 0.000130149
 0.000129094
 0.000127996
 0.000126855
 0.000125669
 0.000124439
 0.000123164
 0.000121843
 0.000120475
  0.00011906
 0.000117598
 0.000116088
 0.000114528
 0.000112919
  0.00011126
 0.000109551
  0.00010779
 0.000105977
 0.000104112
 0.000102193
 0.000100221
 9.81946e-05
 9.61131e-05
  9.3976e-05
 9.17826e-05
 8.95324e-05
 8.72247e-05
 8.48589e-05
 8.24344e-05
 7.99506e-05
 7.74067e-05
 7.48022e-05
 7.21366e-05
  6.9409e-05
 6.66189e-05
 6.37658e-05
 6.08488e-05
 5.78675e-05
 5.48212e-05
 5.17092e-05
  4.8531e-05
 4.52859e-05
 4.19733e-05
 3.85925e-05
  3.5143e-05
 3.16241e-05
 2.80351e-05
 2.43756e-05
 2.06448e-05
 1.68421e-05
  1.2967e-05
 9.01882e-06
  4.9969e-06
 9.00729e-07
-3.27032e-06
-7.51694e-06
-1.18397e-05
-1.62391e-05
-2.07158e-05
-2.52703e-05
-2.99035e-05
-3.46155e-05
-3.94072e-05
-4.42792e-05
-4.92318e-05
 -5.4266e-05
-5.93819e-05
-6.45802e-05
-6.98617e-05
-7.52266e-05
-8.06757e-05
-8.62093e-05
-9.18283e-05
-9.75327e-05
-0.000103323
-0.000109201
-0.000115165
-0.000121218
-0.000127358
-0.000133588
-0.000139906
-0.000146314
-0.000152812
-0.000159401
-0.000166081
-0.000172852
-0.000179715
 -0.00018667
-0.000193718
-0.000200858
-0.000208093
-0.000215421
-0.000222843
 -0.00023036
-0.000237972
-0.000245679
-0.000253482
-0.000261381
-0.000269375
-0.000277467
-0.000285655
 -0.00029394
-0.000302322
-0.000310802
-0.000319379
-0.000328055
-0.000336828
  -0.0003457
 -0.00035467
 -0.00036374
-0.000372907
-0.000382174
-0.000391539
-0.000401004
-0.000410568
-0.000420231
-0.000429993
-0.000439855
-0.000449816
-0.000459876
-0.000470035
-0.000480294
-0.000490651
-0.000501108
-0.000511663
-0.000522317
-0.000533071
-0.000543922
-0.000554872
-0.000565919
-0.000577065
-0.000588307
-0.000599648
-0.000611085
-0.000622619
-0.000634248
-0.000645974
-0.000657796
-0.000669712
-0.000681723
-0.000693828
-0.000706027
-0.000718319
-0.000730704
 -0.00074318
-0.000755748
-0.000768406
-0.000781155
-0.000793993
-0.000806919
-0.000819934
-0.000833036
-0.000846223
-0.000859496
-0.000872854
-0.000886296
 -0.00089982
-0.000913426
-0.000927112
-0.000940879
-0.000954724
-0.000968646
-0.000982645
 -0.00099672
 -0.00101087
 -0.00102509
 -0.00103938
 -0.00105374
 -0.00106818
 -0.00108267
 -0.00109724
 -0.00111187
 -0.00112656
 -0.00114132
 -0.00115613
   -0.001171
 -0.00118593
 -0.00120091
 -0.00121595
 -0.00123104
 -0.00124618
 -0.00126136
 -0.00127659
 -0.00129187
 -0.00130718
 -0.00132254
 -0.00133793
 -0.00135336
 -0.00136883
 -0.00138432
 -0.00139984
 -0.00141539
 -0.00143097
 -0.00144656
 -0.00146218
 -0.00147781
 -0.00149345
 -0.00150911
 -0.00152478
 -0.00154045
 -0.00155613
  -0.0015718
 -0.00158748
 -0.00160315
 -0.00161881
 -0.00163446
 -0.00165009
 -0.00166571
 -0.00168131
 -0.00169688
 -0.00171243
 -0.00172795
 -0.00174343
 -0.00175888
 -0.00177428
 -0.00178964
 -0.00180495
 -0.00182022
 -0.00183542
 -0.00185057
 -0.00186565
 -0.00188067
 -0.00189561
 -0.00191049
 -0.00192528
 -0.00193999
 -0.00195461
 -0.00196914
 -0.00198357
  -0.0019979
 -0.00201213
 -0.00202625
 -0.00204026
 -0.00205414
 -0.00206791
 -0.00208154
 -0.00209504
 -0.00210841
 -0.00212163
  -0.0021347
 -0.00214762
 -0.00216039
 -0.00217299
 -0.00218542
 -0.00219767
 -0.00220975
 -0.00222164
 -0.00223335
 -0.00224485
 -0.00225616
 -0.00226725
 -0.00227814
  -0.0022888
 -0.00229924
 -0.00230945
 -0.00231942
 -0.00232915
 -0.00233862
 -0.00234785
 -0.00235681
  -0.0023655
 -0.00237391
 -0.00238205
 -0.00238989
 -0.00239744
 -0.00240469
 -0.00241163
 -0.00241825
 -0.00242455
 -0.00243053
 -0.00243616
 -0.00244145
 -0.00244639
 -0.00245097
 -0.00245519
 -0.00245903
 -0.00246249
 -0.00246556
 -0.00246824
 -0.00247051
 -0.00247237
 -0.00247382
 -0.00247483
 -0.00247541
 -0.00247555
 -0.00247523
 -0.00247445
 -0.00247321
 -0.00247149
 -0.00246929
 -0.00246659
 -0.00246339
 -0.00245968
 -0.00245545
  -0.0024507
 -0.00244541
 -0.00243957
 -0.00243318
 -0.00242623
  -0.0024187
  -0.0024106
  -0.0024019
 -0.00239261
  -0.0023827
 -0.00237218
 -0.00236104
 -0.00234925
 -0.00233682
 -0.00232374
 -0.00230999
 -0.00229556
 -0.00228045
 -0.00226465
 -0.00224814
 -0.00223092
 -0.00221298
  -0.0021943
 -0.00217489
 -0.00215471
 -0.00213378
 -0.00211207
 -0.00208958
 -0.00206629
  -0.0020422
 -0.00201729
 -0.00199157
   -0.001965
  -0.0019376
 -0.00190933
  -0.0018802
  -0.0018502
  -0.0018193
 -0.00178752
 -0.00175482
  -0.0017212
 -0.00168666
 -0.00165117
 -0.00161474
 -0.00157734
 -0.00153897
 -0.00149962
 -0.00145928
 -0.00141794
 -0.00137558
 -0.00133219
 -0.00128777
  -0.0012423
 -0.00119577
 -0.00114818
 -0.00109951
 -0.00104974
-0.000998881
-0.000946907
 -0.00089381
-0.000839581
-0.000784209
-0.000727682
-0.000669991
-0.000611123
 -0.00055107
-0.000489821
-0.000427364
-0.000363687
-0.000298784
-0.000232642
 -0.00016525
 -9.6597e-05
-2.66747e-05
 4.45296e-05
 0.000117022
 0.000190819
 0.000265925
 0.000342354
 0.000420114
 0.000499218
  0.00057967
 0.000661486
 0.000744673
 0.000829241
 0.000915202
  0.00100256
  0.00109133
  0.00118152
  0.00127314
  0.00136619
   0.0014607
  0.00155666
  0.00165409
  0.00175299
  0.00185337
  0.00195524
  0.00205862
   0.0021635
   0.0022699
  0.00237783
  0.00248729
  0.00259828
  0.00271084
  0.00282494
  0.00294061
  0.00305785
  0.00317667
  0.00329708
  0.00341907
  0.00354267
  0.00366787
  0.00379468
  0.00392311
  0.00405317
  0.00418485
  0.00431817
  0.00445313
  0.00458974
    0.004728
   0.0048679
  0.00500948
  0.00515271
  0.00529762
   0.0054442
  0.00559245
  0.00574238
    0.005894
   0.0060473
  0.00620229
  0.00635897
  0.00651735
  0.00667741
  0.00683917
  0.00700264
  0.00716779
  0.00733465
  0.00750321
  0.00767347
  0.00784543
  0.00801908
  0.00819443
  0.00837148
  0.00855022
  0.00873066
   0.0089128
  0.00909662
  0.00928212
   0.0094693
  0.00965816
  0.00984871
   0.0100409
   0.0102348
   0.0104303
   0.0106275
   0.0108264
   0.0110269
    0.011229
   0.0114327
   0.0116381
   0.0118451
   0.0120537
   0.0122638
   0.0124756
   0.0126889
   0.0129039
   0.0131203
   0.0133383
   0.0135579
   0.0137789
   0.0140015
   0.0142256
   0.0144511
   0.0146781
   0.0149065
   0.0151364
   0.0153677
   0.0156004
   0.0158345
     0.01607
   0.0163068
   0.0165449
   0.0167844
   0.0170251
   0.0172672
   0.0175104
   0.0177549
   0.0180006
 5.19621e-11
