-5.64536e-08
-7.20672e-08
-6.13989e-08
-5.94904e-08
-6.84025e-08
-6.25663e-08
-6.56841e-08
 -6.8725e-08
-6.74368e-08
-7.64356e-08
-6.84927e-08
-7.90265e-08
-6.77157e-08
-7.29714e-08
-7.60894e-08
-8.24886e-08
-8.00611e-08
-7.96728e-08
-7.90577e-08
-7.97667e-08
-7.15781e-08
-8.21682e-08
-7.67941e-08
-7.99632e-08
-7.96195e-08
-8.15985e-08
 -8.4974e-08
-8.01486e-08
-8.32911e-08
-8.75574e-08
-8.88091e-08
-9.07663e-08
-8.59807e-08
-8.52424e-08
-8.79171e-08
-9.14228e-08
-9.08769e-08
-8.38021e-08
-8.94134e-08
-9.28177e-08
-9.33779e-08
-9.88952e-08
-9.14677e-08
-9.77678e-08
-9.54108e-08
-9.10252e-08
-9.52662e-08
-9.32725e-08
-9.47948e-08
-9.58875e-08
-9.56116e-08
-9.55797e-08
-9.46849e-08
-9.71831e-08
-9.60648e-08
-9.61246e-08
-9.66827e-08
-9.57418e-08
-9.81271e-08
-9.72562e-08
-9.77808e-08
-9.60112e-08
-9.66839e-08
-9.72738e-08
-9.71336e-08
-9.60575e-08
-9.67562e-08
-9.62719e-08
-9.57689e-08
-9.55913e-08
-9.54587e-08
-9.51577e-08
-9.45832e-08
 -9.5998e-08
-9.46555e-08
-9.45222e-08
-9.43507e-08
-9.04168e-08
 -8.8554e-08
-9.01161e-08
-8.95248e-08
 -9.1383e-08
-8.93309e-08
-8.85968e-08
-8.63659e-08
-8.62783e-08
-8.42802e-08
-7.87913e-08
-8.18206e-08
-8.33049e-08
-7.50387e-08
-8.01255e-08
-7.46874e-08
-7.99244e-08
-7.33905e-08
-7.67285e-08
-8.05951e-08
-7.65741e-08
-6.32013e-08
-6.94548e-08
-6.82465e-08
-5.34371e-08
-5.62035e-08
-5.83323e-08
-5.57094e-08
-6.05732e-08
-5.98544e-08
-6.09005e-08
-5.19221e-08
-5.16779e-08
-4.44796e-08
-4.09311e-08
 -4.7036e-08
-3.99116e-08
-3.11431e-08
-3.49188e-08
-3.25351e-08
-3.37784e-08
-1.89413e-08
 -3.1175e-08
-1.91607e-08
-1.96983e-08
-1.66959e-08
-9.20591e-09
-1.67407e-09
-6.02971e-09
-8.10574e-09
 9.12344e-10
 3.76766e-10
-3.66657e-09
 5.25681e-09
 6.16513e-09
 1.37222e-09
 2.47242e-08
 4.72491e-08
 2.72537e-08
 1.64352e-08
  3.8337e-08
 5.13666e-08
 3.85793e-08
 6.57605e-08
 5.72301e-08
 7.29917e-08
 1.08115e-07
 7.88922e-08
 6.05524e-08
 6.83053e-08
 7.34231e-08
 9.89751e-08
 1.02402e-07
 8.50628e-08
 1.12208e-07
 1.24776e-07
 1.10346e-07
 1.28339e-07
 9.58114e-08
 1.36634e-07
 1.33878e-07
 1.41871e-07
 1.17851e-07
 1.72617e-07
 1.81897e-07
 1.53903e-07
 1.65361e-07
 2.14828e-07
 1.90068e-07
  2.1207e-07
 2.29313e-07
 2.16935e-07
 2.45414e-07
 1.79472e-07
 1.91226e-07
 2.72727e-07
 2.14894e-07
  2.6287e-07
 2.67701e-07
 3.01659e-07
 3.13969e-07
 3.18117e-07
 3.40899e-07
 3.13793e-07
 3.34939e-07
 3.37935e-07
 3.11843e-07
 3.44487e-07
 3.89254e-07
 3.76698e-07
 4.03074e-07
 3.50961e-07
 4.17313e-07
 3.86973e-07
 4.17258e-07
 3.84483e-07
 4.43003e-07
 4.31143e-07
 4.98028e-07
 4.60567e-07
 4.79059e-07
  4.4112e-07
 5.21016e-07
 5.00244e-07
 4.83095e-07
  5.1614e-07
 5.44864e-07
 5.36339e-07
 5.32135e-07
 5.06754e-07
  5.3667e-07
  5.9028e-07
  5.8255e-07
 6.76552e-07
 5.99285e-07
 6.18437e-07
 6.64899e-07
 6.86879e-07
 6.24364e-07
 7.11403e-07
 6.85121e-07
 6.86207e-07
 7.06189e-07
 7.00893e-07
 7.41405e-07
 8.00328e-07
 6.68575e-07
 7.86432e-07
 6.69328e-07
 7.71727e-07
  7.5578e-07
  7.8359e-07
 7.54572e-07
 8.52908e-07
 8.19493e-07
 8.34186e-07
 8.40455e-07
 8.86432e-07
 9.72294e-07
 8.82768e-07
 9.28339e-07
 9.58104e-07
 8.85268e-07
 9.08226e-07
 9.03055e-07
 1.02474e-06
 1.00464e-06
 1.02335e-06
 1.08158e-06
 1.07314e-06
 1.03706e-06
 1.05957e-06
 1.08975e-06
 1.10477e-06
 1.10211e-06
 1.14008e-06
 1.10951e-06
 1.09126e-06
 1.12204e-06
 1.17366e-06
 1.19057e-06
 1.09936e-06
 1.20968e-06
 1.27881e-06
 1.22587e-06
 1.22215e-06
  1.2571e-06
 1.27999e-06
 1.25922e-06
 1.24683e-06
 1.36265e-06
 1.29921e-06
 1.33652e-06
  1.2935e-06
 1.33024e-06
  1.3227e-06
 1.35064e-06
 1.33109e-06
 1.36934e-06
  1.3617e-06
 1.43268e-06
 1.39526e-06
 1.39821e-06
 1.47522e-06
 1.45912e-06
 1.35905e-06
 1.42085e-06
 1.43012e-06
 1.42714e-06
 1.45099e-06
 1.54447e-06
 1.47679e-06
 1.48118e-06
   1.503e-06
 1.50128e-06
 1.51303e-06
  1.5315e-06
 1.51599e-06
 1.54895e-06
 1.51085e-06
  1.5467e-06
 1.56629e-06
  1.5728e-06
 1.57698e-06
 1.58218e-06
 1.51915e-06
 1.58337e-06
 1.59843e-06
 1.61932e-06
 1.58056e-06
 1.59676e-06
 1.58741e-06
 1.60784e-06
 1.59596e-06
 1.59265e-06
 1.61525e-06
 1.60445e-06
 1.62603e-06
 1.59208e-06
 1.58408e-06
 1.59908e-06
 1.59114e-06
  1.5924e-06
 1.59234e-06
 1.60237e-06
 1.59431e-06
  1.5942e-06
 1.58804e-06
 1.57971e-06
 1.57771e-06
  1.5681e-06
 1.56414e-06
 1.55953e-06
 1.55226e-06
 1.54459e-06
 1.53687e-06
 1.53515e-06
 1.52773e-06
 1.52813e-06
 1.51474e-06
 1.47936e-06
 1.47937e-06
 1.44123e-06
 1.46677e-06
 1.42615e-06
 1.40898e-06
 1.40994e-06
 1.39262e-06
 1.37994e-06
 1.36941e-06
 1.37606e-06
 1.31105e-06
 1.28761e-06
 1.29024e-06
 1.20813e-06
 1.21398e-06
 1.19112e-06
 1.17491e-06
 1.18806e-06
 1.14685e-06
  1.1901e-06
 1.18872e-06
 1.09266e-06
 1.10137e-06
 1.06408e-06
 1.07043e-06
 1.00863e-06
 9.86575e-07
 9.29213e-07
 8.64515e-07
 8.18813e-07
  8.5617e-07
 8.56301e-07
 7.25486e-07
 6.86591e-07
 6.75621e-07
 5.70663e-07
 5.58433e-07
 6.69722e-07
 4.70292e-07
 5.86261e-07
 3.47224e-07
 4.85173e-07
 3.94133e-07
 3.39718e-07
 3.23469e-07
 1.01135e-07
 1.89825e-07
 1.49721e-07
 6.97028e-08
-4.05137e-08
 1.77211e-07
 4.24312e-08
-1.50773e-07
-1.75644e-07
-3.13248e-07
-2.69609e-07
-3.59455e-07
-2.33007e-07
-3.12018e-07
-2.54776e-07
-4.54989e-07
-6.60285e-07
-5.25582e-07
-5.98346e-07
 -7.5235e-07
-9.66916e-07
-8.26823e-07
-1.05374e-06
-1.13356e-06
-1.25871e-06
-1.12048e-06
-1.33226e-06
-1.45349e-06
-1.45289e-06
-1.51226e-06
-1.62503e-06
-1.59991e-06
-1.86198e-06
-1.84369e-06
-1.62203e-06
-1.80766e-06
-2.12751e-06
-2.03103e-06
-2.17868e-06
-2.04096e-06
 -2.4468e-06
-2.53499e-06
-2.74945e-06
-2.87318e-06
-2.70004e-06
-2.97188e-06
  -3.115e-06
-3.14579e-06
-3.17449e-06
-3.13072e-06
-3.26568e-06
-3.48951e-06
 -3.3384e-06
-3.45395e-06
-3.68002e-06
 -3.8154e-06
-3.96038e-06
-4.02421e-06
-3.99283e-06
-4.27835e-06
-4.35342e-06
-4.70883e-06
-4.77568e-06
-4.68171e-06
-4.70803e-06
-5.14527e-06
 -4.9717e-06
-5.07894e-06
 -5.2971e-06
-5.69271e-06
-5.32442e-06
-5.50193e-06
-5.75295e-06
-5.71514e-06
-5.96367e-06
-6.23715e-06
-6.03197e-06
-6.52559e-06
-6.70111e-06
-6.78008e-06
-6.54205e-06
-6.77052e-06
-7.30546e-06
-6.91095e-06
-7.63582e-06
-7.41947e-06
-7.60204e-06
-7.66157e-06
-7.53386e-06
-7.79673e-06
-7.82377e-06
-7.84203e-06
-8.29934e-06
-8.16134e-06
-8.44989e-06
-8.83463e-06
-8.89451e-06
-8.63393e-06
-9.48654e-06
-9.31439e-06
-9.77491e-06
-9.56337e-06
-9.58729e-06
-9.54582e-06
-1.00601e-05
-1.00016e-05
-1.05038e-05
-1.02827e-05
-1.05167e-05
-1.07504e-05
-1.06666e-05
-1.06427e-05
-1.08472e-05
-1.08016e-05
-1.09386e-05
-1.15346e-05
-1.17798e-05
-1.16823e-05
-1.13597e-05
-1.20753e-05
-1.23122e-05
-1.22322e-05
-1.23781e-05
-1.27762e-05
-1.25559e-05
-1.27998e-05
-1.31602e-05
-1.29582e-05
-1.29782e-05
-1.33268e-05
-1.37175e-05
-1.34346e-05
-1.37756e-05
  -1.395e-05
-1.39142e-05
-1.42112e-05
-1.41353e-05
 -1.4331e-05
-1.45193e-05
-1.43821e-05
-1.47152e-05
-1.45485e-05
-1.52252e-05
-1.52178e-05
-1.50886e-05
-1.51877e-05
-1.56135e-05
-1.53614e-05
 -1.5753e-05
-1.59112e-05
-1.56394e-05
-1.60928e-05
-1.62929e-05
-1.63801e-05
-1.64797e-05
-1.65837e-05
-1.67701e-05
-1.65823e-05
-1.67139e-05
-1.69573e-05
 -1.6979e-05
-1.66368e-05
-1.71746e-05
-1.69559e-05
-1.70454e-05
-1.71266e-05
-1.75455e-05
-1.74958e-05
 -1.7353e-05
-1.75714e-05
-1.75509e-05
-1.80825e-05
-1.75661e-05
-1.81969e-05
-1.79418e-05
-1.77939e-05
 -1.7855e-05
-1.79348e-05
-1.80974e-05
-1.81382e-05
  -1.822e-05
-1.83626e-05
-1.83485e-05
-1.81273e-05
-1.82836e-05
-1.81576e-05
-1.83779e-05
-1.84016e-05
-1.83663e-05
-1.82795e-05
-1.81864e-05
-1.82723e-05
-1.83753e-05
-1.81696e-05
-1.82233e-05
-1.81151e-05
-1.82657e-05
-1.81085e-05
-1.81192e-05
-1.80354e-05
-1.80146e-05
-1.79192e-05
 -1.7874e-05
-1.78047e-05
-1.77146e-05
-1.76491e-05
-1.75749e-05
-1.74817e-05
-1.73908e-05
-1.72863e-05
-1.71988e-05
-1.70478e-05
-1.69665e-05
-1.68478e-05
-1.66712e-05
-1.65913e-05
-1.64106e-05
-1.62133e-05
-1.61463e-05
-1.59832e-05
-1.57453e-05
-1.56711e-05
-1.54285e-05
-1.51967e-05
-1.50126e-05
-1.48465e-05
-1.47908e-05
-1.45972e-05
-1.43176e-05
-1.39993e-05
-1.38155e-05
-1.35662e-05
-1.31998e-05
-1.30016e-05
-1.29456e-05
-1.24848e-05
-1.24429e-05
-1.20062e-05
-1.18903e-05
 -1.1811e-05
-1.08148e-05
-1.07471e-05
-1.01821e-05
 -1.0125e-05
 -1.0057e-05
-9.48316e-06
-9.26411e-06
-8.55596e-06
-8.37486e-06
 -8.1596e-06
-7.38973e-06
-7.44422e-06
-6.73596e-06
 -5.9385e-06
-6.01612e-06
-5.38135e-06
-5.24515e-06
-4.62506e-06
-3.85392e-06
-3.34752e-06
-3.47357e-06
-2.77961e-06
-2.54279e-06
-2.18004e-06
-1.31664e-06
-1.02864e-06
-6.43656e-07
 2.35441e-07
 4.80145e-07
 1.75663e-06
 2.31731e-06
 2.64436e-06
 3.40407e-06
  3.5399e-06
 4.09419e-06
 4.25542e-06
 5.32488e-06
 6.09939e-06
 6.81892e-06
 7.52798e-06
 8.18072e-06
 8.78692e-06
 9.52577e-06
 1.01076e-05
  1.0766e-05
 1.16268e-05
 1.22264e-05
 1.27831e-05
 1.37253e-05
 1.44463e-05
 1.50037e-05
  1.6048e-05
 1.62907e-05
 1.75599e-05
 1.78353e-05
 1.87929e-05
 2.04289e-05
  2.0425e-05
 2.11594e-05
 2.20035e-05
 2.31065e-05
 2.42733e-05
 2.49899e-05
 2.57189e-05
 2.61149e-05
 2.71041e-05
 2.85272e-05
 2.91053e-05
 3.05721e-05
 3.09379e-05
 3.17181e-05
 3.27088e-05
  3.3241e-05
 3.47795e-05
 3.55554e-05
 3.67076e-05
 3.73713e-05
 3.87357e-05
 3.92472e-05
 4.01374e-05
 4.16133e-05
 4.20708e-05
 4.35458e-05
 4.45242e-05
 4.54966e-05
 4.63705e-05
  4.7776e-05
 4.85869e-05
 5.00778e-05
 5.10981e-05
 5.20734e-05
 5.27692e-05
 5.39408e-05
 5.51659e-05
 5.68347e-05
 5.72301e-05
 5.83254e-05
  5.9591e-05
 6.06832e-05
 6.17582e-05
  6.3252e-05
 6.42627e-05
 6.51083e-05
  6.6193e-05
 6.74698e-05
 6.88326e-05
 6.96992e-05
 7.07072e-05
 7.21355e-05
 7.31445e-05
 7.42905e-05
 7.54469e-05
 7.67701e-05
 7.77326e-05
 7.90131e-05
 8.01729e-05
 8.13499e-05
 8.24951e-05
 8.36701e-05
 8.48672e-05
 8.60403e-05
 8.72113e-05
 8.84373e-05
 8.96433e-05
 9.07891e-05
 9.18884e-05
 9.30988e-05
 9.41681e-05
  9.5373e-05
  9.6564e-05
 9.77441e-05
 9.88084e-05
 0.000100253
 0.000101239
 0.000102335
 0.000103453
 0.000104729
 0.000105583
 0.000107179
 0.000108183
 0.000109126
 0.000110519
  0.00011172
 0.000112408
 0.000113885
 0.000114978
 0.000115903
 0.000117281
 0.000118144
 0.000119273
 0.000119985
 0.000121317
 0.000122335
  0.00012275
 0.000124392
 0.000125436
 0.000126826
 0.000127818
 0.000128679
 0.000129029
 0.000130147
 0.000131891
 0.000132786
 0.000132795
 0.000134368
 0.000134221
  0.00013638
 0.000136905
 0.000138641
 0.000138762
 0.000139143
 0.000139644
 0.000140323
 0.000141544
 0.000141867
 0.000142568
 0.000143356
  0.00014403
 0.000144216
 0.000145557
 0.000145974
 0.000147241
  0.00014753
 0.000147053
 0.000148613
 0.000149623
 0.000148974
 0.000149638
  0.00015178
 0.000150913
  0.00015152
 0.000152749
 0.000151932
  0.00015254
 0.000152489
 0.000152398
 0.000151826
 0.000153277
 0.000153645
 0.000152745
 0.000154101
 0.000153065
 0.000153175
  0.00015371
 0.000153989
 0.000153469
 0.000154676
 0.000153239
 0.000154684
 0.000152989
 0.000153003
 0.000153044
 0.000152663
 0.000152194
 0.000152354
 0.000151489
 0.000151066
 0.000151176
 0.000150179
 0.000149696
 0.000149202
 0.000148707
 0.000147882
 0.000147278
  0.00014636
 0.000145665
 0.000144831
 0.000144038
 0.000143012
 0.000142209
 0.000141255
 0.000140256
 0.000139087
 0.000137884
 0.000136069
 0.000135726
 0.000134779
 0.000133547
  0.00013093
 0.000130696
  0.00012855
 0.000127843
 0.000125526
 0.000124097
 0.000121723
 0.000120616
 0.000120146
 0.000118241
 0.000115882
 0.000114196
  0.00011152
 0.000110486
 0.000109577
 0.000103651
 0.000105873
 0.000102886
 9.81522e-05
 9.45617e-05
 9.70224e-05
 9.24155e-05
 9.55922e-05
 8.54217e-05
 8.57207e-05
  7.8477e-05
 7.73627e-05
 7.74292e-05
 7.25747e-05
 7.26746e-05
 6.96335e-05
 6.09804e-05
  6.2676e-05
 5.60975e-05
 5.83938e-05
 5.09037e-05
 4.53138e-05
 4.88862e-05
 4.38965e-05
 3.82575e-05
 3.74315e-05
 3.55853e-05
 2.90308e-05
 3.31586e-05
 2.20315e-05
 1.06392e-05
 1.37024e-05
 6.90861e-06
 1.11085e-05
 1.08209e-05
-6.93233e-07
 3.84934e-06
-4.25245e-06
-8.58962e-06
-1.53274e-05
-1.81339e-05
 -1.5379e-05
-2.01993e-05
-2.92923e-05
-3.42344e-05
-4.49056e-05
-4.78373e-05
-4.60501e-05
-4.83788e-05
-6.29491e-05
-6.40429e-05
-7.91189e-05
-8.93584e-05
-7.91616e-05
-9.32395e-05
-9.08042e-05
-0.000100658
-9.74154e-05
-0.000112381
-0.000117984
-0.000119134
-0.000123524
-0.000128226
-0.000125163
-0.000143816
-0.000150157
-0.000144915
-0.000136449
-0.000144666
-0.000144406
-0.000156527
-0.000187779
-0.000165194
-0.000177621
-0.000198528
-0.000183942
-0.000199165
-0.000197832
 -0.00018699
-0.000224949
-0.000233209
-0.000217893
-0.000243493
-0.000226782
-0.000235052
-0.000274719
-0.000258251
-0.000259102
-0.000261528
-0.000279011
-0.000302643
-0.000294419
-0.000263145
-0.000299879
-0.000303294
-0.000335837
-0.000357542
-0.000350082
-0.000335218
-0.000331543
-0.000327799
-0.000344697
-0.000374408
-0.000386777
-0.000364347
-0.000371528
-0.000403575
-0.000425465
 -0.00040309
-0.000417283
-0.000449036
-0.000385045
-0.000424713
 -0.00043081
-0.000426696
-0.000438337
-0.000472516
-0.000467113
-0.000485695
-0.000460875
-0.000482396
-0.000479481
-0.000476822
-0.000501318
 -0.00049358
 -0.00051442
-0.000495054
-0.000555511
-0.000502119
-0.000520196
-0.000513089
-0.000563353
-0.000564722
-0.000541687
-0.000542408
-0.000530275
-0.000594842
-0.000587944
-0.000643785
-0.000556071
 -0.00060524
-0.000610347
-0.000578015
-0.000607939
-0.000608925
-0.000649826
-0.000605929
-0.000617171
  -0.0006368
-0.000615204
-0.000679436
-0.000617337
-0.000616737
-0.000647512
-0.000646572
-0.000697516
-0.000683945
-0.000634899
 -0.00067694
-0.000691239
-0.000715262
-0.000680952
-0.000651775
-0.000721697
-0.000679615
-0.000683046
-0.000749104
-0.000755411
-0.000693822
-0.000757313
-0.000729766
-0.000714892
-0.000817043
-0.000764993
-0.000772574
-0.000766742
 -0.00078668
-0.000725195
-0.000738603
-0.000806643
-0.000756614
-0.000803845
-0.000703957
 -0.00073659
 -0.00075762
-0.000764748
-0.000757626
-0.000765677
-0.000736972
-0.000781262
-0.000732298
-0.000768545
-0.000778475
-0.000757518
-0.000774049
-0.000774905
-0.000737581
 -0.00078741
-0.000747158
-0.000797048
-0.000735007
-0.000776714
-0.000813945
-0.000811232
-0.000779831
-0.000785898
 -0.00081104
-0.000771161
-0.000771627
-0.000716341
-0.000764904
-0.000741243
-0.000743044
 -0.00074965
-0.000733484
 -0.00074422
-0.000760581
-0.000738178
-0.000747034
-0.000740602
-0.000733842
-0.000713347
-0.000735506
-0.000726394
-0.000708915
-0.000704039
-0.000714146
-0.000698885
-0.000694462
-0.000691187
-0.000691082
-0.000682385
-0.000676124
-0.000672759
-0.000665128
-0.000659753
-0.000650314
-0.000647488
-0.000635881
-0.000619502
 -0.00062003
-0.000622246
-0.000626782
-0.000618438
-0.000601091
-0.000591346
-0.000582243
-0.000611066
-0.000569797
-0.000594761
-0.000545674
-0.000552627
-0.000533905
-0.000567553
-0.000524978
-0.000539432
-0.000536631
-0.000482371
-0.000473541
-0.000477737
-0.000469118
-0.000469708
-0.000365885
-0.000401476
-0.000455759
 -0.00044718
-0.000411387
-0.000388724
-0.000334601
 -0.00046617
 -0.00036094
-0.000473766
-0.000273326
-0.000439143
-0.000508598
-0.000305201
-0.000300885
-0.000318394
-0.000227359
-0.000314486
-0.000114456
-0.000261645
-0.000239386
-0.000357068
-0.000107585
-0.000153595
-0.000205716
-0.000200696
-0.000104689
-0.000227453
-0.000240366
-0.000300822
-4.91154e-05
 -0.00010949
 3.17994e-05
-7.97266e-05
 0.000105897
 6.75217e-05
 8.54731e-05
 7.97755e-05
-0.000139477
 -0.00015126
-9.12364e-05
-4.53099e-05
-0.000104278
 0.000132265
 1.63242e-05
 9.95826e-05
 2.89614e-05
 0.000174818
-0.000144706
-3.07803e-05
 0.000158162
 0.000249462
 0.000190156
 -8.8303e-06
 0.000128293
 0.000170523
 0.000197601
 0.000100122
 0.000128903
 0.000536483
 8.88239e-05
 6.13685e-05
 0.000114442
-1.21451e-05
 0.000194475
 0.000312113
  0.00021724
 0.000240003
 0.000213854
 0.000442713
 0.000225076
 0.000349548
 0.000232485
 0.000328266
-7.87786e-05
 0.000352615
 0.000437819
 0.000232773
 0.000507116
 0.000514015
 1.68437e-05
 1.47268e-05
 0.000494569
 0.000273772
 0.000345316
 0.000433441
 0.000203063
 0.000274886
 0.000387476
-5.16413e-05
 0.000253533
-4.31118e-05
 2.31283e-05
 0.000145668
 0.000219208
-1.51904e-06
  0.00022354
 0.000526849
 0.000341466
 0.000200747
-0.000258675
 0.000718996
 4.65535e-06
 0.000510232
 -0.00037761
 0.000576453
-0.000457282
 0.000161544
 0.000303652
-0.000184794
 0.000522974
 0.000329863
 0.000611309
-0.000220181
-0.000984845
 0.000294988
 0.000103498
-0.000177331
 0.000413876
-0.000376856
  0.00071095
-0.000658898
 0.000255071
 0.000203758
 0.000458936
  0.00039711
 0.000314205
-0.000442869
 0.000469988
 -0.00101139
 0.000229948
 -0.00045222
 -0.00129183
-0.000632616
-0.000323679
-0.000203629
 -0.00108624
-0.000607333
-0.000812024
-1.01583e-05
 0.000204286
-0.000347569
-5.15963e-06
-0.000145967
  2.2671e-06
-0.000453596
 -0.00133147
-0.000430082
-0.000643526
 -0.00096073
-0.000604199
 -0.00163593
-0.000537843
 -0.00102454
 -0.00166419
 -0.00109313
 0.000240511
 -0.00193208
 -0.00121862
-0.000327203
 -0.00143078
-0.000741654
-0.000584623
 -0.00043167
 -0.00138448
  -0.0014123
 -0.00112395
 -0.00109739
 -0.00107486
  -0.0012555
-0.000897725
 -0.00115475
 -0.00163969
 -0.00123043
 -0.00154465
 -0.00195964
   -0.001568
 -0.00240544
  -0.0022628
 -0.00137813
 -0.00240659
 -0.00191747
 -0.00346273
 -0.00182007
 -0.00221616
 -0.00221464
 -0.00202743
 -0.00249458
 -0.00249624
 -0.00196521
 -0.00310564
 -0.00284523
 -0.00284384
 -0.00237435
 -0.00308525
 -0.00207793
 -0.00271282
   -0.002944
 -0.00220027
 -0.00389531
 -0.00289844
 -0.00306485
 -0.00323524
 -0.00344287
 -0.00346723
  -0.0029912
 -0.00312106
 -0.00359996
 -0.00353371
 -0.00339081
 -0.00334456
 -0.00303436
 -0.00319463
 -0.00352861
 -0.00309799
 -0.00381854
 -0.00395482
 -0.00347389
 -0.00384269
 -0.00363994
  -0.0036241
 -0.00355447
 -0.00373234
  -0.0037315
 -0.00379471
 -0.00398865
 -0.00395832
 -0.00376718
 -0.00385257
 -0.00394356
 -0.00393854
 -0.00390597
 -0.00394757
 -0.00397324
  -0.0039315
 -0.00395366
 -0.00397405
 -0.00379515
 -0.00382586
 -0.00405241
 -0.00391332
 -0.00387036
 -0.00394876
 -0.00368783
 -0.00382098
 -0.00432629
 -0.00427643
 -0.00386293
 -0.00424196
 -0.00306032
 -0.00347769
 -0.00451284
 -0.00360766
 -0.00335571
 -0.00348599
  -0.0035249
 -0.00373769
 -0.00335512
 -0.00308524
 -0.00346726
 -0.00359881
 -0.00326776
 -0.00363835
 -0.00195497
  -0.0027544
 -0.00294681
 -0.00345674
 -0.00263106
 -0.00357285
 -0.00333678
 -0.00186173
 -0.00279834
 -0.00180636
 -0.00258512
 -0.00287338
 -0.00203632
  -0.0030986
 0.000301351
 0.000177701
 -0.00140345
 -0.00159153
  -0.0021482
 -0.00302176
-0.000230931
-0.000938333
  0.00178936
 -0.00208831
 -0.00146427
-0.000434628
  0.00206936
 0.000476243
  0.00140369
  0.00141067
-1.10191e-05
 0.000206574
  0.00171594
   0.0028935
  0.00224361
 0.000721228
  0.00286841
  0.00360165
  0.00375294
  0.00173867
  0.00783877
  0.00261489
   0.0054378
  0.00672327
  0.00791732
  0.00843756
   0.0070957
  0.00916325
  0.00736699
    0.009791
  0.00940463
  0.00776434
  0.00849539
  0.00960109
  0.00761766
  0.00756096
  0.00580765
   0.0109323
  0.00918002
   0.0116254
    0.012175
   0.0142713
   0.0122163
  0.00902032
   0.0118828
   0.0195501
   0.0112764
  0.00953801
   0.0167412
   0.0120579
   0.0174047
   0.0168594
    0.016362
   0.0145154
   0.0183212
   0.0190204
   0.0216188
   0.0280195
   0.0250404
   0.0233493
   0.0219849
    0.024927
   0.0189273
   0.0222556
   0.0257065
   0.0303273
    0.029292
   0.0277948
   0.0240029
   0.0269924
   0.0325564
   0.0252211
   0.0396126
   0.0300624
   0.0345361
   0.0287002
   0.0347042
   0.0359809
   0.0383875
-1.30957e-16
