-1.28258e-06
-1.31398e-06
-1.34615e-06
-1.37855e-06
 -1.4113e-06
-1.44446e-06
-1.47777e-06
-1.51167e-06
-1.54565e-06
-1.58005e-06
-1.61477e-06
-1.65004e-06
-1.68543e-06
 -1.7211e-06
-1.75736e-06
-1.79379e-06
-1.83058e-06
 -1.8676e-06
 -1.9052e-06
-1.94298e-06
-1.98106e-06
-2.01947e-06
-2.05834e-06
-2.09751e-06
-2.13691e-06
-2.17673e-06
 -2.2169e-06
-2.25734e-06
-2.29802e-06
-2.33915e-06
-2.38053e-06
-2.42223e-06
-2.46433e-06
-2.50669e-06
-2.54938e-06
-2.59249e-06
-2.63559e-06
-2.67924e-06
-2.72311e-06
-2.76723e-06
 -2.8117e-06
-2.85656e-06
-2.90173e-06
-2.94715e-06
-2.99271e-06
-3.03876e-06
-3.08495e-06
-3.13125e-06
-3.17811e-06
-3.22522e-06
 -3.2726e-06
-3.32018e-06
-3.36808e-06
-3.41591e-06
-3.46449e-06
-3.51323e-06
-3.56189e-06
-3.61105e-06
-3.66022e-06
-3.70984e-06
-3.75953e-06
-3.80951e-06
-3.85972e-06
-3.91004e-06
-3.96078e-06
-4.01158e-06
-4.06262e-06
-4.11365e-06
-4.16512e-06
 -4.2167e-06
-4.26836e-06
-4.32009e-06
 -4.3722e-06
-4.42441e-06
-4.47672e-06
-4.52902e-06
-4.58162e-06
-4.63446e-06
-4.68727e-06
-4.74014e-06
-4.79319e-06
-4.84611e-06
-4.89922e-06
-4.95253e-06
-5.00588e-06
-5.05913e-06
-5.11261e-06
-5.16585e-06
-5.21934e-06
-5.27301e-06
-5.32652e-06
   -5.38e-06
-5.43329e-06
-5.48694e-06
-5.54019e-06
-5.59364e-06
 -5.6471e-06
-5.70028e-06
 -5.7534e-06
-5.80658e-06
-5.85948e-06
-5.91276e-06
-5.96533e-06
-6.01784e-06
-6.07045e-06
-6.12307e-06
-6.17507e-06
  -6.227e-06
-6.27885e-06
-6.33026e-06
-6.38172e-06
-6.43286e-06
-6.48379e-06
-6.53446e-06
-6.58486e-06
-6.63493e-06
-6.68477e-06
-6.73438e-06
-6.78325e-06
-6.83224e-06
-6.88056e-06
-6.92865e-06
-6.97648e-06
-7.02347e-06
-7.07057e-06
-7.11682e-06
 -7.1629e-06
-7.20823e-06
-7.25314e-06
-7.29756e-06
 -7.3414e-06
-7.38492e-06
-7.42762e-06
-7.46969e-06
 -7.5113e-06
-7.55293e-06
-7.59294e-06
-7.63293e-06
-7.67172e-06
-7.70978e-06
  -7.748e-06
-7.78468e-06
-7.82049e-06
-7.85606e-06
-7.89043e-06
-7.92416e-06
-7.95725e-06
-7.98956e-06
 -8.0206e-06
-8.05076e-06
-8.08026e-06
-8.10843e-06
-8.13604e-06
-8.16252e-06
-8.18794e-06
-8.21239e-06
-8.23548e-06
-8.25781e-06
-8.27898e-06
-8.29915e-06
-8.31799e-06
-8.33558e-06
 -8.3521e-06
-8.36762e-06
-8.38135e-06
-8.39388e-06
-8.40528e-06
-8.41545e-06
-8.42408e-06
-8.43141e-06
 -8.4374e-06
-8.44185e-06
-8.44491e-06
-8.44622e-06
-8.44635e-06
-8.44472e-06
-8.44148e-06
-8.43686e-06
-8.43045e-06
-8.42247e-06
-8.41258e-06
-8.40112e-06
-8.38792e-06
-8.37288e-06
-8.35606e-06
-8.33753e-06
-8.31694e-06
-8.29453e-06
-8.27022e-06
-8.24391e-06
-8.21575e-06
-8.18532e-06
-8.15294e-06
-8.11843e-06
-8.08192e-06
-8.04321e-06
-8.00233e-06
-7.95921e-06
-7.91383e-06
-7.86615e-06
-7.81618e-06
-7.76391e-06
 -7.7092e-06
-7.65212e-06
-7.59259e-06
-7.53057e-06
-7.46612e-06
  -7.399e-06
-7.32929e-06
-7.25706e-06
-7.18214e-06
-7.10454e-06
-7.02421e-06
-6.94114e-06
-6.85526e-06
 -6.7666e-06
-6.67505e-06
-6.58059e-06
-6.48321e-06
-6.38292e-06
-6.27951e-06
-6.17319e-06
-6.06372e-06
-5.95117e-06
-5.83555e-06
 -5.7167e-06
-5.59449e-06
-5.46924e-06
-5.34052e-06
-5.20851e-06
-5.07316e-06
-4.93458e-06
-4.79231e-06
-4.64664e-06
-4.49738e-06
-4.34478e-06
-4.18834e-06
-4.02861e-06
-3.86513e-06
-3.69757e-06
-3.52687e-06
-3.35214e-06
-3.17363e-06
 -2.9912e-06
-2.80482e-06
-2.61473e-06
-2.42055e-06
-2.22235e-06
-2.02016e-06
-1.81427e-06
-1.60393e-06
-1.38935e-06
-1.17098e-06
-9.47955e-07
-7.20969e-07
-4.89643e-07
-2.54052e-07
-1.39941e-08
 2.29952e-07
 4.78915e-07
 7.32115e-07
 9.89784e-07
 1.25207e-06
 1.51908e-06
  1.7906e-06
 2.06646e-06
 2.34619e-06
 2.63211e-06
  2.9225e-06
 3.21714e-06
 3.51668e-06
 3.82167e-06
  4.1296e-06
 4.44487e-06
 4.76283e-06
 5.08737e-06
 5.41638e-06
 5.75076e-06
 6.08989e-06
 6.43421e-06
 6.78316e-06
 7.13768e-06
  7.4969e-06
 7.86125e-06
 8.23135e-06
 8.60686e-06
 8.98687e-06
 9.37222e-06
 9.76337e-06
 1.01603e-05
 1.05629e-05
 1.09695e-05
 1.13821e-05
 1.17988e-05
 1.22241e-05
  1.2651e-05
 1.30858e-05
 1.35272e-05
 1.39716e-05
 1.44224e-05
 1.48787e-05
  1.5342e-05
 1.58091e-05
 1.62834e-05
 1.67627e-05
 1.72458e-05
 1.77386e-05
 1.82342e-05
 1.87355e-05
 1.92447e-05
 1.97569e-05
 2.02765e-05
  2.0801e-05
 2.13309e-05
 2.18669e-05
 2.24114e-05
 2.29582e-05
 2.35124e-05
 2.40716e-05
 2.46376e-05
 2.52079e-05
 2.57861e-05
 2.63677e-05
 2.69561e-05
 2.75515e-05
 2.81513e-05
  2.8756e-05
 2.93666e-05
 2.99849e-05
 3.06088e-05
 3.12378e-05
 3.18715e-05
 3.25136e-05
 3.31599e-05
  3.3812e-05
 3.44706e-05
  3.5132e-05
  3.5803e-05
 3.64758e-05
 3.71565e-05
 3.78408e-05
 3.85341e-05
 3.92313e-05
 3.99337e-05
 4.06406e-05
 4.13538e-05
 4.20722e-05
 4.27974e-05
  4.3529e-05
 4.42631e-05
 4.50012e-05
 4.57499e-05
 4.64989e-05
 4.72523e-05
 4.80155e-05
 4.87823e-05
 4.95512e-05
 5.03285e-05
 5.11108e-05
 5.18971e-05
 5.26865e-05
 5.34805e-05
 5.42809e-05
 5.50852e-05
 5.58962e-05
 5.67116e-05
 5.75282e-05
 5.83518e-05
   5.918e-05
 6.00113e-05
 6.08441e-05
  6.1686e-05
 6.25276e-05
 6.33766e-05
 6.42298e-05
  6.5084e-05
 6.59419e-05
 6.68034e-05
 6.76686e-05
 6.85408e-05
 6.94112e-05
 7.02901e-05
 7.11644e-05
 7.20444e-05
 7.29325e-05
 7.38179e-05
 7.47116e-05
 7.56054e-05
  7.6498e-05
 7.73926e-05
 7.82967e-05
 7.91936e-05
 8.01008e-05
 8.10057e-05
 8.19122e-05
 8.28212e-05
 8.37293e-05
 8.46427e-05
 8.55522e-05
 8.64637e-05
 8.73849e-05
 8.82982e-05
   8.921e-05
 9.01269e-05
 9.10412e-05
 9.19589e-05
 9.28742e-05
 9.37894e-05
 9.47035e-05
 9.56165e-05
 9.65325e-05
 9.74426e-05
 9.83509e-05
  9.9266e-05
  0.00010017
 0.000101076
 0.000101981
 0.000102884
 0.000103783
 0.000104683
 0.000105573
 0.000106466
 0.000107352
 0.000108232
 0.000109119
  0.00010999
 0.000110868
 0.000111729
 0.000112595
 0.000113458
 0.000114305
 0.000115152
 0.000115998
 0.000116838
 0.000117661
 0.000118488
 0.000119305
 0.000120115
 0.000120917
 0.000121713
 0.000122502
 0.000123274
  0.00012405
 0.000124814
 0.000125568
 0.000126305
 0.000127046
 0.000127772
 0.000128481
 0.000129192
 0.000129879
  0.00013056
 0.000131233
 0.000131891
 0.000132538
 0.000133169
 0.000133792
 0.000134398
 0.000134993
 0.000135573
 0.000136139
 0.000136694
 0.000137225
 0.000137748
 0.000138252
 0.000138741
 0.000139216
 0.000139672
 0.000140106
 0.000140528
 0.000140931
 0.000141313
 0.000141679
 0.000142026
 0.000142349
 0.000142657
 0.000142942
 0.000143206
 0.000143452
 0.000143671
  0.00014387
 0.000144045
 0.000144196
 0.000144325
 0.000144433
 0.000144513
 0.000144566
 0.000144597
   0.0001446
 0.000144575
 0.000144531
 0.000144451
 0.000144346
 0.000144211
  0.00014405
 0.000143861
 0.000143637
 0.000143386
 0.000143102
 0.000142788
 0.000142441
 0.000142063
 0.000141654
 0.000141207
 0.000140729
 0.000140214
  0.00013967
 0.000139083
  0.00013846
 0.000137804
  0.00013711
 0.000136379
  0.00013561
 0.000134799
 0.000133951
 0.000133062
 0.000132132
 0.000131162
 0.000130149
 0.000129094
 0.000127996
 0.000126854
  0.00012567
 0.000124439
 0.000123164
 0.000121842
 0.000120475
  0.00011906
 0.000117598
 0.000116088
 0.000114528
 0.000112919
  0.00011126
 0.000109551
 0.000107791
 0.000105977
 0.000104113
 0.000102193
 0.000100222
 9.81953e-05
 9.61125e-05
 9.39776e-05
 9.17818e-05
 8.95333e-05
 8.72234e-05
  8.4858e-05
 8.24358e-05
 7.99498e-05
 7.74092e-05
 7.48013e-05
 7.21373e-05
 6.94097e-05
 6.66191e-05
 6.37684e-05
 6.08493e-05
 5.78685e-05
 5.48206e-05
 5.17108e-05
 4.85345e-05
 4.52891e-05
 4.19758e-05
 3.85939e-05
 3.51442e-05
 3.16289e-05
 2.80338e-05
   2.438e-05
 2.06476e-05
 1.68425e-05
 1.29646e-05
 9.01862e-06
 4.99393e-06
 9.00057e-07
-3.26643e-06
-7.51418e-06
-1.18421e-05
-1.62406e-05
-2.07134e-05
-2.52642e-05
-2.99072e-05
-3.46184e-05
-3.94041e-05
-4.42797e-05
-4.92273e-05
-5.42683e-05
 -5.9379e-05
-6.45715e-05
-6.98617e-05
-7.52231e-05
-8.06772e-05
-8.62038e-05
-9.18351e-05
-9.75306e-05
-0.000103325
-0.000109193
 -0.00011516
-0.000121211
-0.000127359
-0.000133593
-0.000139905
-0.000146303
-0.000152796
-0.000159413
-0.000166086
-0.000172855
-0.000179726
-0.000186666
-0.000193721
-0.000200867
-0.000208089
-0.000215426
-0.000222845
-0.000230347
-0.000237977
 -0.00024568
-0.000253493
 -0.00026139
-0.000269363
-0.000277449
 -0.00028564
-0.000293934
-0.000302324
-0.000310798
-0.000319376
-0.000328057
-0.000336819
-0.000345687
-0.000354654
-0.000363755
-0.000372904
-0.000382171
-0.000391545
-0.000401037
-0.000410561
-0.000420235
-0.000429988
-0.000439826
-0.000449836
-0.000459855
-0.000470057
-0.000480318
 -0.00049066
-0.000501122
-0.000511646
-0.000522285
-0.000533073
-0.000543902
-0.000554879
-0.000565908
-0.000577102
-0.000588273
-0.000599665
  -0.0006111
-0.000622636
-0.000634249
-0.000645983
-0.000657773
-0.000669711
-0.000681687
-0.000693804
-0.000706009
-0.000718296
-0.000730705
-0.000743183
-0.000755787
-0.000768417
-0.000781145
-0.000793988
-0.000806903
-0.000819943
-0.000833064
-0.000846214
-0.000859479
-0.000872858
-0.000886333
-0.000899786
-0.000913429
-0.000927092
-0.000940831
-0.000954691
-0.000968614
-0.000982598
-0.000996725
 -0.00101086
 -0.00102511
 -0.00103935
 -0.00105375
  -0.0010682
 -0.00108269
 -0.00109728
 -0.00111184
 -0.00112655
 -0.00114137
 -0.00115616
 -0.00117096
 -0.00118594
 -0.00120088
 -0.00121599
 -0.00123108
 -0.00124618
 -0.00126136
  -0.0012766
 -0.00129186
 -0.00130718
 -0.00132249
 -0.00133793
 -0.00135333
 -0.00136883
 -0.00138428
 -0.00139981
 -0.00141536
 -0.00143096
 -0.00144654
  -0.0014622
 -0.00147787
 -0.00149346
 -0.00150908
 -0.00152472
 -0.00154051
 -0.00155611
 -0.00157182
 -0.00158743
 -0.00160319
 -0.00161881
 -0.00163439
 -0.00165006
 -0.00166573
 -0.00168137
 -0.00169689
  -0.0017124
  -0.0017279
 -0.00174344
 -0.00175891
 -0.00177425
 -0.00178965
 -0.00180499
 -0.00182026
 -0.00183544
 -0.00185051
 -0.00186569
 -0.00188064
 -0.00189565
 -0.00191053
 -0.00192528
 -0.00194003
 -0.00195459
 -0.00196914
 -0.00198358
 -0.00199797
 -0.00201216
 -0.00202622
 -0.00204024
 -0.00205421
  -0.0020679
 -0.00208155
 -0.00209506
 -0.00210848
 -0.00212157
 -0.00213466
 -0.00214763
 -0.00216031
   -0.002173
 -0.00218544
 -0.00219773
 -0.00220974
 -0.00222166
  -0.0022333
 -0.00224487
 -0.00225614
 -0.00226723
 -0.00227813
  -0.0022888
 -0.00229925
 -0.00230945
 -0.00231943
 -0.00232924
 -0.00233856
  -0.0023478
 -0.00235681
 -0.00236549
 -0.00237385
 -0.00238203
 -0.00238992
 -0.00239739
 -0.00240466
 -0.00241161
 -0.00241823
 -0.00242452
  -0.0024305
 -0.00243613
 -0.00244143
 -0.00244639
 -0.00245096
  -0.0024552
 -0.00245896
 -0.00246246
 -0.00246558
 -0.00246829
 -0.00247051
 -0.00247236
 -0.00247382
 -0.00247483
 -0.00247539
 -0.00247558
 -0.00247518
 -0.00247445
 -0.00247315
 -0.00247149
 -0.00246932
  -0.0024666
 -0.00246339
 -0.00245968
 -0.00245545
 -0.00245068
 -0.00244541
 -0.00243956
 -0.00243315
 -0.00242618
 -0.00241874
 -0.00241062
 -0.00240189
 -0.00239261
 -0.00238266
 -0.00237218
 -0.00236104
 -0.00234927
 -0.00233677
 -0.00232373
 -0.00230999
 -0.00229555
 -0.00228046
 -0.00226465
 -0.00224814
 -0.00223091
 -0.00221297
 -0.00219431
 -0.00217489
  -0.0021547
 -0.00213378
 -0.00211207
 -0.00208957
 -0.00206629
  -0.0020422
 -0.00201729
 -0.00199157
   -0.001965
 -0.00193759
 -0.00190934
  -0.0018802
 -0.00185019
 -0.00181931
 -0.00178751
 -0.00175481
 -0.00172123
 -0.00168665
 -0.00165119
 -0.00161476
 -0.00157736
 -0.00153899
 -0.00149959
 -0.00145926
 -0.00141791
 -0.00137556
 -0.00133215
 -0.00128777
 -0.00124225
 -0.00119576
 -0.00114814
 -0.00109953
 -0.00104977
-0.000998853
-0.000946882
-0.000893811
-0.000839511
-0.000784252
-0.000727686
-0.000669977
-0.000611077
-0.000551047
-0.000489821
-0.000427423
-0.000363592
 -0.00029877
-0.000232624
-0.000165304
-9.65737e-05
-2.66846e-05
 4.46195e-05
 0.000116923
 0.000190872
 0.000265893
 0.000342336
 0.000420021
 0.000499357
 0.000579635
 0.000661449
  0.00074466
 0.000829172
 0.000915305
  0.00100261
  0.00109128
  0.00118149
  0.00127319
   0.0013661
  0.00146075
  0.00155651
   0.0016542
  0.00175306
  0.00185313
  0.00195521
  0.00205842
  0.00216349
  0.00226993
  0.00237768
  0.00248717
  0.00259794
  0.00271083
  0.00282507
  0.00294031
  0.00305757
  0.00317691
  0.00329726
  0.00341923
   0.0035425
  0.00366796
  0.00379458
   0.0039229
  0.00405319
  0.00418517
  0.00431797
  0.00445296
  0.00458995
  0.00472829
  0.00486791
  0.00500947
  0.00515256
  0.00529781
  0.00544423
   0.0055923
  0.00574221
  0.00589408
  0.00604708
  0.00620253
  0.00635881
  0.00651733
  0.00667736
  0.00683904
  0.00700283
  0.00716772
  0.00733461
  0.00750346
  0.00767332
   0.0078457
  0.00801873
  0.00819434
  0.00837135
  0.00854984
  0.00873055
  0.00891311
  0.00909684
  0.00928214
  0.00946914
  0.00965766
  0.00984892
    0.010041
   0.0102347
   0.0104307
   0.0106276
   0.0108263
   0.0110271
   0.0112291
   0.0114324
   0.0116383
   0.0118454
   0.0120538
   0.0122636
   0.0124761
   0.0126886
   0.0129041
   0.0131206
    0.013338
   0.0135578
    0.013779
   0.0140016
   0.0142261
   0.0144509
   0.0146785
   0.0149067
   0.0151362
   0.0153679
   0.0156004
   0.0158345
   0.0160702
   0.0163071
   0.0165443
   0.0167848
   0.0170243
   0.0172674
   0.0175106
    0.017755
   0.0180004
 5.19617e-13
