 0.000824766
 -0.00409976
 -0.00358046
 -0.00527102
 -0.00120702
 -0.00439014
 -0.00166901
  -0.0106483
  -0.0039949
 -0.00124957
  0.00389089
 -0.00240203
  0.00331669
  0.00237227
  0.00463458
 0.000668756
 0.000546911
 -0.00702134
 -0.00212721
 -0.00532104
  -0.0019918
 -0.00383391
  0.00128911
  0.00128433
 0.000792018
-0.000865098
 -0.00221647
 -0.00235913
  0.00122585
 -0.00164462
  0.00250071
  0.00256061
  0.00394991
  0.00575021
  0.00156521
 -0.00221813
  0.00308429
-0.000704411
 0.000607488
 3.44227e-05
  0.00535479
  0.00160674
   0.0042958
  0.00257489
  0.00624988
  0.00482042
  0.00300968
  0.00149122
  0.00166271
  0.00265352
  0.00301083
  0.00306322
  0.00159217
   0.0014584
 -0.00116737
  -0.0032022
  0.00114626
  0.00430465
  0.00295514
  0.00283781
 0.000724999
  0.00233189
  0.00267157
  0.00340601
  0.00687261
  0.00906542
  0.00102892
 -0.00386797
 0.000415433
  0.00143497
  0.00264073
  0.00277222
 -0.00123746
 -0.00264282
 -0.00083167
 -0.00340556
 -0.00753968
 -0.00574991
-0.000414388
 -0.00272702
 -0.00824485
 -0.00455847
 -0.00103916
 -0.00136492
 -0.00271715
 -0.00348229
 -0.00179214
 -0.00220877
  0.00197268
 -0.00366097
 -0.00314481
  0.00435843
   0.0104062
  0.00757473
  0.00523789
  0.00399422
 -0.00197311
 -0.00937804
 -0.00730615
 0.000261236
  0.00331496
  0.00150971
 -0.00189063
-4.68047e-05
 -0.00849878
 -0.00372689
  0.00247018
  0.00466592
-0.000156082
  0.00055196
 -0.00196517
  0.00227399
  0.00427384
  0.00698444
  0.00366988
  0.00262501
 -0.00108271
 -0.00251116
 -0.00173668
-0.000620567
  0.00790356
   0.0103992
  0.00782261
  0.00452511
 0.000467983
  0.00108277
  0.00349914
  0.00203361
  0.00147567
  -0.0064242
 -0.00427882
  0.00180888
   0.0019519
 -0.00464015
 -0.00245669
  0.00248763
 1.76494e-05
 -0.00442941
 -0.00802148
 -0.00335495
 -0.00121593
-0.000873499
 -0.00667743
  0.00148469
   0.0011403
  0.00257538
-0.000317239
-6.61053e-05
-0.000720011
  0.00484053
  0.00414548
  0.00271906
  0.00553115
  0.00768631
  0.00225089
 -0.00175259
 -0.00205316
-0.000344702
-0.000574029
 -0.00451154
 -0.00581024
 -0.00502432
  0.00487919
  0.00356455
  0.00125147
 -0.00143219
  0.00181671
 0.000528154
 -0.00449957
 -0.00601734
 -0.00230627
  0.00294372
  0.00154976
  0.00167486
  0.00512252
  0.00275808
 0.000432308
  -0.0022467
 -0.00491826
 -0.00392709
 0.000855566
  0.00243177
   0.0025908
  0.00422162
  0.00605683
   0.0114606
   0.0034046
  0.00197678
  0.00268148
 -0.00209085
 -0.00807991
 -0.00503776
-2.40105e-05
  0.00397828
  0.00158915
  0.00225176
 -0.00341133
 -0.00392074
 -0.00946927
 -0.00799062
 -0.00439642
 0.000267792
-0.000344865
 -0.00454417
 -0.00104479
  0.00316975
  0.00167735
 -0.00376781
 0.000216118
 -0.00230721
  -0.0042595
  0.00319273
 -0.00025792
  0.00185257
 -0.00165507
  0.00144654
  0.00211813
  0.00610577
-0.000768846
 -0.00181307
  0.00150164
  0.00465429
  0.00375793
 0.000909388
 -0.00695348
 -0.00205661
  0.00371608
  0.00886778
    0.001195
 -0.00156891
-0.000484008
  0.00399726
  0.00755113
  -0.0011942
  -0.0011139
-0.000528337
  0.00528232
 -0.00318509
 -0.00453874
 -0.00581078
 -0.00365168
  -0.0041543
 -0.00366502
 -0.00629169
 -0.00320891
-0.000836753
  0.00817128
  0.00570425
  0.00616753
 0.000787414
 -0.00244975
 -0.00020216
  0.00168613
-0.000275808
 -0.00230352
 -0.00230613
 -0.00328666
  0.00161802
-0.000284948
  0.00442192
   0.0015311
  0.00178192
-0.000133245
  0.00119769
 -0.00536993
 -0.00433231
  0.00354203
  0.00158115
 -0.00149524
  -0.0023985
 0.000517659
 -0.00161441
  0.00195531
 -0.00143178
  0.00138798
  0.00636544
  0.00350371
 -0.00028173
  0.00134771
  0.00424754
   0.0016727
 -0.00414437
 -0.00869996
 -0.00205675
  0.00749419
  0.00404095
  0.00641747
 -0.00461922
  -0.0199535
  -0.0298569
  0.00488167
   0.0604353
   0.0726847
  -0.0396271
   -0.063462
   0.0293885
   0.0462707
    0.135712
    -0.27978
   -0.641497
    0.988166
