  -0.0215792
   0.0228069
   0.0230565
   0.0116234
  -0.0474503
  -0.0653588
  -0.0821608
  -0.0427956
   -0.101513
   -0.086918
  -0.0813501
  -0.0193063
  0.00279973
 -0.00717257
  -0.0542849
   -0.109997
  -0.0318006
  0.00113443
  -0.0457094
   -0.107633
   -0.109766
  -0.0152423
  -0.0270691
   -0.048199
  -0.0226936
   -0.020487
  -0.0592861
  -0.0861331
  -0.0331263
  -0.0370424
   -0.039857
   0.0743189
    0.046631
     0.11192
   0.0336364
    -0.02189
   -0.126975
  -0.0524779
   0.0421042
   0.0722547
   0.0118743
   0.0285729
  -0.0232708
  -0.0172976
  -0.0209827
  -0.0688303
  -0.0757057
  -0.0895242
  -0.0467005
 -0.00156092
   0.0963731
   0.0515991
   0.0131308
  -0.0137969
   0.0134587
  -0.0224716
   0.0151636
  -0.0387211
  -0.0225642
 -0.00619293
  0.00847459
  -0.0360938
  -0.0722917
  -0.0293798
 -0.00185434
  0.00758411
-0.000346729
  -0.0216639
   0.0194793
   0.0348107
    0.076969
   0.0740932
   0.0597142
 -0.00701062
  -0.0749483
  -0.0922283
  -0.0967113
   -0.140928
  -0.0545276
   -0.046805
 -0.00763048
   0.0082479
   0.0124041
  -0.0146673
  -0.0374562
   0.0210498
   0.0727688
   0.0979681
     0.06435
  0.00464077
  -0.0026441
   0.0468483
    0.114291
   0.0597564
  -0.0350236
  0.00918853
   0.0386921
   0.0259528
   0.0324475
  -0.0254973
 -0.00922469
  0.00173827
   0.0252232
  -0.0076295
 -0.00921437
  -0.0516772
 -0.00573412
-0.000983087
  -0.0416567
    0.026861
  0.00932439
  -0.0072436
  -0.0765745
   -0.040472
  -0.0412011
  -0.0533744
  -0.0573663
 0.000799107
   0.0164787
   0.0373626
   0.0631126
   0.0425846
   0.0516521
   0.0698025
   0.0369126
   0.0165108
   0.0796341
   0.0249463
  -0.0898805
  -0.0862458
   -0.065141
  -0.0699477
  -0.0735046
  -0.0564283
   0.0437827
  -0.0160605
  -0.0335892
  -0.0189659
-0.000854984
 -0.00710387
   0.0414701
   0.0376304
  -0.0123207
  -0.0297671
   0.0354233
  0.00887622
  0.00407939
  -0.0898149
  -0.0925129
  -0.0387584
  -0.0201747
   -0.013732
  -0.0407528
   0.0310318
  -0.0210956
  0.00330896
   0.0351576
   0.0264237
   0.0255106
   0.0679532
  0.00953272
   0.0120401
   0.0267766
  0.00309583
  -0.0524093
  -0.0662091
  -0.0731367
  -0.0585346
  -0.0551403
  -0.0481579
  -0.0374727
  -0.0410664
  -0.0448411
  -0.0204509
  -0.0174319
  -0.0468987
  -0.0607531
  -0.0221004
  -0.0836911
  -0.0445587
 0.000932408
 -0.00952298
  -0.0392451
   -0.044227
   0.0474023
   0.0388302
  -0.0551585
  -0.0677165
  -0.0564278
 -0.00405671
   0.0421671
   0.0343296
   0.0511669
 -0.00875871
   -0.100768
  -0.0478353
    0.045613
   0.0283064
   0.0680367
   0.0522742
   0.0251486
   0.0692543
   0.0449737
  -0.0107884
  -0.0219952
   -0.021358
  -0.0179972
  -0.0426056
  0.00414175
  -0.0479426
  -0.0746596
 -0.00198117
   0.0850559
    0.125504
   0.0113322
   0.0501513
    0.105191
    0.207908
   0.0930563
   0.0465505
 -0.00233648
 -0.00167165
  0.00625219
   0.0522058
  -0.0635681
  -0.0129818
   0.0217516
    0.065319
  0.00776773
  -0.0305814
   0.0140329
  -0.0356888
  -0.0398858
  -0.0560647
 -0.00564236
  0.00899184
  -0.0394848
   0.0429448
    0.041675
    0.035636
  -0.0117969
   -0.103141
   -0.130095
    -0.11151
  -0.0188191
  -0.0712895
 -0.00606416
   0.0063015
   0.0770542
    0.033656
   0.0457194
  0.00628957
 -0.00130995
  0.00100662
   0.0805857
   0.0557197
    0.131193
   0.0168541
   0.0192299
   0.0256752
  -0.0316203
  -0.0361828
  -0.0244861
  0.00531979
   0.0189871
   0.0645721
   0.0426552
    0.005627
   0.0488594
   0.0582808
   0.0743957
  -0.0439927
  -0.0783065
   -0.038365
   0.0308631
   0.0683241
  -0.0216917
  -0.0567396
  -0.0639746
 -0.00610075
   0.0588257
  -0.0382319
  -0.0618328
  -0.0717098
  -0.0548902
    0.028863
   0.0375871
   0.0984957
  -0.0241918
  -0.0383967
  -0.0173781
     0.08475
   0.0826409
  -0.0240901
   -0.112189
  -0.0235698
   0.0184805
    0.140321
   -0.335473
   -0.654844
     2.14027
