 0.000828774
 -0.00408306
 -0.00355909
 -0.00525022
 -0.00119433
 -0.00437203
 -0.00164339
  -0.0106111
 -0.00397199
 -0.00124398
  0.00388226
 -0.00240771
  0.00330548
  0.00235836
   0.0046167
 0.000660922
 0.000551111
 -0.00700158
 -0.00210732
 -0.00530094
 -0.00197764
 -0.00382445
  0.00128832
  0.00128023
 0.000789596
-0.000861112
 -0.00220977
 -0.00235325
  0.00122773
  -0.0016451
  0.00249397
  0.00254821
  0.00393217
   0.0057342
  0.00155696
 -0.00221882
  0.00308368
-0.000703088
 0.000605979
 2.99203e-05
  0.00534415
  0.00159707
   0.0042834
  0.00256049
  0.00623083
  0.00480306
  0.00299692
  0.00148416
  0.00165755
  0.00264648
  0.00300089
  0.00305268
  0.00158493
  0.00145708
 -0.00116237
 -0.00319684
  0.00114452
  0.00429509
  0.00294359
  0.00282869
 0.000720257
  0.00232764
  0.00266407
  0.00339051
  0.00685066
  0.00904701
  0.00102474
 -0.00386268
 0.000418154
  0.00143065
   0.0026328
  0.00276691
 -0.00123634
 -0.00263754
-0.000824628
 -0.00339472
 -0.00752551
 -0.00573814
-0.000405733
 -0.00271567
  -0.0082302
 -0.00454751
 -0.00103388
 -0.00136067
 -0.00271053
 -0.00347374
 -0.00178597
 -0.00220596
  0.00197341
 -0.00365735
 -0.00314411
  0.00434951
   0.0103874
  0.00755424
  0.00522187
   0.0039882
 -0.00196588
 -0.00936147
 -0.00729189
 0.000264689
  0.00331072
  0.00150513
  -0.0018888
-3.80695e-05
  -0.0084862
 -0.00372149
  0.00246687
  0.00465918
-0.000158473
 0.000552973
 -0.00196362
  0.00227028
  0.00426484
    0.006973
  0.00366152
  0.00262186
 -0.00108047
 -0.00250574
 -0.00173278
-0.000623644
  0.00789025
    0.010381
  0.00780756
   0.0045179
 0.000465162
  0.00107909
  0.00349302
  0.00203011
  0.00147848
  -0.0064164
 -0.00427401
  0.00180922
  0.00195187
 -0.00463771
 -0.00245527
  0.00248734
 1.98001e-05
 -0.00442254
  -0.0080123
 -0.00334874
 -0.00121185
-0.000869623
  -0.0066729
  0.00148561
  0.00113872
  0.00257276
-0.000317636
-6.58421e-05
-0.000721106
  0.00483607
  0.00413942
  0.00271125
  0.00552159
  0.00767772
  0.00224735
 -0.00175179
 -0.00205166
-0.000343668
-0.000571177
 -0.00450454
  -0.0058027
  -0.0050211
  0.00487631
  0.00356081
  0.00124949
  -0.0014325
  0.00181628
 0.000529704
 -0.00449503
  -0.0060122
  -0.0023043
  0.00294247
  0.00154698
  0.00167116
  0.00511815
   0.0027549
 0.000432401
 -0.00224253
 -0.00491245
 -0.00392315
 0.000855933
  0.00242915
  0.00258666
  0.00421542
  0.00604869
   0.0114523
  0.00339871
  0.00197317
  0.00268124
 -0.00208714
 -0.00807392
 -0.00503379
-2.37497e-05
  0.00397556
  0.00158584
     0.00225
 -0.00340922
 -0.00391462
 -0.00946106
 -0.00798386
 -0.00439309
 0.000268918
-0.000343499
 -0.00454217
 -0.00104469
  0.00316841
  0.00167634
 -0.00376698
 0.000218558
 -0.00230451
 -0.00425868
  0.00319148
-0.000259101
  0.00185223
 -0.00165509
  0.00144447
  0.00211472
  0.00610351
-0.000767882
 -0.00181142
   0.0015012
  0.00465116
  0.00375562
 0.000910625
 -0.00694993
 -0.00205577
  0.00371291
  0.00886385
  0.00119406
 -0.00156787
-0.000484421
  0.00399414
  0.00754779
  -0.0011953
  -0.0011141
-0.000528989
  0.00528178
 -0.00318314
 -0.00453451
 -0.00580574
 -0.00364786
 -0.00415132
 -0.00366195
 -0.00628793
 -0.00320661
-0.000837924
  0.00816686
  0.00569937
  0.00616461
 0.000787413
 -0.00244884
-0.000202115
  0.00168515
-0.000276649
  -0.0023032
 -0.00230525
 -0.00328614
  0.00161745
-0.000286403
  0.00441975
  0.00152894
  0.00177976
-0.000134455
  0.00119814
 -0.00536856
 -0.00433221
  0.00354111
  0.00158069
 -0.00149459
 -0.00239739
 0.000518717
 -0.00161376
   0.0019555
 -0.00143295
  0.00138528
  0.00636277
  0.00350244
-0.000282262
  0.00134682
   0.0042461
  0.00167238
 -0.00414226
 -0.00869662
 -0.00205506
  0.00749192
  0.00403505
  0.00641438
  -0.0046124
  -0.0199392
  -0.0298498
  0.00486687
   0.0604091
   0.0726763
  -0.0396154
  -0.0634514
   0.0293762
   0.0462437
    0.135729
   -0.279699
   -0.641402
    0.988118
