  -0.0215379
   0.0224523
   0.0225767
   0.0115554
  -0.0464162
  -0.0635285
  -0.0798958
  -0.0403221
  -0.0983852
  -0.0835633
  -0.0785424
  -0.0178575
  0.00343892
 -0.00620019
  -0.0524402
   -0.108046
  -0.0306506
  0.00198102
  -0.0441383
   -0.105403
   -0.107929
   -0.014162
  -0.0261671
  -0.0472022
  -0.0216173
  -0.0191492
  -0.0575223
  -0.0843219
  -0.0318464
  -0.0365981
  -0.0401822
   0.0730918
   0.0446897
    0.109632
   0.0323076
  -0.0216779
   -0.125615
  -0.0515311
   0.0422072
   0.0720109
   0.0119873
   0.0291052
  -0.0222768
  -0.0158063
  -0.0189025
  -0.0663631
  -0.0732549
  -0.0874912
  -0.0455787
 -0.00160987
   0.0954595
     0.05071
   0.0126863
  -0.0138161
   0.0135485
  -0.0223888
   0.0153824
  -0.0380999
  -0.0219407
 -0.00582503
  0.00883272
  -0.0353899
  -0.0714898
  -0.0289083
 -0.00172983
  0.00766616
-0.000204294
  -0.0217085
   0.0190218
   0.0339238
   0.0758462
   0.0732086
   0.0597828
 -0.00563185
  -0.0726407
  -0.0895127
  -0.0941065
   -0.138918
  -0.0532154
  -0.0460953
 -0.00734987
   0.0085157
   0.0129758
  -0.0139286
  -0.0369978
   0.0207521
   0.0716672
   0.0964373
   0.0630952
  0.00389316
 -0.00325255
   0.0458565
    0.113279
   0.0593939
  -0.0349155
  0.00909327
   0.0380619
   0.0250848
   0.0317531
   -0.025987
 -0.00969839
  0.00105845
   0.0245505
 -0.00790893
 -0.00917913
  -0.0518523
 -0.00622783
 -0.00147954
  -0.0418927
   0.0269859
  0.00988775
 -0.00625004
  -0.0753972
  -0.0394544
  -0.0403522
  -0.0528797
  -0.0574621
 9.84243e-05
   0.0154698
   0.0363459
   0.0622549
   0.0417251
   0.0505231
    0.068547
   0.0357789
   0.0156475
   0.0792149
   0.0251614
  -0.0891498
  -0.0851492
  -0.0640177
  -0.0689022
  -0.0726563
  -0.0557878
   0.0441914
  -0.0157611
  -0.0334493
  -0.0189465
-0.000908019
 -0.00711944
   0.0415074
   0.0377349
  -0.0122053
   -0.029853
   0.0350475
  0.00843952
  0.00407985
  -0.0893358
  -0.0918988
  -0.0383102
  -0.0199093
  -0.0137591
  -0.0412301
   0.0303262
  -0.0216707
  0.00292256
   0.0348437
   0.0258646
    0.024561
   0.0670305
  0.00892358
   0.0115729
   0.0263664
  0.00298439
  -0.0519011
  -0.0651934
  -0.0719226
  -0.0573873
  -0.0541812
  -0.0473669
  -0.0366911
  -0.0401542
  -0.0439462
  -0.0197274
  -0.0168058
  -0.0462216
  -0.0600097
   -0.021363
  -0.0832198
   -0.044466
 0.000849736
 -0.00934822
  -0.0389092
  -0.0442222
   0.0470942
   0.0386975
  -0.0548766
  -0.0670723
  -0.0558184
 -0.00369735
   0.0424147
   0.0345075
   0.0517748
 -0.00756706
  -0.0996813
   -0.047406
   0.0455531
   0.0280794
    0.067826
   0.0519722
   0.0247132
    0.069037
   0.0453732
 -0.00989296
  -0.0211309
  -0.0207475
  -0.0175822
  -0.0421954
  0.00474686
  -0.0471722
  -0.0741168
 -0.00205067
   0.0845733
    0.125139
    0.011125
   0.0495202
    0.103799
    0.206427
   0.0920251
   0.0460693
 -0.00266774
 -0.00216649
  0.00582117
   0.0522752
   -0.063258
  -0.0129091
    0.021568
   0.0652937
  0.00815634
  -0.0298647
   0.0149546
  -0.0347835
   -0.039293
  -0.0559635
 -0.00591134
  0.00874702
  -0.0398614
   0.0423765
   0.0410426
   0.0354556
  -0.0112857
   -0.102194
   -0.129351
   -0.111048
  -0.0182447
  -0.0704648
 -0.00542144
  0.00638337
   0.0766754
   0.0332173
   0.0454836
  0.00618839
 -0.00170813
 0.000130079
   0.0793197
   0.0543699
    0.130149
   0.0161197
   0.0187047
   0.0255911
  -0.0312395
  -0.0354585
  -0.0238915
  0.00546684
   0.0185555
   0.0640078
   0.0423346
  0.00554034
   0.0487214
   0.0578538
   0.0739923
  -0.0441651
  -0.0784261
  -0.0388623
   0.0299222
   0.0673207
  -0.0222841
   -0.056667
  -0.0634824
  -0.0056126
    0.059325
  -0.0376833
  -0.0611294
  -0.0709962
  -0.0545565
   0.0287348
   0.0371022
   0.0982915
  -0.0239322
  -0.0379695
  -0.0172198
   0.0846031
   0.0827066
  -0.0236603
   -0.111609
  -0.0230781
   0.0189765
    0.141659
    -0.33346
   -0.652997
     2.10066
