 0.000824888
 -0.00409925
 -0.00357981
 -0.00527039
 -0.00120663
 -0.00438959
 -0.00166823
  -0.0106472
  -0.0039942
  -0.0012494
  0.00389063
  -0.0024022
  0.00331634
  0.00237185
  0.00463403
 0.000668517
 0.000547039
 -0.00702074
 -0.00212661
 -0.00532043
 -0.00199137
 -0.00383362
  0.00128909
  0.00128421
 0.000791945
-0.000864977
 -0.00221626
 -0.00235895
   0.0012259
 -0.00164463
  0.00250051
  0.00256023
  0.00394937
  0.00574972
  0.00156496
 -0.00221815
  0.00308427
-0.000704371
 0.000607442
 3.42857e-05
  0.00535447
  0.00160644
  0.00429543
  0.00257445
   0.0062493
  0.00481989
  0.00300929
    0.001491
  0.00166255
  0.00265331
  0.00301053
   0.0030629
  0.00159195
  0.00145836
 -0.00116721
 -0.00320204
  0.00114621
  0.00430436
  0.00295479
  0.00283753
 0.000724855
  0.00233176
  0.00267134
  0.00340554
  0.00687194
  0.00906486
  0.00102879
 -0.00386781
 0.000415515
  0.00143484
  0.00264049
  0.00277206
 -0.00123743
 -0.00264266
-0.000831456
 -0.00340523
 -0.00753925
 -0.00574956
-0.000414125
 -0.00272667
  -0.0082444
 -0.00455814
   -0.001039
 -0.00136479
 -0.00271695
 -0.00348203
 -0.00179195
 -0.00220869
   0.0019727
 -0.00366086
 -0.00314479
  0.00435816
   0.0104056
  0.00757411
  0.00523741
  0.00399404
 -0.00197289
 -0.00937753
 -0.00730571
 0.000261341
  0.00331483
  0.00150957
 -0.00189058
-4.65394e-05
  -0.0084984
 -0.00372672
  0.00247008
  0.00466571
-0.000156155
 0.000551991
 -0.00196513
  0.00227388
  0.00427357
   0.0069841
  0.00366963
  0.00262492
 -0.00108264
   -0.002511
 -0.00173657
-0.000620661
  0.00790315
   0.0103986
  0.00782215
   0.0045249
 0.000467897
  0.00108266
  0.00349896
   0.0020335
  0.00147575
 -0.00642397
 -0.00427867
  0.00180889
   0.0019519
 -0.00464007
 -0.00245665
  0.00248762
 1.77147e-05
  -0.0044292
  -0.0080212
 -0.00335477
 -0.00121581
-0.000873381
 -0.00667729
  0.00148472
  0.00114025
   0.0025753
-0.000317251
-6.60973e-05
-0.000720044
   0.0048404
  0.00414529
  0.00271882
  0.00553086
  0.00768605
  0.00225078
 -0.00175256
 -0.00205311
-0.000344671
-0.000573942
 -0.00451133
 -0.00581001
 -0.00502422
  0.00487911
  0.00356444
  0.00125141
  -0.0014322
   0.0018167
 0.000528201
 -0.00449943
 -0.00601719
 -0.00230621
  0.00294368
  0.00154967
  0.00167475
  0.00512239
  0.00275799
 0.000432311
 -0.00224658
 -0.00491808
 -0.00392697
 0.000855577
  0.00243169
  0.00259068
  0.00422143
  0.00605659
   0.0114604
  0.00340442
  0.00197667
  0.00268148
 -0.00209073
 -0.00807973
 -0.00503764
-2.40026e-05
   0.0039782
  0.00158905
  0.00225171
 -0.00341127
 -0.00392055
 -0.00946903
 -0.00799041
 -0.00439632
 0.000267826
-0.000344824
  -0.0045441
 -0.00104479
  0.00316971
  0.00167732
 -0.00376779
 0.000216192
 -0.00230713
 -0.00425948
  0.00319269
-0.000257956
  0.00185256
 -0.00165507
  0.00144647
  0.00211803
   0.0061057
-0.000768817
 -0.00181302
  0.00150163
   0.0046542
  0.00375786
 0.000909425
 -0.00695337
 -0.00205658
  0.00371599
  0.00886766
  0.00119497
 -0.00156888
 -0.00048402
  0.00399716
  0.00755103
 -0.00119423
  -0.0011139
-0.000528357
   0.0052823
 -0.00318503
 -0.00453861
 -0.00581063
 -0.00365156
 -0.00415421
 -0.00366492
 -0.00629157
 -0.00320884
-0.000836788
  0.00817114
   0.0057041
  0.00616744
 0.000787414
 -0.00244973
-0.000202159
   0.0016861
-0.000275834
 -0.00230351
  -0.0023061
 -0.00328664
  0.00161801
-0.000284993
  0.00442186
  0.00153104
  0.00178186
-0.000133282
  0.00119771
 -0.00536989
  -0.0043323
    0.003542
  0.00158113
 -0.00149522
 -0.00239847
 0.000517691
 -0.00161439
  0.00195531
 -0.00143182
   0.0013879
  0.00636536
  0.00350367
-0.000281746
  0.00134769
  0.00424749
  0.00167269
  -0.0041443
 -0.00869986
  -0.0020567
  0.00749412
  0.00404077
  0.00641738
 -0.00461901
  -0.0199531
  -0.0298566
  0.00488122
   0.0604345
   0.0726845
  -0.0396267
  -0.0634617
   0.0293881
   0.0462698
    0.135713
   -0.279778
   -0.641494
    0.988164
