  0.00453074
  0.00395362
 -0.00331957
 -0.00504441
  0.00772677
  0.00583172
  0.00428846
 -0.00130717
 -0.00104143
  0.00168204
  0.00359365
 -0.00200616
  0.00117496
 -0.00299524
-0.000146411
 -0.00375463
  0.00096901
 -0.00114527
  0.00503052
  0.00162505
  0.00537317
 -0.00106746
 -0.00123606
 -0.00178208
  0.00344021
  0.00701052
 -0.00118523
 0.000381778
 -0.00448909
 -0.00128634
  -0.0024976
-0.000387751
-0.000460996
  0.00369391
-1.98823e-05
  0.00258912
  0.00654918
 0.000366992
 0.000215744
 -0.00286087
  0.00160813
  0.00499581
   0.0101324
  0.00460887
  0.00329469
  0.00442334
  0.00640283
  0.00778861
  0.00206237
 0.000987912
 -0.00146329
  0.00167614
 -0.00410367
 0.000752297
  0.00707564
  0.00652946
  0.00262831
  0.00553827
  0.00436654
  0.00320027
 -0.00249922
 0.000166981
  0.00547785
  0.00851569
  0.00295321
 0.000386166
 -0.00579693
 0.000483884
  0.00255975
 -0.00154679
 -0.00166521
-0.000456499
   0.0055049
  0.00147793
  0.00555487
  -0.0038044
 1.66322e-05
  0.00163454
  0.00578518
  0.00343384
   0.0029064
   0.0070271
  0.00161799
 0.000531754
-0.000793823
  0.00367827
 -0.00100643
   -0.008365
 -0.00924565
 -0.00635992
 -0.00387169
-2.06947e-05
 -0.00299147
 0.000752905
  0.00706493
  0.00502033
-0.000672004
-0.000162282
 -0.00141187
-0.000170642
 0.000872429
 -0.00450367
 -0.00363318
 -0.00157483
 -0.00065066
 -0.00111691
 0.000350139
 -0.00914677
 -0.00414288
 0.000786873
 -0.00148395
 -0.00577962
-0.000978422
-0.000273991
 -0.00345225
 -0.00478655
  -0.0046802
  0.00274886
    0.002821
  0.00397836
 -0.00038982
  0.00410972
 0.000580374
 -0.00194546
 -0.00273619
 -0.00451942
 -0.00509085
  0.00179253
 0.000222918
   -0.001625
   0.0024299
  0.00144408
  0.00772526
  0.00789049
  0.00695088
-0.000796629
  0.00154523
  0.00149833
  0.00329083
  0.00299593
 -0.00156213
 -0.00251874
 -0.00262991
  0.00283431
  0.00633459
   0.0146791
   0.0074886
   0.0042082
   0.0020572
  0.00309827
  0.00391083
 0.000855083
  0.00155792
 -0.00324326
 -0.00650265
 -0.00126337
 0.000376918
 0.000869699
 -0.00155467
 -0.00175855
 -0.00170849
 -0.00168051
  0.00218064
  0.00286471
  0.00307683
  0.00249331
  0.00376374
  0.00289095
 -0.00379506
  0.00425878
  0.00729119
   0.0148233
  0.00427857
  0.00396004
  0.00325776
   0.0111149
  0.00315014
  0.00235581
  0.00368728
  0.00092632
 -0.00301635
 -0.00118055
 -0.00251567
  -0.0053146
 -0.00322548
-4.11429e-05
  0.00348394
 -0.00126037
 -0.00268137
 -0.00171903
 -0.00249073
  0.00113054
   0.0036352
-0.000177951
 -0.00135757
 -0.00292047
-0.000111379
  0.00114663
  0.00207903
  0.00626804
  0.00476088
-0.000103051
 0.000151002
 0.000416216
  0.00895003
  0.00391303
 -0.00100863
 -0.00232567
-0.000677709
  -0.0003987
 0.000519538
   0.0025224
 -0.00102918
  0.00153287
  0.00316884
   0.0105817
  0.00869507
  0.00996511
  0.00470248
 -0.00134077
  -0.0075471
 -0.00694403
 -0.00537334
-0.000451843
   0.0051513
  0.00463584
  0.00166013
  0.00282505
  0.00225107
 -0.00399611
 -0.00642053
 -0.00298715
  0.00333476
  0.00459312
  0.00319309
 -0.00138984
  0.00478005
  0.00296066
 -0.00102515
 -0.00603796
 -0.00296428
-0.000600711
  -0.0033193
-4.34426e-05
-0.000531484
  0.00221583
  0.00086985
  0.00066895
 -0.00180674
 -0.00318273
 -0.00447549
 -0.00313122
 -0.00364738
 -0.00675401
 -0.00243773
  0.00715938
  0.00604512
  0.00283303
  0.00190676
 -0.00195429
  0.00183094
  0.00189406
  0.00655218
  0.00593408
   0.0034154
 -0.00176108
  0.00393286
  0.00615446
 -0.00226074
 -0.00553427
 -0.00564852
  -0.0016178
 -0.00339465
  0.00299994
-5.11304e-05
  0.00773765
  0.00387249
  0.00730809
  0.00487082
 -0.00230959
 -0.00653812
-0.000181356
  0.00135797
 -0.00866577
  -0.0131072
 -0.00555544
-0.000528312
  0.00119488
  0.00859682
  0.00271878
  0.00157835
 -0.00389752
 -0.00325812
 0.000500068
  0.00215949
  0.00609553
  0.00102428
 0.000407636
-0.000588428
-0.000937813
  -0.0018766
  0.00558965
  0.00718095
   0.0071062
  0.00306558
   0.0050452
  0.00448338
  0.00399447
 0.000919606
 -0.00431768
 -0.00746836
-0.000934667
 -0.00360461
  0.00174128
 0.000525242
 0.000105815
  0.00140084
  0.00290915
  0.00184755
  0.00299704
 -0.00133849
  0.00128537
 -0.00158687
  0.00389305
 -0.00224425
 0.000459381
 -0.00326002
   0.0021382
  0.00120613
 0.000504434
 -0.00434483
  0.00113801
  0.00427165
  0.00745558
   0.0046798
  0.00153653
 -0.00105818
  0.00324368
  0.00796403
  0.00134294
 0.000294821
 -0.00493399
  0.00118402
 0.000241265
  0.00170456
 -0.00137529
 -0.00125058
 0.000604702
-0.000179625
 -0.00281379
 -0.00385747
  0.00180192
 9.40801e-05
 -0.00064835
 0.000139425
  0.00470123
  0.00330115
-0.000580214
-0.000401034
  0.00347113
  0.00146574
  0.00602552
  0.00378515
  0.00233568
 -0.00109373
 -0.00119937
 -0.00114437
  0.00222378
 -0.00159206
 -0.00207622
 0.000351734
-0.000822749
 -0.00159326
-0.000922979
  0.00334602
    0.003834
 -0.00106141
 -0.00485956
 -0.00491142
 -0.00356842
  -0.0006966
  0.00227986
  0.00158314
 -0.00398564
 -0.00149109
 0.000415811
  0.00505182
-5.22873e-05
 0.000504065
-0.000994019
  0.00115562
    0.002951
 -0.00427997
 -0.00530591
-0.000271089
  0.00437025
 -0.00164553
 -0.00250034
  -0.0060714
 -0.00778353
 -0.00193753
  -0.0051075
 0.000234582
   0.0018702
 -0.00483336
  -0.0131477
  -0.0069364
-0.000514116
  -0.0024633
 -0.00134749
 -0.00256731
-0.000745789
  0.00222527
  0.00823536
  0.00525186
-0.000855468
 -0.00277464
 -0.00613774
 -0.00331122
  -0.0037079
  0.00289737
  0.00196911
 -0.00665019
 -0.00591004
 -0.00404605
 -0.00102462
  0.00721214
   0.0107013
  0.00452191
  -0.0044682
 -0.00202644
 -0.00385795
 0.000611804
  0.00453928
  0.00732427
 -0.00476577
 -0.00373447
  0.00505138
  0.00517476
  0.00843064
 -0.00100265
  -0.0032764
 -0.00160309
  0.00792171
   0.0101476
  0.00800478
 -0.00131617
 -0.00388092
 -0.00909914
 -0.00512286
-0.000483462
  0.00228956
 -0.00622443
 -0.00764429
 -0.00699714
     0.00226
  0.00809023
  0.00296225
  0.00344387
  0.00353205
  0.00522508
 0.000284136
 -0.00220559
 0.000503661
 -0.00188621
 -0.00209175
  -0.0031378
  0.00190367
  0.00231067
  0.00266264
  0.00890078
  0.00275208
 -0.00273867
 -0.00220446
-0.000131052
  0.00417017
 0.000480987
 -0.00196992
  0.00131585
 0.000119115
 -0.00126209
 -0.00120357
 0.000530606
-0.000567935
  -0.0041994
 -0.00270581
 0.000619612
  0.00287523
 -0.00200578
 -0.00545326
   0.0019413
 -0.00015388
-0.000798119
  0.00176745
  0.00221442
 -0.00340057
 -0.00288519
 -0.00239572
  0.00290878
  0.00174781
  0.00170525
 -0.00173093
  -0.0010831
 -0.00209309
  0.00286437
  0.00624263
  0.00269683
 -0.00024306
  0.00305266
 -0.00123174
 -0.00346587
 -0.00657956
 -0.00247901
 -0.00533489
  -0.0059212
 -0.00456159
 -0.00198077
  -0.0004557
  0.00321498
  0.00143111
  0.00235342
  0.00767242
  0.00273569
  0.00535737
-0.000220126
  0.00216932
 -0.00320757
 -0.00690577
 -0.00546304
 -0.00304915
 0.000347926
 -0.00344052
 -0.00773256
 -0.00681428
 -0.00652745
  0.00144305
  0.00922623
   0.0093263
  0.00185087
-0.000485888
 -0.00075002
  0.00440011
  0.00599886
  0.00318729
  0.00112387
 -0.00495311
 -0.00571851
 -0.00156987
   0.0059481
  0.00213023
-0.000139589
  0.00129122
 -0.00139559
 -0.00246978
 -0.00210572
 -0.00492411
 -0.00227153
 0.000176184
 -0.00220009
  0.00085149
-0.000409616
  0.00331263
  0.00530179
  0.00157176
  0.00132209
  0.00209185
 5.78226e-05
 -0.00431645
-0.000534492
-0.000580626
  -0.0010103
  0.00126834
 -0.00167499
 -0.00583643
 -0.00471029
 -0.00460719
  0.00231925
 0.000349681
  0.00100431
 -0.00103583
  0.00265488
  0.00742972
-0.000972499
 -0.00213505
-0.000902821
  0.00586738
-0.000219432
 -0.00104666
  0.00046772
  0.00348797
  0.00931982
  0.00989028
  0.00652947
-0.000537633
 -0.00747472
  -0.0105744
-0.000621567
  -0.0018604
  0.00405516
  0.00624555
   0.0030514
 -0.00341958
 -0.00786971
 -0.00436131
  -0.0019721
   0.0021145
 0.000406562
  0.00169389
 -0.00161463
 0.000964563
  0.00143669
  0.00250464
  0.00626267
  0.00422179
  0.00415882
 -0.00246774
 -0.00345607
  0.00151635
 0.000983197
  0.00493207
 -0.00100038
 -0.00575528
 -0.00537147
  0.00235443
 -0.00183314
 0.000305345
   0.0023873
-0.000284417
 -0.00218004
 -0.00122108
-0.000181364
  0.00136641
 0.000607942
  0.00201983
  0.00092034
   0.0011295
  0.00367693
  0.00164672
 0.000522725
   0.0012645
 -0.00028531
   0.0020803
   0.0053795
  0.00855974
 0.000359966
  0.00205822
 0.000916404
 -0.00265473
 -0.00121542
  0.00146197
  0.00318704
 -0.00576027
-0.000755036
 0.000768926
  0.00543986
  0.00737135
  0.00347475
  -0.0035286
 -0.00695126
 -0.00338451
-0.000751215
  0.00423004
  0.00168454
  0.00468294
 -0.00127652
 -0.00191067
 -0.00242143
-4.05309e-06
-0.000564298
   0.0004155
 0.000516459
 -0.00352738
 0.000562673
 0.000548924
  0.00388648
  0.00637722
  0.00221283
 0.000742404
-0.000904914
-0.000134446
 -0.00170603
 -0.00434186
 -0.00303635
   0.0020094
   0.0083674
  0.00184141
 -0.00259638
 -0.00412901
 -0.00243884
  0.00577836
  0.00750468
  0.00392191
 -0.00219969
 -0.00435393
 0.000725336
 0.000230773
  0.00453004
  0.00654502
  0.00552216
 -0.00153774
  0.00343214
  0.00718939
    0.007094
  0.00264626
  0.00147447
  -0.0013758
  0.00112208
 -0.00122717
 -0.00598806
  -0.0108493
 -0.00465194
  -0.0109354
 -0.00352555
  -0.0023183
-3.89579e-05
  0.00158657
-0.000271997
 -0.00893107
  -0.0104338
-0.000556486
  0.00611985
  0.00945834
 0.000271177
 -0.00573211
 -0.00183364
  0.00344881
   0.0040957
  0.00271882
 0.000877206
-0.000486324
   0.0035691
  0.00417538
  0.00210402
  0.00566989
  0.00579065
  0.00593092
  0.00350655
  0.00137433
  0.00122423
 0.000676765
  0.00323524
  0.00600848
  0.00462381
  0.00356021
  0.00488569
  0.00194338
  0.00267096
  -0.0031912
 -0.00140207
 -0.00288816
  0.00113497
 0.000615942
  0.00126872
   0.0013077
  0.00219405
  0.00230279
  0.00314452
 -0.00209737
 -0.00382664
-0.000101999
 -0.00132987
 -0.00289894
  -0.0040664
 -0.00212267
 -0.00950006
 -0.00526996
 -0.00432471
-0.000934632
 -0.00193625
  0.00203053
   0.0017569
-0.000495182
 -0.00751493
   -0.003441
  0.00291915
  0.00652734
  0.00138552
 -0.00247673
  0.00425653
  0.00824713
  0.00727365
 -0.00166463
 -0.00329963
 -0.00783383
  0.00277389
 -0.00611174
-0.000960811
 -0.00402627
  0.00461284
  0.00661447
  0.00246398
   0.0040259
 -0.00334334
 -0.00281601
 -0.00310463
  0.00123729
 -0.00344455
 -0.00398029
 -0.00185799
 -0.00257511
  -0.0050447
  0.00298555
 -0.00366099
   0.0022681
  0.00154909
  0.00212742
  0.00498281
 -0.00135252
 -0.00542561
 -0.00198925
 -0.00124519
 -0.00187556
 -0.00291461
 5.04496e-05
  0.00273144
  0.00348444
  -0.0019209
 -0.00479448
 -0.00220475
 -0.00100079
-0.000302288
-0.000140027
 0.000455356
  0.00290782
  0.00589068
  0.00449413
  0.00453656
  0.00273315
   0.0061765
 0.000378281
 -0.00069471
 -0.00523126
 -0.00137798
-0.000287605
  0.00193528
-0.000935418
-0.000602137
 -0.00382149
 -0.00390367
  0.00201899
 0.000127003
-0.000648291
  0.00082921
 -0.00312393
 -0.00644252
 -0.00686672
 -0.00324642
 0.000410065
  0.00237841
  0.00146929
 -0.00216039
-0.000139275
   0.0030082
  0.00511365
  0.00755465
  0.00206421
  0.00191636
  0.00582754
 -0.00134295
 -0.00108656
 -0.00539585
 -0.00257613
 -0.00669197
 -0.00277811
 0.000844869
  0.00447395
  0.00105799
 -0.00318318
 -0.00725987
 -0.00134114
 0.000783633
 -0.00103723
-0.000183706
 -0.00202196
  0.00120445
 -0.00128381
  -0.0027416
  -0.0054654
  0.00260441
  0.00156307
  0.00687208
  0.00505053
   0.0012254
  0.00229043
 0.000229639
  0.00292551
 -0.00225682
-0.000869383
  -0.0030985
  -0.0014603
 -0.00310564
-0.000192839
   0.0056309
 0.000101097
 -0.00272338
  0.00277012
  0.00860455
   0.0064385
  0.00390006
  -0.0011583
 -0.00377652
 -0.00582528
 -0.00298173
 -0.00478593
  0.00317441
 -0.00226317
  0.00137423
-0.000651772
  0.00914826
  0.00197984
 -0.00360389
 -0.00485303
 0.000789519
 -0.00110592
 -0.00248645
  0.00270444
  0.00351379
 0.000285745
 -0.00154816
 -0.00450223
 0.000726361
  0.00744957
  0.00572087
 0.000620766
 -0.00224359
 0.000727852
 -0.00069201
  0.00380323
  0.00756453
  0.00976582
  0.00982812
  0.00543811
  0.00484118
-3.37001e-05
-0.000900192
 -0.00177395
 0.000391449
 -0.00193538
  0.00449296
 -0.00184333
 -0.00791871
 -0.00424011
 -0.00243409
-0.000484744
  0.00421106
   0.0072435
  0.00422429
  0.00195591
 -0.00443743
 -0.00298224
  0.00372911
  0.00451713
 0.000935006
   0.0042371
 0.000111875
 -0.00655298
 -0.00565012
 -0.00142273
    -0.00193
 -0.00183843
 -0.00468179
  -0.0018529
 -0.00233581
 -0.00078085
  0.00162298
  -0.0025715
 -0.00601093
  0.00317934
  0.00225831
  0.00145757
 -0.00396108
 -0.00358209
 -0.00551375
  0.00253236
  0.00138605
 -0.00104088
  0.00141684
 -0.00212386
 3.81472e-05
 -0.00228787
-0.000536176
 -0.00250408
 0.000240974
 0.000960509
  0.00151337
  0.00687806
  0.00597569
 -0.00236954
 -0.00346703
  -0.0045367
  0.00047022
 -0.00179225
 -0.00535935
  -0.0106808
 -0.00663753
 -0.00421208
  0.00167843
 -0.00309496
 -0.00415522
 -0.00119207
  0.00308527
    0.004555
 -0.00163217
 -0.00792971
 -0.00538395
  0.00207554
  0.00295998
  0.00465885
  0.00320717
 -0.00433946
 -0.00548661
  -0.0014656
-0.000947073
  0.00797275
  0.00633845
 0.000560924
  0.00242317
   0.0011628
  0.00900492
  0.00245136
-0.000453849
  -0.0018982
  0.00708834
-0.000763648
 -0.00826545
 -0.00484186
-0.000307159
  0.00280636
 -0.00154325
 -0.00545434
 -0.00691576
 0.000657381
-0.000607392
-0.000743381
 -0.00109041
  0.00298496
   0.0085181
   0.0093637
  0.00385324
  0.00163788
  -0.0040706
 -0.00434887
-0.000591724
  0.00456881
  0.00240336
  0.00456844
  0.00270057
  0.00505365
  0.00744142
    0.006876
  0.00183287
  0.00243432
  0.00504333
  0.00466116
 -0.00234082
 -0.00658918
 -0.00199271
 8.29486e-05
  0.00228216
 -0.00531335
 -0.00497435
 -0.00819665
 -0.00306681
 -0.00530527
 -0.00167186
 -0.00568142
  0.00196732
  0.00717972
  0.00975491
 0.000242541
  0.00280494
  0.00344623
-0.000782185
 -0.00277152
  -0.0109654
 -0.00889016
 -0.00464155
  0.00521492
  0.00401556
 -0.00188064
 -0.00062258
 -0.00489332
-0.000702129
  0.00314925
  0.00315476
  -0.0027156
 -0.00453061
 -0.00143819
 -0.00417964
 -0.00223238
 -0.00338899
 -0.00334992
 -0.00162667
  0.00223048
 -0.00490581
 -0.00217896
 -0.00114357
 -0.00109198
 -0.00438258
 -0.00149404
  -0.0049201
 -0.00633939
 -0.00200574
 -0.00522548
 -0.00925194
 -0.00435425
  0.00062844
  0.00289708
  0.00438902
  0.00515954
 -0.00338435
-0.000226081
 -0.00249075
 8.37027e-05
-0.000723833
 -0.00195378
 0.000109126
  0.00531436
  0.00475769
-0.000905347
 -0.00300856
 -0.00466089
  0.00729647
  0.00766908
   0.0103351
  0.00625918
-0.000594404
 -0.00331841
-0.000729005
 -0.00177512
  0.00343711
  -0.0045799
 -0.00407206
 -0.00105598
  0.00946091
  0.00734793
  0.00558067
 -0.00125324
 -0.00324183
-0.000810765
  0.00283615
  0.00735336
  0.00415006
  0.00339715
  0.00602048
  0.00908218
  0.00625451
 2.01603e-05
  0.00149951
 -0.00183597
  0.00273537
  0.00118493
   0.0018421
 -0.00165971
 -0.00503556
 0.000230075
  0.00218006
  0.00645302
  0.00879389
  0.00498212
  0.00282773
 0.000757881
  0.00420153
  0.00243628
  0.00208739
 0.000622808
 -0.00485981
 -0.00805332
  -0.0062869
   0.0041452
  0.00696983
  0.00757491
 -0.00161448
 -0.00320458
 -0.00403471
  0.00248328
 0.000950199
  0.00471643
  0.00554546
  0.00326139
-0.000745338
 -0.00316681
  0.00143704
   0.0075446
   0.0104364
  0.00670825
 -0.00210626
-0.000812949
 -0.00315395
  0.00257568
  0.00570473
  0.00531406
 -0.00335599
 -0.00389955
 -0.00271272
 -0.00238417
  0.00176074
-0.000830479
 -0.00537912
 -0.00730903
 -0.00308422
 -0.00519944
 -0.00577822
 -0.00622305
 -0.00422823
 0.000100562
    0.002854
 0.000631672
  0.00579843
  0.00687599
  0.00300121
  0.00198344
  0.00521485
  0.00102771
 0.000172274
  0.00915894
  0.00708545
   0.0071686
  0.00543535
  0.00392909
-0.000908671
  0.00156066
  0.00810996
   0.0051145
  0.00454661
  0.00483163
 -0.00276726
-0.000607635
  0.00429131
   0.0095445
   0.0017023
  0.00233259
 -0.00316533
 -0.00205967
 -0.00149673
 -0.00411667
 -0.00417888
 -0.00103906
 0.000329239
  0.00113865
 -0.00136109
-4.64402e-05
 -0.00471853
 -0.00341136
 -0.00366046
 -0.00165004
 0.000941722
 0.000735397
 -0.00194462
 -0.00364737
 -0.00177052
 -0.00135507
  0.00299979
  0.00259534
 0.000559365
 -0.00291945
 -0.00386513
 -0.00530601
-0.000507755
 0.000248153
  0.00229741
  0.00063106
 -0.00018914
  0.00255782
  0.00871218
  0.00851585
  0.00150017
 -0.00460276
 -0.00460884
-0.000426015
-0.000384435
  0.00223304
  0.00161324
  0.00113215
 -0.00123069
  0.00436089
-0.000758633
   0.0015524
 -0.00216835
 -0.00505703
 0.000444162
  0.00426521
-0.000335168
 -0.00441483
 -0.00206154
  0.00494009
  0.00253405
 -0.00465669
  -0.0057505
  0.00129959
  0.00251375
 -1.3584e-05
 -0.00347128
  -0.0073942
 -0.00383654
 -0.00211955
 -0.00246298
 -0.00302137
-0.000184223
  0.00484834
  0.00161021
 -0.00143122
 -0.00433405
 0.000256614
   -0.001411
  0.00145373
 -0.00167615
  0.00501798
  0.00411205
  0.00555193
  0.00188884
  0.00734872
   0.0116551
    0.010502
-0.000537649
  0.00130727
 0.000662046
 -0.00383779
  -0.0028699
  -0.0022825
  0.00304586
  0.00110138
 -0.00249454
 -0.00255184
 -0.00707803
 -0.00791804
 -0.00108519
  0.00196086
  0.00436447
  0.00620435
  0.00739262
  0.00488308
-0.000332743
 -0.00231852
 -0.00704994
 -0.00157097
-0.000711949
 0.000547479
   -0.004828
 -0.00238714
-0.000934381
 0.000113765
 -0.00333762
 -0.00576404
-3.66474e-06
 -0.00346242
 -0.00242178
 -0.00775766
 -0.00494887
 -0.00682626
  0.00382518
 -0.00102044
 0.000287307
   0.0017267
 -0.00228352
-8.81721e-05
  0.00380994
  0.00731904
 -0.00237593
  0.00262186
  0.00608987
  0.00238339
   0.0010808
  0.00445495
  0.00277093
  0.00385545
  0.00307038
  0.00194631
 -0.00256403
 -0.00998377
 -0.00738266
  -0.0059033
-8.50083e-05
  0.00739499
  0.00538312
  0.00138771
 -0.00309962
  0.00377141
  0.00903932
  0.00254277
  0.00140218
 -0.00259709
  0.00105489
 -0.00361737
 0.000628605
 0.000149176
  0.00258705
  0.00262133
  0.00396401
 -0.00288585
  0.00380851
  0.00199819
-0.000661156
 -1.4445e-05
  0.00434154
  0.00746914
 0.000597643
 -0.00625544
 -0.00971636
  -0.0106821
 -0.00708714
 -0.00235797
-0.000399882
 -0.00355224
  0.00257863
  0.00175203
 -0.00119243
  -0.0008252
  0.00210726
 -0.00197755
  0.00166471
  0.00426857
 -0.00328952
 -0.00248249
  0.00599573
  0.00371451
 -0.00400949
 -0.00331127
 -0.00558297
 -0.00256691
 -0.00779502
 -0.00441722
 -0.00647214
 0.000965569
 -0.00354489
 -0.00337947
 -0.00232783
 -0.00192644
  0.00566912
  0.00191019
  0.00541861
 0.000901178
  0.00141668
 -0.00508179
 -0.00397613
 -0.00089282
  0.00370243
  0.00620353
  0.00256539
-0.000476605
 4.70007e-05
 -1.1299e-05
-0.000257477
 -0.00014638
  0.00135404
 0.000573173
  0.00261955
  0.00231878
  0.00410935
 -0.00162836
 -0.00172368
  0.00179644
   0.0037488
  0.00168431
-0.000563136
 -0.00190073
 -0.00358746
 -0.00205815
 0.000870203
  0.00086744
 0.000865487
  0.00135772
  0.00470812
 0.000639399
  0.00455948
  0.00273297
 -0.00388603
 -0.00808803
 -0.00375589
  9.5196e-05
  0.00707491
   0.0013477
 -0.00366167
 -0.00749192
  0.00242453
  0.00341748
 -0.00396556
 -0.00661364
 -0.00813255
 -0.00343273
  0.00172983
  0.00698384
  0.00241246
-0.000115535
  0.00150841
 -0.00122772
 0.000817254
  0.00130923
 0.000234318
  0.00496164
  0.00393055
  0.00429386
  0.00275393
-0.000384082
 -0.00586741
 -0.00650003
-0.000193728
 -0.00146622
  0.00125099
 -0.00250196
 -0.00495043
 -0.00162853
  0.00143086
  0.00245036
  0.00362297
  0.00358289
  0.00191867
 -0.00172893
 0.000108664
  0.00520805
  0.00329364
  0.00453409
 -0.00334909
 -0.00118535
 -0.00400148
 -0.00148768
 0.000504619
  0.00439377
   0.0053493
  0.00400373
  0.00627369
 -0.00121965
  0.00326799
  0.00317172
  0.00978998
  0.00032547
 -0.00251895
-0.000561884
  -0.0020471
-0.000434779
 -0.00178361
 0.000596576
 -0.00506001
 -0.00227364
 0.000473211
 -0.00107676
-0.000833307
   0.0023456
  0.00251511
   0.0026428
  0.00182947
-9.23548e-05
-0.000966825
   0.0020249
  0.00728079
  0.00644734
  0.00318488
  0.00490166
  0.00158216
  0.00456867
-0.000805929
  0.00214183
  0.00537517
  0.00442548
  0.00235743
 -0.00405578
  0.00241533
-0.000938178
-0.000189023
 -0.00593647
 -0.00848398
 -0.00707848
 -0.00412666
  0.00673862
  0.00379367
  -0.0020536
 -0.00742039
 -0.00266308
 -0.00173907
-0.000250629
-0.000785583
  -0.0013322
-0.000649534
  0.00172972
  0.00224949
 -0.00561474
  -0.0075621
 0.000205486
  0.00438606
   0.0014824
  0.00277807
-0.000959964
-0.000739328
  -0.0044472
-0.000900051
  0.00316672
  0.00865726
  0.00249841
 -0.00188984
 -0.00134698
  0.00324649
  0.00323203
 -0.00375532
 -0.00427947
 -0.00032942
  0.00115588
 0.000744892
 -0.00591232
  -0.0066158
 -0.00794837
 -0.00291503
 -0.00417996
 0.000720423
  0.00112304
 0.000618404
   0.0025231
  0.00580837
  0.00910318
  0.00859969
  0.00654517
 -0.00259525
  0.00027011
-0.000458192
 -0.00205423
 -0.00245595
 0.000791366
  0.00213877
  -0.0024106
 0.000708276
 -0.00223938
 -0.00196848
 -0.00457932
  0.00180004
  0.00145646
-1.55447e-05
 0.000820806
 0.000755821
 -0.00248028
 -0.00336555
 0.000143344
 -0.00142264
  0.00271623
  0.00428961
 -0.00373962
 -0.00586262
  0.00564014
   0.0022354
  0.00274101
  0.00596001
  0.00138394
 0.000881731
  0.00434297
  0.00277214
 0.000971549
  0.00412551
   0.0052091
  0.00562493
 -0.00193664
   0.0011442
 -0.00189893
 0.000247028
 0.000788177
 -0.00532882
 -0.00326577
 -0.00528227
 -0.00145293
 -0.00113895
 -0.00294366
-0.000877313
-0.000236422
 0.000288884
 0.000323759
  0.00025557
 -0.00163579
 0.000411164
  0.00389515
 -0.00219986
  0.00320887
-0.000331869
 0.000797521
 -0.00248005
  0.00783735
 -0.00110968
-0.000592673
 -0.00310418
  0.00429697
 -0.00151323
-0.000592313
 -0.00105689
 -0.00191704
  0.00146044
 0.000905541
 3.18005e-05
 -0.00172964
 -0.00566236
 -0.00212037
 -0.00641301
-0.000309333
  0.00712995
  0.00451736
   0.0027568
 -0.00213561
 -0.00148704
 -0.00232797
  0.00256635
 -0.00235247
 -0.00519091
 -0.00550495
  0.00388753
  0.00690747
  0.00903128
  0.00175436
  0.00392112
   0.0013178
 0.000408596
 0.000346103
 0.000357418
 0.000691976
  0.00253596
  0.00481809
  0.00647639
-8.92567e-05
 -0.00847014
  -0.0064847
  0.00474645
  0.00643943
  0.00666731
 -0.00423976
 -0.00540587
  -0.0020609
  0.00868131
  0.00676488
  0.00307054
 -0.00171521
   0.0021529
   0.0020984
 -0.00438131
 -0.00583069
 -0.00678504
  0.00267364
  0.00245231
 -0.00159689
 0.000790782
 -0.00294543
-0.000542527
 0.000258604
  0.00903141
  0.00696623
  0.00621982
 0.000754992
   0.0039694
-0.000817153
 -0.00563204
 -0.00798449
 -0.00595515
 -0.00433337
 0.000347595
  0.00109915
 -0.00126164
  0.00221976
  0.00652009
  0.00369094
  0.00304313
-0.000705051
  0.00505051
  0.00465134
  0.00256361
 -0.00159333
 -0.00263174
 -0.00333613
-0.000873519
  0.00365221
  0.00119631
-0.000376066
  0.00062024
  0.00221418
 0.000850086
  0.00175016
 -0.00106465
-0.000594704
 -0.00289662
 -0.00571523
 -0.00711102
-0.000973519
 0.000631659
  0.00170437
 -0.00110325
 -0.00125848
 -0.00241934
  0.00226425
 0.000749911
  0.00293772
   0.0047943
 -0.00509255
 -0.00428554
 -0.00143969
 -0.00366181
 -0.00438681
 -0.00206883
 4.19356e-05
 0.000391406
 -0.00157816
 -0.00583545
  -0.0025915
 -0.00485051
 0.000509737
  0.00293212
  0.00181907
  0.00397725
  0.00500872
  0.00340589
 0.000859374
  0.00285989
  0.00425207
 -0.00175684
-0.000950918
 -0.00355504
 -0.00607207
-0.000638298
  0.00214423
  0.00718549
  0.00505635
  0.00286366
  0.00352951
   0.0017849
  0.00206427
 -0.00225521
 -0.00295181
 -0.00484951
-0.000868311
-0.000435988
-0.000290606
 -0.00221817
 -0.00228916
   0.0010706
  0.00631598
-0.000132136
 -0.00179335
 -0.00627077
 -0.00415845
 -0.00130961
  0.00695891
  0.00663636
  0.00493967
  0.00402166
 0.000399306
  -0.0039015
   -0.011112
 -0.00482094
  0.00458726
  0.00719311
 -0.00152356
 0.000443364
  0.00345501
  0.00124311
  0.00104239
  0.00208636
 -0.00693984
 -0.00861126
 -0.00764334
 -0.00334948
  0.00309967
  0.00289287
  -0.0058991
 -0.00355359
 -0.00346105
  0.00175239
  0.00308241
 0.000933311
-5.33302e-05
  0.00200464
  0.00505327
 -0.00785853
  -0.0122731
 -0.00414217
-0.000513775
 -0.00277097
 -0.00121396
  0.00465376
 0.000213591
 0.000250106
  0.00412663
 0.000535462
 -0.00220476
-0.000376709
 -0.00310931
 -0.00252492
-0.000694906
  0.00251429
  0.00421359
  0.00309732
 0.000356564
  0.00222715
 -0.00412195
 -0.00768137
 -0.00511801
  0.00340704
-0.000365829
  0.00444227
  0.00214578
-0.000417531
  0.00138183
 -0.00187979
 -0.00262222
  0.00199148
  0.00453144
  0.00721217
  0.00471396
 -0.00154149
  0.00387774
   0.0015419
  0.00442044
  0.00363728
  0.00481344
 -0.00230413
 -0.00404118
 -0.00575592
  0.00379113
   0.0058031
  0.00800183
 0.000495107
 -0.00396596
   -0.005385
 -0.00293229
  0.00348088
 -0.00222378
 -0.00361926
 0.000608732
  0.00481971
  0.00333225
   0.0012692
-0.000697612
 -0.00243588
 -0.00174874
 -0.00298553
  0.00230511
 -0.00190382
 -0.00379575
 -0.00186662
  0.00738108
  0.00910835
  0.00460179
   0.0045049
 -0.00126152
 -0.00448616
 -0.00500752
 -0.00149277
 0.000695849
  0.00164473
-0.000256493
 -0.00185074
  0.00231478
 0.000234946
 -0.00165236
 -0.00275482
 -0.00618365
  -0.0038045
 -0.00155901
 -0.00277052
  -0.0020139
-0.000540855
 -0.00327449
  -0.0045806
-0.000831645
  0.00069511
-0.000129876
 0.000455316
  0.00631017
 0.000762029
  0.00650255
  0.00946481
  0.00578853
 -0.00412759
 -0.00442247
 -0.00367752
  0.00125962
   0.0074763
  0.00482714
 0.000834247
 -0.00243471
 -0.00274757
  0.00257675
  0.00649404
 -0.00172972
 -0.00681989
 -0.00415843
  0.00217071
 -0.00155803
 0.000668209
  0.00299878
  0.00331255
 -0.00179328
  0.00924545
  0.00632264
  0.00844684
  0.00435147
  0.00361343
  0.00118986
 -0.00194138
  0.00105125
-6.01197e-06
  0.00419225
  0.00112218
  0.00406976
 -0.00290106
-0.000503523
 -0.00144842
  0.00414897
 -0.00218403
 5.14799e-06
-0.000669692
 -0.00148633
  9.1747e-05
-0.000100688
 -0.00156416
 -0.00166616
 0.000144887
-0.000976659
  0.00487159
  0.00436039
  0.00272553
-0.000605819
 -0.00613754
 -0.00126071
  0.00500505
  0.00166055
  0.00200756
  0.00246362
 -0.00189335
 -0.00239084
-0.000252977
-0.000964054
 -0.00152337
  0.00237893
 -0.00134807
 -0.00203063
-0.000767994
  0.00319119
  0.00705779
 0.000860458
  0.00151459
 -0.00530683
 -0.00327678
 -0.00427238
   0.0030927
   0.0005673
 0.000406771
  0.00143238
  0.00144943
-0.000454438
-0.000928827
  0.00499915
  0.00167265
  0.00429781
  0.00144053
  0.00307478
  0.00191897
  0.00116279
-0.000205341
  0.00577658
  0.00722836
  0.00574206
   0.0035293
-0.000740036
 -0.00503994
 -0.00297444
 -0.00257037
  0.00415139
  0.00136197
-0.000333764
 -0.00151664
   0.0036814
  0.00374775
  0.00341916
  0.00138035
 -0.00382095
 -0.00813419
  -0.0067122
 -0.00423968
  0.00195468
  0.00151827
  0.00492502
  0.00392071
-0.000905958
 -0.00189414
  0.00150762
  0.00201297
 -0.00561902
 -0.00563163
 -0.00200519
 0.000430596
 -0.00254029
 -0.00443161
 -0.00468764
 -0.00200585
 -0.00439647
 -0.00218087
 -0.00848696
  -0.0032484
-0.000177018
  0.00293093
 -0.00285659
 -0.00401183
  0.00108195
 0.000229694
-0.000494301
 -0.00350694
  0.00380623
-0.000653066
  0.00418122
  0.00291945
  0.00830227
  0.00676581
   0.0056838
  0.00496217
  0.00542605
  0.00227443
  0.00130185
 0.000306803
  -0.0013857
  -0.0016366
 0.000677431
 -0.00172104
 -0.00782262
 -0.00659922
 -0.00600119
 -0.00787491
-0.000789779
-0.000196092
 -0.00292342
 -0.00523994
 -0.00402306
-0.000846039
  0.00199277
-0.000987163
-0.000481288
 -0.00157578
  0.00314399
 -0.00291801
 -0.00216523
 -0.00396955
-0.000205694
 -0.00259283
  0.00022207
 -0.00196138
 0.000777537
-0.000864924
-0.000559072
 -0.00309783
 -0.00350092
 -0.00597974
 -0.00753169
 -0.00467678
 -0.00341897
 -0.00662261
 0.000692573
  0.00205284
-0.000181523
 -0.00439342
 -0.00611291
 -0.00539663
 0.000709916
 0.000642069
-0.000348619
  -0.0021849
 -0.00200841
 -0.00334358
 0.000121938
  0.00118972
  0.00385912
  0.00516195
 -0.00314906
 -0.00184505
 -0.00596397
-0.000831439
 -0.00558331
 -0.00154792
  0.00230076
  0.00402451
  0.00600495
-0.000533103
 0.000872442
 -0.00135564
 -0.00176058
 -0.00222543
-0.000211349
 0.000609192
 -0.00321835
  -0.0072511
 -0.00177085
 -0.00420863
 -0.00179586
 1.37648e-05
 0.000957615
 -0.00578378
 -0.00482555
-0.000772916
 0.000494705
 -0.00222215
 0.000704511
 -0.00153094
  0.00478493
   0.0126256
  0.00790655
 -0.00438818
  -0.0035128
 -0.00154664
 -0.00550871
 0.000929662
  0.00398876
  0.00494743
 -0.00299107
  0.00240382
-0.000129649
 -0.00213166
 0.000675709
  0.00406909
  0.00741418
  0.00279425
  0.00219828
 -0.00816254
 -0.00825413
 -0.00250529
  0.00247202
 -0.00190626
 -0.00388597
  -0.0015425
 -0.00138907
   0.0013452
  0.00117818
 -0.00232421
 -0.00383636
 -0.00220943
  0.00226684
  0.00191629
 -0.00292701
 -0.00352748
 -0.00482164
 -0.00444188
 -0.00378692
 -0.00295265
  0.00233814
 -0.00400447
 0.000618262
  0.00200521
 0.000443413
 -0.00443525
 -0.00436612
-0.000219047
 -0.00523818
 0.000236356
  0.00653019
  0.00419199
 -0.00187156
 -0.00347116
  -0.0034558
 -2.3455e-05
-0.000393193
-5.25228e-06
-0.000710217
 -0.00625542
 -0.00178283
-0.000510098
  0.00168557
 -0.00416903
 -0.00340831
 -0.00632891
 0.000541572
 -0.00202727
 0.000247002
 -0.00556302
 -0.00218181
  0.00311334
  0.00208167
-6.83285e-06
 -0.00635488
 -0.00602491
  0.00336419
  0.00485724
 -0.00213467
 -0.00106796
-0.000291524
 0.000454473
  -0.0026238
 -0.00413433
  -0.0047354
-0.000365993
  0.00255363
  0.00106206
-0.000196862
  -0.0004432
   0.0016723
  0.00244003
  0.00342638
-0.000778354
 -0.00095572
  0.00119969
    0.001222
-4.65945e-05
 -0.00189474
 -0.00430557
 0.000649772
 0.000563094
  0.00151186
  0.00195141
  0.00148547
  0.00764973
  0.00670814
  0.00475994
  0.00308154
  0.00418628
  -0.0026093
 -0.00504571
 -0.00332065
  0.00175814
  0.00786557
   0.0046765
 -0.00331527
-0.000272073
  0.00108098
 0.000352111
  0.00121777
   0.0022788
  0.00225799
  -0.0076517
  0.00305113
 0.000282052
  0.00315984
 -0.00485727
 -0.00130284
 -0.00893877
-0.000979902
-0.000812737
   0.0013058
   0.0019163
 -0.00153242
 -0.00147488
  -0.0031815
  0.00035032
  0.00350382
  0.00732019
  0.00212284
 0.000947972
 -0.00232256
  0.00338335
 -0.00107033
  0.00100841
 -0.00699881
-0.000197412
   0.0028809
  0.00738459
  0.00574938
  0.00323299
 -0.00638794
 -0.00434334
 -0.00510513
 -0.00595872
  -0.0033032
 0.000652763
  0.00200149
 0.000669425
 -0.00106649
 -0.00076488
  0.00417235
  0.00207061
 -0.00204569
 -0.00117702
 -0.00372597
 -0.00109223
 -0.00175823
  -0.0015231
  0.00245667
  0.00254571
 -0.00375053
 -0.00416973
 -0.00061558
  -0.0028186
-0.000499153
 -0.00160679
-0.000688929
 0.000605469
  0.00291707
  0.00389197
-0.000918621
 -0.00152828
 -0.00654252
  0.00173814
 0.000876521
  -0.0015336
  0.00127605
 -0.00571993
 -0.00335058
  0.00147174
  0.00540668
 -0.00171481
 -0.00115385
 -0.00293184
 -0.00422382
  0.00182721
  0.00283395
  0.00189082
  0.00274944
  0.00355968
  0.00107315
 -0.00279395
  -0.0018669
 -0.00440864
 -0.00520463
 -0.00395464
 -0.00227757
  0.00301555
  0.00315442
  0.00824173
  0.00335673
  0.00926063
  0.00869694
  0.00894045
-0.000743905
 -0.00307841
  0.00402395
 -0.00436076
 -0.00455464
 -0.00843405
  0.00116722
 -0.00203448
  0.00258953
 -0.00351535
 -0.00240326
 -0.00366982
   0.0011816
   -0.004128
 -0.00358991
 0.000938272
  0.00168272
  0.00270955
   0.0054822
  0.00706435
   0.0021085
  0.00261512
 -0.00740337
 -0.00107211
  0.00709154
  0.00891566
 0.000574017
 0.000158585
 -0.00232789
 -0.00747909
  -0.0104026
 -0.00831556
 -0.00512467
 0.000289116
 -0.00221758
 -0.00376307
 -0.00435961
  0.00839235
  0.00943548
  0.00359254
 -0.00458976
 -0.00165609
 -0.00437792
  0.00140703
  0.00298401
-5.53971e-05
 -0.00301886
 -0.00252107
  0.00185936
   0.0074589
  0.00298497
 -0.00326871
 -0.00169884
 -0.00503481
-0.000424827
 -0.00522913
 -0.00165849
  0.00270741
  0.00947604
   0.0104585
  0.00126933
 -0.00205475
 -0.00518867
  -0.0025422
 -0.00617999
  -0.0051061
 -0.00412818
 -0.00276243
  0.00568134
  0.00473503
  0.00315694
  0.00291263
  0.00225687
  0.00292233
 -0.00105858
 -0.00122241
  0.00135571
  0.00140482
 0.000108104
-0.000223801
 -0.00238909
  -0.0015514
-0.000287716
  0.00319879
  0.00413731
  0.00270297
  0.00400756
 0.000454619
 0.000348091
  0.00363731
  0.00653785
 7.28984e-05
 -0.00504882
 -0.00293518
  0.00116064
  0.00813879
-4.57601e-05
 -0.00670333
 -0.00810873
 -0.00342809
 -0.00239325
-7.33548e-05
  0.00249376
  0.00199857
  0.00445128
  0.00303835
  -0.0058266
 -0.00484854
 -0.00617836
 -0.00282804
 -0.00517421
  0.00324978
  0.00426412
 0.000629293
 -0.00458144
  -0.0098649
 0.000202062
  0.00449629
  0.00281636
 -0.00779634
   -0.013184
 -0.00535486
 -0.00390017
  0.00264357
 -0.00512299
 -0.00134604
 -0.00460198
 -0.00690308
   -0.002073
 -0.00172568
 -0.00638667
 -0.00833739
 -0.00653661
  0.00114405
  0.00664808
  0.00670998
  0.00592675
  0.00379804
  0.00677709
  0.00309906
 -0.00172254
 -0.00215442
-0.000520924
  0.00240324
  0.00165449
  0.00702695
  0.00496127
  0.00449467
 -0.00338796
 -0.00315938
  0.00128514
  0.00483108
 -0.00206335
 -0.00532954
  -0.0118635
 -0.00585258
 -0.00425868
 0.000503127
 -0.00737079
 -0.00131131
 0.000706577
  0.00414727
 0.000348364
  0.00142081
-0.000748716
 0.000346195
  0.00603146
  0.00439707
  0.00507943
 -0.00131748
 0.000711222
 0.000106408
  0.00373334
  0.00497193
  0.00204434
 0.000675022
 -0.00214707
 -0.00204254
 -0.00164894
  0.00469059
  0.00438606
  0.00677147
  0.00713832
  0.00476797
 -0.00150019
 -0.00518815
 -0.00398276
    -0.00156
-0.000179097
 -0.00241458
 -0.00149163
  0.00232088
-0.000328471
  -0.0039694
 -0.00415996
-0.000494096
  0.00208702
 -0.00339617
 -0.00338483
 -0.00583859
 0.000881253
  0.00398502
  0.00791212
  0.00452126
  0.00505359
 -0.00283164
 0.000402435
 0.000987516
 -0.00295433
 -0.00597477
 -0.00116417
 -0.00139721
  0.00117485
 -0.00691762
 -0.00526221
 -0.00227207
   0.0037874
-0.000384307
  0.00141096
-0.000531245
 1.00065e-05
  0.00116362
  0.00469783
 0.000765883
  -0.0024034
 -0.00257896
 -0.00294139
 -0.00188096
  0.00122737
-0.000153541
  0.00106431
 -0.00105735
 -0.00333194
 -0.00496779
 -0.00805095
 -0.00335173
  -0.0014975
 -0.00149518
  0.00167564
  0.00310724
  0.00294945
  0.00120379
 -0.00113085
-0.000683464
 -0.00293329
  0.00112854
  0.00367246
  0.00306835
  0.00393485
  0.00546506
  0.00366929
 -0.00145784
  0.00212044
  0.00522002
  0.00167733
   0.0052918
-0.000478102
  0.00252609
 -0.00120096
  0.00616541
  0.00527989
  0.00559255
 -0.00345643
  0.00124063
  0.00248222
   0.0125815
  0.00946248
   0.0071632
  0.00243251
 0.000110765
 -0.00237222
  0.00717698
  0.00471612
 -0.00118674
 -0.00679885
 -0.00128106
  0.00519568
  0.00237193
  0.00141665
 -0.00258005
 -0.00440524
 -0.00369539
  0.00384857
  0.00244689
   0.0011879
 -0.00118082
  0.00352534
 -0.00634065
  -0.0047702
 -0.00419524
 -0.00190416
  0.00245202
 -0.00336895
 -0.00146343
 -0.00607264
 -0.00146747
  -0.0041803
-0.000274707
 -0.00574743
 -0.00273004
  -0.0111051
 -0.00353892
-0.000508763
  0.00351148
 -0.00399841
  0.00291549
  0.00269047
   0.0055215
  0.00169652
  0.00119512
 -0.00714681
 -0.00226341
 -0.00505106
-0.000702858
 -0.00260389
 0.000684757
 0.000170117
 4.85059e-05
 -0.00109657
 -0.00246761
 -0.00288991
 0.000505396
 -0.00181435
  0.00219578
  0.00271613
  0.00357502
   0.0060628
  0.00100767
 -0.00124348
  0.00300462
 -0.00101729
-4.46104e-05
-0.000244799
  0.00517858
 0.000427576
  0.00432687
  0.00229552
  0.00620863
  0.00437486
   0.0023084
 0.000814102
   0.0015494
   0.0026118
  0.00202023
  0.00379259
  0.00267518
  0.00164819
 -0.00117896
 -0.00368187
  0.00171594
  0.00406618
  0.00353068
  0.00225877
-0.000761349
  0.00186713
  0.00422966
   0.0056507
   0.0094558
   0.0102757
 0.000454957
 -0.00477751
 0.000353044
  0.00229726
  0.00105999
  0.00167883
 -0.00267266
 -0.00292206
 0.000181381
 -0.00134004
 -0.00646932
 -0.00462762
-0.000334824
 -0.00199797
 -0.00847421
 -0.00466553
 -0.00188457
 -0.00243425
 -0.00293431
 -0.00426816
 -0.00223177
 -0.00243774
  0.00245981
 -0.00432031
 -0.00342631
   0.0040333
   0.0111037
  0.00839852
  0.00703202
  0.00330507
 -0.00259846
 -0.00857717
 -0.00610012
 0.000636935
  0.00295685
  0.00229108
 -0.00140728
-0.000260858
 -0.00901198
 -0.00340827
  0.00114826
  0.00429876
-0.000583902
 0.000664062
 -0.00211754
  0.00332128
  0.00636109
  0.00713338
  0.00300024
  0.00215644
-0.000802835
 -0.00193403
 -0.00135154
 -0.00127137
   0.0052579
  0.00624919
  0.00542706
  0.00287869
 0.000478392
  0.00134223
   0.0035441
 0.000787442
   0.0014341
 -0.00735734
 -0.00435145
  0.00184163
  0.00364988
   -0.004307
 -0.00245993
  0.00258038
 -0.00117747
 -0.00603984
 -0.00960617
  -0.0029433
-0.000829844
-9.51164e-05
 -0.00794552
 0.000294991
 0.000586656
  0.00323748
-0.000262284
  0.00167327
-0.000855801
  0.00450249
  0.00443227
  0.00395447
  0.00682473
  0.00931746
  0.00289509
 -0.00175186
 -0.00312237
 -0.00162897
 -0.00178728
 -0.00462036
 -0.00508814
  -0.0047741
  0.00504501
   0.0042192
  0.00187871
-0.000160233
  0.00202664
-0.000135037
 -0.00525981
  -0.0054642
 -0.00174718
  0.00312174
  0.00157923
 0.000180378
   0.0039167
  0.00314264
 0.000819794
 -0.00192784
 -0.00398821
 -0.00360818
 0.000854394
  0.00253022
  0.00371508
  0.00422989
  0.00500966
  0.00915502
  0.00256343
  0.00248657
  0.00419493
 -0.00116764
 -0.00775044
 -0.00513882
 0.000104336
  0.00318605
  0.00215191
  0.00231977
 -0.00296407
 -0.00421425
  -0.0103051
 -0.00729727
 -0.00358292
  0.00054453
 -0.00176788
 -0.00537561
 -0.00260781
  0.00201307
 0.000359906
 -0.00472305
 -0.00125601
 -0.00342233
 -0.00477404
  0.00237678
 -0.00119776
 0.000736496
 -0.00332787
-0.000976675
 0.000537226
   0.0059622
 0.000772677
 -0.00110762
  0.00129865
  0.00344648
  0.00151277
-0.000217509
 -0.00733233
 -0.00179521
  0.00400405
   0.0089947
  0.00187269
 -0.00123417
 0.000396421
  0.00497747
  0.00823438
 -0.00124143
-0.000773523
  9.9379e-05
  0.00577705
 -0.00271092
 -0.00514014
 -0.00597887
 -0.00448055
 -0.00383079
 -0.00262257
 -0.00383661
 -0.00188432
 -0.00165487
  0.00762833
  0.00454965
  0.00729107
  0.00183793
 -0.00305947
 -0.00145836
  0.00208465
 0.000223836
 -0.00128286
 -0.00289901
 -0.00362948
  0.00122788
 0.000824305
   0.0052437
  0.00250473
  0.00284787
 0.000246327
 0.000520019
 -0.00667009
 -0.00471329
  0.00466103
  0.00183179
 -0.00274327
 -0.00360004
  -0.0011276
 -0.00170912
  0.00231781
-0.000889107
  0.00227153
  0.00745716
  0.00481746
 0.000303758
  0.00255272
  0.00379671
  0.00217909
 -0.00422196
 -0.00863333
 -0.00253343
  0.00821596
  0.00364358
  0.00699579
 -0.00500762
  -0.0189667
  -0.0293399
  0.00552123
   0.0604249
   0.0725436
  -0.0406309
  -0.0643057
    0.029997
   0.0459504
     0.13556
   -0.280519
   -0.641556
    0.748623
