 0.000825133
 -0.00409823
 -0.00357851
 -0.00526912
 -0.00120586
 -0.00438849
 -0.00166667
  -0.0106449
 -0.00399281
 -0.00124906
  0.00389011
 -0.00240255
  0.00331566
    0.002371
  0.00463295
  0.00066804
 0.000547294
 -0.00701954
  -0.0021254
 -0.00531921
 -0.00199051
 -0.00383305
  0.00128904
  0.00128396
 0.000791798
-0.000864735
 -0.00221586
 -0.00235859
  0.00122602
 -0.00164466
   0.0025001
  0.00255948
  0.00394829
  0.00574875
  0.00156446
 -0.00221819
  0.00308424
 -0.00070429
  0.00060735
  3.4012e-05
  0.00535382
  0.00160585
  0.00429467
  0.00257358
  0.00624815
  0.00481883
  0.00300851
  0.00149057
  0.00166224
  0.00265288
  0.00300992
  0.00306226
  0.00159151
  0.00145828
 -0.00116691
 -0.00320171
   0.0011461
  0.00430378
  0.00295409
  0.00283698
 0.000724567
   0.0023315
  0.00267089
   0.0034046
  0.00687061
  0.00906374
  0.00102854
 -0.00386749
 0.000415681
  0.00143457
  0.00264001
  0.00277174
 -0.00123736
 -0.00264234
-0.000831028
 -0.00340457
 -0.00753839
 -0.00574884
-0.000413599
 -0.00272598
 -0.00824351
 -0.00455748
 -0.00103868
 -0.00136453
 -0.00271654
 -0.00348152
 -0.00179157
 -0.00220852
  0.00197275
 -0.00366064
 -0.00314475
  0.00435762
   0.0104045
  0.00757286
  0.00523643
  0.00399367
 -0.00197245
 -0.00937653
 -0.00730485
 0.000261551
  0.00331457
  0.00150929
 -0.00189047
-4.60089e-05
 -0.00849764
  -0.0037264
  0.00246988
   0.0046653
  -0.0001563
 0.000552052
 -0.00196503
  0.00227365
  0.00427302
   0.0069834
  0.00366912
  0.00262473
  -0.0010825
 -0.00251067
 -0.00173633
-0.000620848
  0.00790235
   0.0103975
  0.00782124
  0.00452446
 0.000467726
  0.00108244
  0.00349858
  0.00203329
  0.00147592
 -0.00642349
 -0.00427838
  0.00180891
   0.0019519
 -0.00463992
 -0.00245656
   0.0024876
 1.78453e-05
 -0.00442878
 -0.00802064
 -0.00335439
 -0.00121556
-0.000873146
 -0.00667702
  0.00148478
  0.00114015
  0.00257514
-0.000317275
-6.60813e-05
 -0.00072011
  0.00484013
  0.00414493
  0.00271835
  0.00553028
  0.00768553
  0.00225057
 -0.00175251
 -0.00205302
-0.000344608
-0.000573769
 -0.00451091
 -0.00580955
 -0.00502403
  0.00487893
  0.00356421
  0.00125129
 -0.00143222
  0.00181667
 0.000528295
 -0.00449915
 -0.00601688
 -0.00230609
  0.00294361
   0.0015495
  0.00167453
  0.00512213
  0.00275779
 0.000432316
 -0.00224632
 -0.00491773
 -0.00392673
 0.000855599
  0.00243153
  0.00259043
  0.00422105
  0.00605609
   0.0114599
  0.00340406
  0.00197645
  0.00268146
 -0.00209051
 -0.00807936
  -0.0050374
-2.39868e-05
  0.00397803
  0.00158885
   0.0022516
 -0.00341114
 -0.00392018
 -0.00946853
    -0.00799
 -0.00439612
 0.000267894
-0.000344741
 -0.00454398
 -0.00104478
  0.00316963
  0.00167726
 -0.00376774
  0.00021634
 -0.00230697
 -0.00425943
  0.00319262
-0.000258027
  0.00185254
 -0.00165507
  0.00144635
  0.00211782
  0.00610557
-0.000768758
 -0.00181292
   0.0015016
  0.00465401
  0.00375772
   0.0009095
 -0.00695315
 -0.00205653
  0.00371579
  0.00886742
  0.00119491
 -0.00156882
-0.000484045
  0.00399697
  0.00755082
  -0.0011943
 -0.00111391
-0.000528396
  0.00528227
 -0.00318491
 -0.00453836
 -0.00581032
 -0.00365133
 -0.00415403
 -0.00366474
 -0.00629134
  -0.0032087
-0.000836859
  0.00817088
  0.00570381
  0.00616726
 0.000787414
 -0.00244967
-0.000202156
  0.00168604
-0.000275885
 -0.00230349
 -0.00230605
 -0.00328661
  0.00161797
-0.000285081
  0.00442173
   0.0015309
  0.00178173
-0.000133355
  0.00119773
 -0.00536981
  -0.0043323
  0.00354194
  0.00158111
 -0.00149518
  -0.0023984
 0.000517756
 -0.00161435
  0.00195532
 -0.00143189
  0.00138774
   0.0063652
  0.00350359
-0.000281778
  0.00134763
  0.00424741
  0.00167267
 -0.00414417
 -0.00869966
 -0.00205659
  0.00749398
  0.00404041
  0.00641719
  -0.0046186
  -0.0199522
  -0.0298562
  0.00488033
    0.060433
    0.072684
   -0.039626
  -0.0634611
   0.0293873
   0.0462682
    0.135714
   -0.279773
   -0.641488
    0.988162
