  -0.0180451
   0.0146606
   0.0114161
  0.00796457
  -0.0242624
  -0.0280522
  -0.0394008
 -0.00260993
  -0.0444419
   -0.024364
  -0.0282139
  0.00123356
  0.00485868
  0.00470643
  -0.0167743
  -0.0654935
  -0.0116126
   0.0105376
  -0.0147136
  -0.0538467
  -0.0657653
  0.00495502
  -0.0108877
  -0.0290213
 -0.00448551
  0.00227295
  -0.0237656
   -0.046372
 -0.00450671
  -0.0248936
  -0.0409517
   0.0495235
  0.00637785
   0.0586974
  0.00568931
  -0.0118396
  -0.0849983
  -0.0286356
   0.0370284
   0.0548071
  0.00563517
   0.0311747
  -0.0103637
  0.00353449
   0.0116804
  -0.0248434
  -0.0276408
  -0.0447987
  -0.0208005
 -0.00434694
   0.0691271
   0.0278342
  0.00251286
  -0.0127762
   0.0147898
  -0.0224564
   0.0158403
  -0.0242452
 -0.00795706
-0.000308697
   0.0136664
  -0.0172887
  -0.0477035
  -0.0160438
 -0.00138669
  0.00627369
  0.00224189
  -0.0211383
  0.00908711
   0.0123072
   0.0439998
   0.0407159
    0.045918
   0.0116835
  -0.0324827
   -0.037138
  -0.0399056
  -0.0937331
   -0.023413
  -0.0296387
 -0.00376763
  0.00958546
   0.0215351
   0.0016046
  -0.0248794
   0.0146268
   0.0452318
   0.0586709
   0.0351394
 -0.00726346
  -0.0106986
   0.0217852
   0.0823777
   0.0467865
  -0.0310523
  0.00845826
    0.023613
   0.0065335
   0.0191746
  -0.0319246
  -0.0148113
  -0.0104466
   0.0105515
  -0.0113053
 -0.00297419
  -0.0492713
  -0.0118704
 -0.00778006
  -0.0437414
   0.0271129
   0.0171349
   0.0114922
  -0.0498898
  -0.0176317
  -0.0181872
  -0.0344808
  -0.0505401
 -0.00941018
 -0.00309421
   0.0159597
   0.0455796
   0.0262039
   0.0278355
    0.042988
   0.0132963
 -0.00283102
   0.0667827
   0.0275077
  -0.0719257
   -0.057026
  -0.0372347
  -0.0440359
  -0.0531233
  -0.0418286
   0.0489022
  -0.0108865
  -0.0296512
   -0.016976
 -0.00266987
 -0.00924377
   0.0397756
   0.0391678
 -0.00710221
  -0.0282161
   0.0268719
 -0.00232435
   0.0061786
  -0.0717096
  -0.0715613
  -0.0262503
  -0.0121796
  -0.0105844
  -0.0466592
   0.0184901
  -0.0298927
 -0.00330095
   0.0285112
   0.0125674
 1.41005e-05
   0.0426419
  -0.0052283
 0.000875784
   0.0156463
-0.000853333
  -0.0380555
  -0.0385827
  -0.0405057
  -0.0274353
  -0.0289458
  -0.0274544
  -0.0188614
  -0.0196493
  -0.0244807
 -0.00574189
 -0.00475114
  -0.0317017
  -0.0439391
 -0.00596885
  -0.0727079
  -0.0428374
 -0.00301733
 -0.00360077
  -0.0255114
  -0.0399011
   0.0391411
   0.0341271
  -0.0463299
  -0.0472729
  -0.0392587
  0.00142294
   0.0411825
   0.0267928
    0.053971
   0.0139473
  -0.0768793
   -0.041219
   0.0389594
    0.018396
   0.0591941
   0.0411297
   0.0097484
   0.0575662
   0.0506885
   0.0115489
 0.000283613
 -0.00640925
  -0.0101635
  -0.0350119
   0.0162202
  -0.0295707
   -0.061416
 -0.00825399
   0.0649737
    0.109733
  0.00639731
   0.0354089
   0.0676475
     0.16705
   0.0669949
   0.0386049
 -0.00454944
  -0.0105955
 -0.00420927
   0.0535263
  -0.0536458
  -0.0110659
   0.0146981
   0.0608479
   0.0139647
  -0.0165701
   0.0319862
  -0.0163633
  -0.0264485
  -0.0536245
  -0.0128604
    0.004888
  -0.0459666
   0.0284763
    0.021513
   0.0257715
 -0.00190904
   -0.077333
    -0.10976
   -0.100663
 -0.00750234
  -0.0513619
  0.00926991
  0.00681172
   0.0648763
   0.0209291
   0.0398242
  0.00732893
 -0.00588546
  -0.0147942
   0.0527617
   0.0248156
    0.107381
  0.00190797
  0.00700992
    0.023372
  -0.0224055
  -0.0175008
 -0.00989635
  0.00781182
  0.00534694
   0.0481457
   0.0339752
  0.00482972
   0.0456278
   0.0462353
   0.0643716
   -0.042755
  -0.0728231
  -0.0448361
  0.00934084
   0.0431093
  -0.0355757
  -0.0529851
  -0.0507804
  0.00278691
   0.0658322
  -0.0283585
  -0.0452153
  -0.0513727
  -0.0441594
   0.0256421
   0.0222096
   0.0903392
  -0.0171537
  -0.0265682
  -0.0155562
   0.0740449
    0.078843
  -0.0148849
  -0.0976995
   -0.015438
   0.0219238
    0.165394
   -0.285353
   -0.602757
     1.41315
