 -0.00367305
-0.000436141
 0.000888914
  0.00189476
  0.00291063
  0.00330244
  0.00298727
 -0.00105784
-0.000473865
  0.00409062
  0.00199142
  0.00466728
  -0.0032634
  -0.0014367
 -0.00504014
 -0.00122137
 0.000616821
  0.00403161
  0.00421345
  0.00366281
  0.00521058
 -0.00164529
  0.00205853
   0.0026256
  0.00885164
 0.000850557
 -0.00246962
 0.000276554
  -0.0018728
 0.000220198
 -0.00269985
-0.000968078
 -0.00652635
 -0.00310912
 0.000851032
 -0.00041886
 0.000357062
  0.00314827
  0.00260345
  0.00252218
  0.00240464
  0.00081412
 0.000343308
   0.0008213
  0.00588523
  0.00462475
  0.00281266
  0.00499751
  0.00181329
  0.00361854
 -0.00101871
  0.00219061
  0.00689709
  0.00525718
  0.00319137
 -0.00396014
   0.0035562
-0.000555053
 -0.00055425
 -0.00619068
 -0.00798084
 -0.00734055
 -0.00410737
  0.00613482
  0.00409567
-0.000950543
 -0.00573327
-0.000728911
-0.000891646
 0.000180253
 -0.00132762
 -0.00145252
-1.15738e-05
  0.00231078
  0.00199188
 -0.00574061
 -0.00784599
 -0.00108003
  0.00250044
  0.00101724
  0.00254999
 -0.00105533
-2.40859e-05
 -0.00451585
 -0.00205696
  0.00192262
  0.00826375
  0.00339145
 -0.00223373
 -0.00189142
   0.0022152
  0.00328434
 -0.00358826
 -0.00408459
 -0.00116476
  0.00167874
   0.0015389
 -0.00581574
 -0.00690799
 -0.00681497
 -0.00267952
 -0.00398584
 0.000471326
 0.000296288
-9.09343e-05
  0.00228163
  0.00570897
  0.00880613
  0.00802668
  0.00598348
 -0.00255789
  0.00041067
-0.000340454
 -0.00266084
 -0.00352772
 0.000621433
  0.00253498
 -0.00231415
-3.11139e-06
 -0.00291127
 -0.00203542
  -0.0041992
    0.002736
  0.00193762
-0.000236843
  0.00199704
  0.00126639
 -0.00175219
 -0.00290104
 0.000734151
-0.000805987
  0.00300501
  0.00463258
 -0.00402551
 -0.00475968
  0.00638381
  0.00288928
  0.00223607
  0.00548547
  0.00151092
  0.00125671
   0.0037739
  0.00252561
  0.00123785
  0.00548214
  0.00610863
  0.00584159
 -0.00213729
 0.000661164
 -0.00237007
 1.20372e-06
  0.00110274
 -0.00502237
 -0.00290868
 -0.00497807
 -0.00157065
 -0.00213206
  -0.0031312
-0.000286574
 0.000710896
  0.00138613
 0.000202003
-0.000194313
 -0.00231908
-0.000178491
  0.00337297
 -0.00217511
  0.00314642
-0.000288717
 0.000703513
 -0.00280104
  0.00729786
  -0.0022216
 -0.00124255
 -0.00393172
  0.00365575
  -0.0018632
-0.000966079
   -0.001681
 -0.00214583
  0.00238943
 0.000946236
 0.000248218
 -0.00156326
 -0.00640283
 -0.00319798
 -0.00779693
 -0.00122004
  0.00693105
  0.00612064
  0.00382043
 -0.00183524
 -0.00145911
 -0.00215255
  0.00343628
 -0.00227777
 -0.00501258
 -0.00555281
  0.00351282
  0.00664132
  0.00799027
 0.000188551
  0.00243483
  0.00119214
  0.00154478
  0.00144315
 0.000871597
 0.000284373
  0.00203326
  0.00357761
  0.00603932
 3.25201e-05
 -0.00754614
  -0.0058754
  0.00304133
  0.00478466
  0.00636031
  -0.0035438
 -0.00409229
 -0.00102247
  0.00844286
  0.00604675
  0.00327855
  -0.0010349
  0.00157652
  0.00169253
 -0.00406754
 -0.00545133
 -0.00575424
  0.00358998
  0.00319798
-0.000701834
  0.00182179
 -0.00193816
-0.000474175
-0.000790236
  0.00809869
  0.00677007
  0.00717298
  0.00196199
  0.00446558
-0.000171097
 -0.00623208
 -0.00832835
 -0.00588605
 -0.00328468
 0.000572043
 0.000360159
 -0.00246425
  0.00210684
  0.00553052
  0.00350199
  0.00299267
 -0.00107367
  0.00547993
  0.00534507
  0.00387496
   -0.001403
 -0.00265173
 -0.00388975
 -0.00152591
  0.00335654
  0.00113121
 -0.00229917
-0.000499729
  0.00237955
  0.00173099
  0.00269183
-0.000814227
-0.000200612
 -0.00340663
 -0.00471791
 -0.00709942
 -0.00158456
 0.000207044
  0.00198038
-0.000326897
 0.000292127
 -0.00272886
 0.000794224
 0.000279263
  0.00352475
  0.00526194
 -0.00395033
 -0.00332447
 -0.00064791
 -0.00317473
  -0.0034049
 -0.00254857
-0.000466931
-0.000364407
 -0.00236306
 -0.00645612
 -0.00372375
 -0.00604339
 -0.00061729
  0.00225507
 0.000450026
  0.00240826
  0.00366428
  0.00254358
 0.000428654
  0.00276038
  0.00418713
 -0.00189872
 -0.00184506
 -0.00428371
 -0.00633271
-0.000671594
  0.00267051
  0.00677942
  0.00443542
  0.00285825
  0.00346975
  0.00267845
  0.00200083
 -0.00188483
 -0.00260445
 -0.00332339
 0.000718179
 0.000871495
 0.000715725
 -0.00160138
 -0.00132712
  0.00244923
  0.00739034
 -0.00102488
 -0.00257885
 -0.00687286
 -0.00307837
-0.000418993
  0.00738015
  0.00736716
  0.00545749
  0.00436131
  0.00125025
  -0.0033043
  -0.0107872
 -0.00531496
  0.00478736
   0.0074927
 -0.00169251
 0.000356599
  0.00273157
 0.000808747
 0.000763335
  0.00252083
  -0.0066116
 -0.00712924
 -0.00644509
 -0.00362291
  0.00151409
  0.00193438
 -0.00548011
 -0.00251593
 -0.00349926
 0.000412854
  0.00175997
  0.00044153
 0.000159327
  0.00238479
  0.00515499
 -0.00741938
  -0.0112327
 -0.00340466
-0.000284549
  -0.0035912
 -0.00172458
  0.00379768
-0.000622923
  0.00076425
  0.00454557
  0.00120885
 -0.00205116
-0.000187168
 -0.00326727
 -0.00278222
 -0.00143777
  0.00149683
  0.00379816
  0.00336201
  0.00146576
  0.00260471
 -0.00326209
 -0.00705373
  -0.0044928
  0.00276088
 3.23451e-05
  0.00349746
  0.00205655
-0.000950401
  0.00104056
 -0.00291731
 -0.00322265
 0.000948208
  0.00378943
  0.00765566
  0.00451501
-0.000553786
  0.00433685
  0.00213533
   0.0040147
  0.00396391
  0.00451641
 -0.00356402
 -0.00560583
 -0.00613954
   0.0042793
  0.00596743
  0.00885988
  0.00207289
 -0.00327232
 -0.00477899
  -0.0037026
  0.00254603
 -0.00281516
 -0.00297678
 0.000862589
  0.00435075
  0.00361565
  0.00063069
-0.000652216
 -0.00232231
 -0.00119159
 -0.00246978
  0.00334153
 -0.00178127
 -0.00409209
 -0.00259172
  0.00603624
  0.00786838
  0.00430195
  0.00466725
-0.000698212
 -0.00391505
 -0.00500841
 -0.00188906
 9.15256e-06
  0.00182073
-1.97223e-05
 -0.00154675
  0.00180993
-0.000101154
 -0.00204847
 -0.00215854
  -0.0055391
 -0.00331663
 -0.00142792
 -0.00312796
 -0.00191076
-0.000462179
 -0.00364884
 -0.00557674
  -0.0011335
   0.0011286
 2.77166e-05
 0.000681525
   0.0049563
 0.000616044
  0.00596766
  0.00929646
  0.00503349
 -0.00509328
  -0.0047074
 -0.00496044
  0.00114472
  0.00730706
  0.00487943
 0.000725116
 -0.00176997
 -0.00271829
   0.0025147
  0.00655308
 -0.00191472
 -0.00662654
 -0.00433041
  0.00204662
 -0.00147365
 0.000770756
  0.00259893
  0.00269268
 -0.00163576
  0.00915875
  0.00577626
  0.00864113
  0.00451628
  0.00462437
  0.00219071
 -0.00114599
 0.000658059
 3.58908e-05
  0.00407274
  0.00130952
  0.00329016
 -0.00255849
-0.000366206
-0.000570255
  0.00388735
 -0.00241761
-3.79884e-05
 -0.00107231
 -0.00144616
 0.000886074
 0.000964708
-0.000688785
  -0.0014123
-0.000169646
-0.000781039
  0.00545177
  0.00506161
  0.00298648
 -0.00104386
 -0.00727176
 -0.00218575
  0.00410471
  0.00137104
  0.00235355
  0.00201154
 -0.00244207
 -0.00363781
 -0.00153195
 -0.00142781
 -0.00023177
  0.00339019
-0.000162599
 -0.00154292
 -0.00106704
  0.00331292
  0.00760006
  0.00113424
  0.00114392
 -0.00578696
 -0.00367614
 -0.00352833
  0.00395503
 0.000897865
 0.000165164
 0.000952604
  0.00107488
 0.000691061
 0.000358911
  0.00518916
  0.00086268
  0.00347592
 0.000191448
  0.00194989
  0.00107157
 0.000923688
-0.000700524
  0.00451469
  0.00646397
  0.00559756
  0.00522864
 0.000347747
 -0.00392743
  -0.0030431
 -0.00251365
  0.00382087
  0.00128325
 0.000465237
 -0.00139093
  0.00415337
  0.00427156
  0.00332132
 0.000684019
 -0.00418422
 -0.00838766
 -0.00727775
 -0.00461388
  0.00118113
 6.31768e-05
  0.00412234
  0.00339159
 -0.00149515
 -0.00329727
  0.00159828
  0.00255844
 -0.00518361
 -0.00575652
 -0.00268136
-0.000122276
  -0.0021605
 -0.00314109
 -0.00387158
 -0.00283084
 -0.00441025
 -0.00249387
 -0.00800233
 -0.00290585
  0.00120897
  0.00317916
 -0.00365008
 -0.00386577
 0.000685663
 0.000499904
-0.000478434
 -0.00271728
  0.00418201
 0.000340758
  0.00403522
  0.00222576
  0.00686083
  0.00506617
  0.00525302
   0.0053323
   0.0055942
  0.00238854
  0.00115429
-0.000856289
 -0.00200063
-0.000803839
  0.00255842
 -0.00117962
 -0.00687143
 -0.00648533
 -0.00645312
 -0.00749309
 0.000190441
  0.00160186
 -0.00131883
 -0.00400345
 -0.00402448
 -0.00172963
  0.00116542
 -0.00161179
 0.000150607
-0.000888853
   0.0030264
 -0.00288572
 -0.00235294
 -0.00312244
 -0.00042184
 -0.00259823
-0.000132451
 -0.00194975
  0.00130677
-0.000681879
 -0.00114229
 -0.00397193
 -0.00426577
 -0.00680816
  -0.0082801
 -0.00423814
 -0.00394888
 -0.00777581
-0.000860157
  0.00223505
  0.00159302
  -0.0024906
 -0.00479846
 -0.00551334
 0.000692411
 0.000445819
 0.000546236
 -0.00258186
 -0.00236222
 -0.00342918
 0.000309485
  0.00114267
  0.00407168
  0.00509427
 -0.00348443
 -0.00224705
 -0.00665928
-0.000701318
  -0.0044741
-0.000105765
  0.00370393
  0.00465883
  0.00585312
-0.000497012
 0.000479323
 -0.00221178
 -0.00268264
 -0.00214373
-0.000187063
-9.15088e-05
 -0.00420871
 -0.00740535
 -0.00140065
 -0.00380927
 -0.00161235
-0.000156117
 0.000247535
 -0.00520028
 -0.00477099
 -0.00183749
-1.56029e-07
-0.000849065
 0.000951063
 -0.00176026
  0.00491476
   0.0122832
  0.00712891
   -0.004986
 -0.00320892
 -0.00041235
 -0.00438331
 0.000742089
  0.00265983
  0.00363914
 -0.00291437
  0.00296741
 0.000440858
 -0.00164742
  0.00165011
  0.00460068
  0.00705174
  0.00335632
  0.00346949
 -0.00855106
 -0.00842549
 -0.00283629
  0.00269264
 -0.00181861
 -0.00367014
 -0.00169951
 -0.00111811
  0.00187732
  0.00202781
 -0.00200333
 -0.00349692
 -0.00153924
  0.00245014
  0.00298806
  -0.0016508
 -0.00239911
 -0.00412144
 -0.00426092
 -0.00426813
 -0.00289902
  0.00318709
  -0.0037893
 0.000352678
 0.000236175
 2.66125e-05
 -0.00443906
 -0.00312995
-0.000399885
 -0.00481121
 0.000405231
  0.00633555
  0.00320611
 -0.00199938
 -0.00447677
 -0.00472973
 -0.00116412
-0.000590397
 0.000743695
 0.000442829
 -0.00496944
 -0.00133516
-0.000431738
  0.00199913
  -0.0030644
 -0.00235832
 -0.00569052
-0.000405898
 -0.00284628
-0.000710385
 -0.00535021
 -0.00118655
  0.00341098
 0.000945766
 -0.00167354
 -0.00708477
 -0.00560866
   0.0046071
  0.00555333
 -0.00237224
 -0.00191772
 -0.00189044
  -0.0011903
 -0.00321938
 -0.00487771
  -0.0046147
-0.000524427
  0.00247857
   0.0012465
 0.000327513
 8.79143e-05
  0.00108949
  0.00290899
  0.00443321
  0.00112087
-0.000125243
  0.00177396
 0.000559878
 1.41289e-05
 -0.00120329
 -0.00287686
  0.00148739
  0.00144252
 0.000904076
-0.000345529
-0.000315825
    0.008051
  0.00766387
  0.00507007
  0.00181191
  0.00230811
 -0.00411304
 -0.00502449
 -0.00285696
  0.00138007
  0.00800435
  0.00446097
 -0.00402905
-0.000976207
  0.00127183
 0.000743639
  0.00200118
  0.00311447
  0.00355396
  -0.0069694
  0.00332693
 0.000644812
  0.00317283
  -0.0045181
-0.000877645
 -0.00820598
 -0.00108562
-0.000923102
 0.000755863
  0.00156096
-0.000960711
 -0.00173311
 -0.00294032
 0.000856622
  0.00400874
  0.00646793
  0.00151599
 0.000577329
 -0.00166451
  0.00373504
-0.000731346
-0.000249559
 -0.00756948
-0.000365229
  0.00263684
  0.00664988
  0.00590318
  0.00420343
 -0.00477058
 -0.00250752
  -0.0032297
 -0.00452541
 -0.00306408
 0.000145552
 0.000813822
 0.000939884
-0.000340996
 -0.00083315
  0.00234061
-0.000804523
 -0.00528486
 -0.00241293
 -0.00463615
 -0.00132093
 -0.00164335
-0.000922357
  0.00235449
  0.00221717
 -0.00403016
 -0.00425904
 -0.00124712
 -0.00282705
-0.000975358
  -0.0018176
 -0.00144392
-0.000630653
  0.00154684
  0.00231692
 -0.00114389
 -0.00138139
 -0.00561944
  0.00235389
 0.000454899
 -0.00178413
   0.0011404
 -0.00426408
 -0.00207486
   0.0016855
  0.00452798
 -0.00229086
  -0.0016058
 -0.00351579
 -0.00326279
  0.00103318
  0.00284837
  0.00162933
  0.00364502
  0.00382712
  0.00211453
 -0.00239799
 -0.00150492
 -0.00441588
 -0.00523825
 -0.00404117
 -0.00214575
  0.00319088
  0.00322737
  0.00831615
  0.00352431
   0.0093379
  0.00917586
   0.0100286
-0.000110071
 -0.00168544
  0.00488156
 -0.00329498
 -0.00288953
 -0.00783898
 0.000807771
 -0.00296879
  0.00165273
 -0.00470722
 -0.00323584
 -0.00348942
  0.00233396
 -0.00259349
 -0.00237471
  0.00147794
  0.00131426
  0.00313472
  0.00583977
   0.0079775
  0.00380085
  0.00365485
 -0.00583571
-0.000814149
  0.00601226
  0.00739946
-0.000103958
  0.00133599
 -0.00229933
  -0.0074482
  -0.0110437
 -0.00836265
 -0.00524377
 0.000828808
  -0.0016027
 -0.00270418
 -0.00373582
  0.00837033
  0.00904086
  0.00343805
 -0.00468239
 -0.00147432
 -0.00459837
 0.000242048
  0.00206513
 -0.00139802
 -0.00269762
 -0.00222194
  0.00307273
  0.00707405
  0.00336114
 -0.00404573
 -0.00187453
 -0.00506617
-0.000407538
 -0.00494701
 -0.00160885
  0.00302574
   0.0093618
  0.00979081
  0.00117574
 -0.00226302
 -0.00405288
 -0.00202061
 -0.00493826
 -0.00529152
 -0.00411744
 -0.00287703
  0.00578847
  0.00541534
  0.00369175
  0.00297936
  0.00264629
  0.00261287
 -0.00150712
-0.000688554
  0.00115675
  0.00113974
-8.02528e-05
-0.000275031
 -0.00271952
 -0.00218583
-2.05683e-06
  0.00342249
  0.00391059
  0.00251551
  0.00355131
 8.43333e-05
 -5.4051e-05
  0.00370978
  0.00677577
-5.70466e-05
 -0.00552089
 -0.00311482
  0.00156884
  0.00879757
 0.000801063
 -0.00563101
 -0.00696919
 -0.00261112
 -0.00233497
-0.000889748
  0.00136264
  0.00145142
  0.00358079
  0.00324529
 -0.00474409
   -0.003217
 -0.00579328
 -0.00267179
 -0.00494427
  0.00326312
   0.0043753
  0.00080864
 -0.00493944
 -0.00978928
 6.54943e-05
  0.00472331
  0.00313316
 -0.00785247
  -0.0140838
 -0.00525024
  -0.0030272
  0.00327729
 -0.00495695
-0.000879444
 -0.00459042
 -0.00691127
  -0.0022822
 -0.00136543
 -0.00583542
 -0.00723984
 -0.00510016
 0.000963811
  0.00648968
  0.00696713
  0.00699373
  0.00365342
  0.00601583
  0.00118924
 -0.00252663
 -0.00202767
-0.000193932
  0.00222887
  0.00167291
  0.00689777
  0.00480807
  0.00504214
 -0.00291004
 -0.00187717
   0.0016526
  0.00392821
 -0.00345858
 -0.00419008
 -0.00942483
 -0.00345481
 -0.00475527
-0.000286124
 -0.00728838
 -0.00124842
 0.000664192
  0.00351684
-0.000138931
 0.000683515
 0.000821282
  0.00173366
  0.00724023
  0.00533297
  0.00562916
 -0.00188401
 1.72712e-05
 0.000134082
  0.00354529
  0.00536968
  0.00173535
 0.000200947
 -0.00266446
 -0.00196283
  -0.0015976
  0.00443668
  0.00344398
  0.00609828
  0.00653091
  0.00547398
 0.000363187
 -0.00443795
 -0.00437148
 -0.00243693
-0.000301106
 -0.00199076
-0.000159601
  0.00224596
 0.000402231
 -0.00374112
  -0.0042534
  -0.0021043
   0.0019944
  -0.0029046
 -0.00167622
 -0.00392461
   0.0011375
  0.00388399
  0.00869299
  0.00473881
  0.00572962
 -0.00188526
  0.00140498
 0.000839902
  -0.0030186
 -0.00518432
-0.000823818
 -0.00122448
 0.000990625
 -0.00655375
 -0.00426497
 -0.00239311
  0.00361141
  -0.0015895
 0.000441865
-0.000112275
 0.000716994
 0.000995169
  0.00345258
 0.000243852
 -0.00282891
  -0.0020559
 -0.00204131
 9.73726e-05
  0.00209948
-0.000408748
-0.000116777
 -0.00202035
 -0.00371525
 -0.00401152
 -0.00750406
 -0.00425723
 -0.00190657
 -0.00132252
 0.000997388
  0.00215235
   0.0018267
 0.000523396
 -0.00226472
 -0.00146825
 -0.00350618
   0.0017247
  0.00409496
   0.0036961
  0.00425014
  0.00686205
  0.00452645
 -0.00100413
  0.00127698
  0.00419808
   0.0013043
    0.004986
 0.000121884
  0.00315517
-0.000679238
  0.00593856
  0.00506809
  0.00531752
 -0.00301312
  0.00164534
  0.00274718
   0.0128598
  0.00841268
  0.00659816
  0.00260748
 0.000402868
  -0.0029111
  0.00657622
  0.00485684
 -0.00140751
 -0.00562851
-0.000456003
  0.00528623
  0.00260873
  0.00127169
 -0.00260109
 -0.00379341
 -0.00278416
  0.00493119
  0.00312931
  0.00124758
  -0.0007455
  0.00444951
 -0.00557265
  -0.0050851
 -0.00496509
 -0.00281902
  0.00200416
 -0.00329627
 -0.00120022
 -0.00617141
 -0.00212787
 -0.00473119
-0.000391944
 -0.00453162
 -0.00189827
  -0.0101949
 -0.00366906
 -0.00118973
  0.00304883
 -0.00300062
   0.0027378
  0.00258859
  0.00515158
   0.0017011
 0.000754072
  -0.0067661
 -0.00133286
 -0.00439778
 -0.00106171
 -0.00398934
 0.000685017
 0.000595801
 0.000605329
 -0.00112157
 -0.00285937
 -0.00321453
 0.000469281
 -0.00153529
  0.00224539
  0.00152992
   0.0032687
  0.00583537
  0.00124131
 -0.00133309
  0.00334643
 -0.00081751
 0.000179738
-0.000339391
  0.00460987
 5.30434e-05
     0.00367
  0.00203855
  0.00627801
  0.00566556
  0.00323935
  0.00128108
  0.00186431
  0.00201013
  0.00196692
  0.00253176
  0.00194978
  0.00111882
-0.000943629
 -0.00293125
  0.00201441
   0.0043886
  0.00282136
  0.00221748
  0.00023826
  0.00199791
  0.00363813
  0.00400708
  0.00775334
  0.00987737
  0.00123889
  -0.0041269
 0.000609429
  0.00238013
  0.00230278
  0.00256292
 -0.00171608
 -0.00335502
  -0.0014565
 -0.00248067
 -0.00649203
 -0.00423969
-0.000129715
 -0.00276391
  -0.0085648
 -0.00407885
    -0.00108
 -0.00127464
 -0.00191919
 -0.00337253
 -0.00181498
 -0.00240063
   0.0023205
 -0.00396005
 -0.00339809
   0.0039636
  0.00989185
  0.00721869
  0.00573063
  0.00334145
 -0.00298627
  -0.0101621
 -0.00757219
 0.000625163
  0.00324186
   0.0022717
 -0.00188859
-0.000129359
 -0.00837363
 -0.00242313
  0.00252073
  0.00459475
-0.000342159
 0.000615897
 -0.00233821
   0.0022288
  0.00529604
  0.00778645
  0.00388388
  0.00280067
 -0.00160634
 -0.00301257
  -0.0021725
 -0.00151333
  0.00615028
  0.00857938
  0.00660646
  0.00350613
 0.000377101
  0.00117514
  0.00266778
  0.00145913
  0.00229677
 -0.00673724
 -0.00431812
  0.00167343
  0.00298554
 -0.00434162
 -0.00272239
  0.00236411
 -0.00102343
 -0.00485244
 -0.00877804
 -0.00298732
 -0.00266172
-0.000826204
 -0.00725663
  0.00241139
  0.00203853
  0.00386802
-0.000110507
 0.000958772
-0.000214375
  0.00539112
   0.0048558
  0.00349228
  0.00611754
  0.00797069
   0.0030155
  -0.0015727
 -0.00247812
  -0.0011851
 -0.00117551
 -0.00445567
 -0.00527532
 -0.00411365
   0.0053985
  0.00441124
 0.000989674
-0.000827884
  0.00232005
 0.000859244
 -0.00491212
 -0.00565965
 -0.00173843
  0.00346344
  0.00217176
  0.00130312
  0.00486059
  0.00321618
  0.00118993
 -0.00150243
 -0.00414041
 -0.00387296
  0.00107772
   0.0025119
  0.00317468
   0.0036086
  0.00545336
   0.0102521
  0.00357217
  0.00257455
  0.00312046
 -0.00243108
 -0.00854582
 -0.00512343
-0.000222741
   0.0035605
  0.00231191
  0.00252961
  -0.0035897
 -0.00407837
 -0.00965386
 -0.00754444
 -0.00406438
 0.000902203
 -0.00135789
 -0.00545852
 -0.00219643
  0.00269676
  0.00105674
 -0.00460487
-0.000420903
  -0.0029692
  -0.0046847
  0.00276994
-0.000788653
 0.000209195
 -0.00288534
-6.95634e-05
  0.00171708
  0.00554352
-1.06429e-05
 -0.00190899
 0.000936198
  0.00399252
  0.00374536
 0.000276015
 -0.00758493
 -0.00264123
  0.00357945
  0.00906343
  0.00150212
 -0.00138605
-0.000223628
  0.00439066
  0.00801324
-0.000918135
 -0.00141445
-0.000894871
  0.00432796
  -0.0034801
 -0.00532024
 -0.00557381
 -0.00325979
 -0.00402254
 -0.00316834
 -0.00581361
 -0.00270726
-0.000752734
  0.00885077
  0.00574361
  0.00684693
  0.00107738
 -0.00304391
-0.000783092
  0.00184402
 0.000303174
 -0.00180513
 -0.00230185
 -0.00347226
   0.0013805
 0.000307288
  0.00512492
  0.00231069
   0.0026407
 0.000586182
  0.00133521
  -0.0056738
  -0.0044019
  0.00361205
  0.00168225
 -0.00196363
 -0.00264932
-3.43361e-05
 -0.00139533
  0.00285343
 -0.00104792
  0.00172869
  0.00714202
  0.00478698
-0.000154332
 0.000794783
  0.00310038
  0.00116773
 -0.00402479
 -0.00848109
 -0.00233169
  0.00798907
  0.00412712
  0.00667015
 -0.00510165
  -0.0200648
  -0.0304355
  0.00500227
   0.0609206
   0.0733106
  -0.0395724
  -0.0634872
   0.0299691
   0.0453685
    0.134888
   -0.280173
    -0.64118
     0.98933
