 -0.619232
  0.717299
 -0.525093
  0.101203
   1.20061
   1.32563
  0.950129
 -0.270396
 -0.480049
 -0.214394
 -0.714214
  -1.66503
  -2.56644
 -0.350643
  0.118263
 -0.727527
 -0.301208
  0.206803
  0.341559
  -1.30029
  -1.64153
 -0.277146
  -1.36436
  -1.49982
  -1.24923
  0.506527
   1.15517
  0.247061
 -0.202812
 -0.967114
  -1.80046
  -1.24721
  -1.59936
  -1.06137
  0.412742
-0.0261629
 -0.803491
 -0.851155
  -0.55169
 -0.789458
  -1.94522
   -2.3348
  -2.48708
  -1.79163
  -1.89037
   -2.8137
  -2.98487
   -2.7644
   -2.2611
  -2.02584
  -1.96541
  -1.88221
  -1.64398
  -2.27366
  -2.48946
   -1.6731
  -1.28751
  -1.92577
  -1.90433
  -1.29484
   -1.0766
  0.193485
 -0.201027
 -0.718057
 -0.329202
  -1.00189
  -1.64663
   -1.4037
  -1.04762
 -0.860169
  -1.33634
  -1.81294
  -2.09774
  -2.96723
  -3.58864
   -4.1319
  -4.31259
  -3.94761
  -4.35286
  -3.54241
   -4.1998
  -3.75149
   -3.2742
  -4.68308
  -4.78113
  -4.72579
  -3.47804
  -2.91457
  -3.46876
  -2.61094
  -4.09687
  -4.03102
  -3.94597
  -4.35452
  -3.13721
  -3.54513
  -2.74607
  -2.42683
  -2.70621
   -1.7717
  -2.66201
  -3.85624
  -3.49814
  -3.38283
  -3.45679
  -4.06717
  -3.78224
  -3.68629
   -4.2538
  -4.26882
  -4.14347
  -4.70697
  -4.71931
  -4.63987
  -4.57076
  -5.41401
  -4.48099
  -4.38871
  -4.90885
  -5.09566
  -3.97754
  -5.04246
   -5.5328
  -6.33492
   -5.9146
  -4.70963
   -4.7866
  -4.78025
  -4.23143
   -4.7235
  -4.66712
  -4.68532
  -4.31102
  -4.63174
  -4.40963
  -4.48182
  -4.61493
     -3.87
  -4.21691
  -4.69792
  -4.11343
  -5.16369
  -4.50364
   -4.2828
   -4.4029
  -4.05038
  -4.06592
   -4.3042
  -4.49768
  -4.42965
  -3.43834
  -3.65077
  -2.88025
  -3.01344
  -3.99181
  -4.12283
  -4.91721
  -5.00173
  -5.16256
  -5.41777
  -5.21024
  -5.03333
   -4.7609
    -4.898
  -4.34932
  -3.44538
  -3.70216
  -3.28408
   -3.0143
  -3.95098
  -3.04975
  -3.88118
    -3.429
  -2.83509
  -3.22858
  -3.02418
  -3.55473
   -4.0414
  -3.99514
  -4.17762
   -4.0559
  -3.36768
  -3.13238
  -3.65852
  -3.65177
  -3.14766
    -3.295
  -3.49986
  -3.14035
  -3.01394
  -3.24623
  -2.86313
  -2.20776
  -2.73903
  -2.81395
  -3.08952
  -2.62551
  -2.92972
  -2.85575
  -2.83721
  -2.71043
  -2.32791
  -2.53863
  -2.12197
  -1.94704
  -2.37908
  -2.15249
  -2.58709
  -2.26195
  -1.66906
  -1.53868
  -1.55706
  -2.27877
  -1.92027
  -2.57597
  -3.16868
  -2.39109
  -2.92377
  -2.09123
  -2.39747
  -2.73099
  -2.28397
  -2.42146
  -2.09057
  -1.65263
 -0.830123
 -0.813838
  -1.60187
 -0.670965
  -1.06293
  -1.09694
 -0.905113
  -1.23686
 -0.918342
  -1.29579
  -1.59124
  -1.38827
  -1.68811
  -2.27513
  -2.19343
  -1.86392
  -2.05907
  -2.09377
  -1.63459
  -1.43413
  -2.07434
  -2.24677
  -2.41051
  -1.79085
 -0.933923
 -0.997145
  -1.38769
 -0.692626
  -0.57717
  -0.38361
 -0.777541
 -0.632424
 -0.182372
 -0.827547
 -0.521781
 -0.274621
 0.0357627
 -0.750286
  -1.18408
  -1.92562
   -1.8598
  -1.94591
   -1.5989
  -1.95642
  -2.10438
  -1.67554
  -1.37073
  -1.81123
  -2.03363
  -2.29597
  -2.42672
  -1.88328
  -1.36615
 -0.850658
 -0.415717
 -0.540905
 -0.379779
 -0.195327
 -0.481459
 -0.898377
 -0.993348
  -0.57772
 -0.467046
 -0.275699
 -0.422008
  -1.36703
  -1.43601
  -1.53125
  -1.80729
  -2.03365
  -1.53542
  -1.99804
  -1.32546
  -0.71895
 -0.918424
   -1.6376
  -2.08409
  -2.25766
  -2.26343
  -1.02093
  -1.06732
 -0.938412
   -1.5117
  -1.70302
  -1.39681
  -1.51814
  -1.14294
  -0.27544
 -0.257777
 -0.495907
  0.340556
  0.244234
 0.0304324
 -0.966742
 -0.826007
 -0.262206
 -0.452854
 -0.741289
 -0.413583
 -0.375018
  -1.20365
  -2.39829
  -2.24501
  -1.81835
  -1.77334
  -2.09838
  -1.28132
 -0.495265
 -0.631916
  -1.12627
  -1.08392
  -0.98126
  -1.32234
  -2.01152
  -1.51611
 -0.395091
  0.100106
 -0.731193
  -1.46224
  -1.05714
 -0.749578
  -1.45813
  -1.83136
  -1.99413
 -0.957579
  -1.10877
  -1.22594
 -0.852669
 -0.718713
  -2.34212
  -2.95107
  -2.85165
  -1.84115
  -1.99185
  -2.24064
  -1.87043
   -2.0496
  -1.79233
   -1.7106
  -1.89381
  -1.72219
  -1.71429
  -1.17625
  -1.52017
  -1.16907
  -1.04127
  -1.02685
  -2.09165
  -1.57986
  -1.48231
  -1.04132
  -1.15208
  -1.11316
 -0.804266
 -0.567631
 -0.637064
   -1.3658
  -1.62354
  -2.14341
   -1.8429
  -1.43707
   -2.1752
  -1.89646
 -0.809049
 -0.244004
   -1.0579
  -1.69529
  -2.20565
  -2.01578
   -2.4725
   -1.7396
  -1.25004
  -1.13601
  -1.69684
  -2.14163
  -1.47488
  -1.87873
  -1.77928
   -2.3993
  -2.94518
   -2.2371
  -1.75828
  -2.14711
  -2.41453
  -2.94602
   -1.7913
  -2.36748
   -2.8387
  -2.17242
  -2.95591
  -2.34981
  -2.62024
  -2.83175
  -2.45809
   -3.3231
  -2.61803
  -2.91804
  -2.24586
  -1.46687
  -1.85974
  -1.99603
  -2.74842
  -1.79762
  -1.82426
  -3.28598
  -2.95428
  -3.02124
  -2.50563
  -1.16699
  -1.36001
  -1.95855
  -2.96924
  -2.10231
  -2.23645
  -2.36472
  -1.86716
   -1.6102
  -2.43171
  -2.36564
  -1.46506
 -0.776117
  -1.68275
  -2.01849
  -2.42989
  -1.81659
  -1.95659
  -2.21319
  -2.72475
  -1.80658
 -0.935077
  -1.67176
  -2.67967
  -2.76333
  -2.32903
  -2.52062
  -3.25071
  -3.31479
  -2.60904
   -1.8671
  -1.65541
  -1.12847
 -0.786122
  -2.18232
  -3.41254
  -2.89106
  -2.56928
  -1.78002
  -1.33611
  -1.49314
  -1.26235
 -0.746989
 0.0529211
 -0.445545
  -1.76935
   -1.8109
 -0.521347
 -0.349534
 -0.863533
 -0.832187
  -1.02261
   -3.4138
  -3.28324
  -2.51584
  -1.00134
  -1.31081
  -2.89601
  -2.12935
  -2.13117
   -2.4344
  -3.34356
  -3.41109
  -2.50194
  -3.36409
  -1.35943
  0.189071
   623.733
