  -0.0215149
   0.0222819
   0.0223441
   0.0115186
  -0.0459219
  -0.0626569
  -0.0788226
  -0.0391577
  -0.0969043
  -0.0819707
  -0.0772097
  -0.0171818
  0.00372435
 -0.00574979
  -0.0515609
   -0.107111
  -0.0301065
  0.00237601
  -0.0433872
   -0.104325
   -0.107042
  -0.0136466
  -0.0257393
  -0.0467292
  -0.0211091
  -0.0185164
  -0.0566803
  -0.0834526
  -0.0312304
   -0.036381
  -0.0403307
   0.0725073
   0.0437606
    0.108531
   0.0316704
  -0.0215687
   -0.124947
  -0.0510729
   0.0422467
   0.0718766
   0.0120263
   0.0293448
  -0.0218163
  -0.0151096
  -0.0179223
  -0.0651924
  -0.0720855
  -0.0865151
  -0.0450379
 -0.00163445
   0.0950141
   0.0502785
   0.0124718
  -0.0138242
   0.0135903
  -0.0223524
   0.0154826
  -0.0378013
  -0.0216403
 -0.00565017
   0.0090032
  -0.0350468
   -0.071096
  -0.0286776
 -0.00167158
  0.00770274
-0.000136337
   -0.021729
   0.0188002
   0.0334911
   0.0752926
   0.0727621
   0.0597925
 -0.00498835
   -0.071546
  -0.0882167
  -0.0928582
   -0.137951
   -0.052584
  -0.0457539
 -0.00721802
   0.0086401
   0.0132489
  -0.0135708
   -0.036772
   0.0206117
   0.0711364
   0.0956973
   0.0624917
  0.00353944
 -0.00353881
   0.0453775
    0.112784
   0.0592162
  -0.0348603
  0.00905064
   0.0377589
   0.0246675
   0.0314213
   -0.026218
  -0.0099215
  0.00073347
   0.0242265
 -0.00804049
 -0.00915546
   -0.051929
 -0.00645972
 -0.00171397
  -0.0420033
   0.0270439
   0.0101542
 -0.00577583
  -0.0748312
  -0.0389644
  -0.0399387
  -0.0526327
  -0.0574985
-0.000232675
   0.0149879
   0.0358593
   0.0618462
   0.0413175
   0.0499848
    0.067947
   0.0352373
   0.0152339
   0.0790112
   0.0252627
  -0.0887981
  -0.0846196
  -0.0634774
  -0.0684002
  -0.0722504
  -0.0554827
    0.044382
  -0.0156205
  -0.0333833
  -0.0189374
-0.000934619
 -0.00712781
   0.0415248
   0.0377868
  -0.0121452
  -0.0298895
   0.0348678
  0.00822874
  0.00408263
  -0.0890978
  -0.0915955
  -0.0380901
  -0.0197773
  -0.0137665
   -0.041454
   0.0299908
  -0.0219429
  0.00273976
   0.0346938
   0.0255937
   0.0240985
   0.0665804
  0.00862808
   0.0113462
   0.0261655
  0.00292733
  -0.0516555
  -0.0647006
  -0.0713329
  -0.0568297
  -0.0537153
  -0.0469837
  -0.0363144
  -0.0397147
   -0.043516
  -0.0193822
  -0.0165083
  -0.0458988
  -0.0596547
  -0.0210111
  -0.0829955
  -0.0444243
  0.00080696
 -0.00926167
  -0.0387404
  -0.0442149
   0.0469453
   0.0386324
  -0.0547383
  -0.0667564
  -0.0555219
 -0.00352767
   0.0425251
   0.0345786
   0.0520534
 -0.00700115
  -0.0991625
  -0.0472053
   0.0455169
   0.0279644
   0.0677206
   0.0518229
   0.0244981
   0.0689264
   0.0455638
 -0.00945836
  -0.0207115
  -0.0204531
  -0.0173855
  -0.0420017
  0.00503476
  -0.0468021
  -0.0738562
 -0.00208965
   0.0843322
    0.124957
   0.0110271
   0.0492187
    0.103125
     0.20571
   0.0915288
   0.0458431
 -0.00282056
 -0.00240228
  0.00561246
   0.0523079
  -0.0631067
  -0.0128748
   0.0214755
   0.0652765
  0.00833993
  -0.0295222
   0.0153955
  -0.0343492
  -0.0390084
  -0.0559156
 -0.00604247
  0.00862987
   -0.040042
   0.0420994
   0.0407302
   0.0353613
  -0.0110426
   -0.101735
   -0.128992
   -0.110827
  -0.0179706
  -0.0700661
 -0.00510999
  0.00642244
     0.07649
   0.0330042
   0.0453712
  0.00614497
 -0.00189355
-0.000286252
   0.0787131
   0.0537221
    0.129649
   0.0157695
   0.0184526
   0.0255508
  -0.0310551
  -0.0351069
  -0.0236035
  0.00553654
   0.0183428
   0.0637314
   0.0421786
  0.00550033
   0.0486559
   0.0576467
   0.0737979
  -0.0442423
  -0.0784742
  -0.0390949
   0.0294706
   0.0668357
  -0.0225701
  -0.0566303
  -0.0632438
 -0.00538027
     0.05956
  -0.0374231
  -0.0607911
  -0.0706491
   -0.054393
   0.0286723
   0.0368636
   0.0981887
  -0.0238075
  -0.0377631
  -0.0171465
    0.084524
   0.0827313
  -0.0234562
   -0.111331
  -0.0228473
    0.019204
    0.142293
    -0.33249
   -0.652102
      2.0819
