  -0.0215974
   0.0229915
   0.0233041
    0.011654
  -0.0479918
  -0.0663207
  -0.0833573
  -0.0441106
   -0.103166
  -0.0886864
  -0.0828307
  -0.0200838
  0.00244243
 -0.00769785
  -0.0552535
   -0.111014
  -0.0324087
 0.000680802
  -0.0465316
   -0.108787
   -0.110717
  -0.0158087
   -0.027545
  -0.0487247
  -0.0232641
  -0.0211946
  -0.0602106
  -0.0870773
  -0.0337916
  -0.0372698
   -0.039679
   0.0749636
   0.0476459
    0.113108
   0.0343297
  -0.0219924
   -0.127668
  -0.0529674
   0.0420394
   0.0723625
   0.0117982
   0.0282774
  -0.0238077
  -0.0180962
  -0.0220873
  -0.0701312
  -0.0769908
  -0.0905835
  -0.0472826
 -0.00153642
   0.0968419
   0.0520574
   0.0133612
  -0.0137856
   0.0134105
  -0.0225183
   0.0150443
  -0.0390443
  -0.0228878
 -0.00638646
  0.00828654
   -0.036455
  -0.0726999
  -0.0296206
 -0.00192077
  0.00753839
-0.000421399
  -0.0216398
   0.0197153
   0.0352649
   0.0775376
   0.0745298
   0.0596526
 -0.00774977
  -0.0761656
  -0.0936521
  -0.0980714
   -0.141974
  -0.0552098
  -0.0471743
 -0.00777981
  0.00810399
    0.012105
  -0.0150485
  -0.0376887
    0.021208
   0.0733409
   0.0987605
   0.0650028
  0.00503608
  -0.0023206
   0.0473623
    0.114809
   0.0599416
  -0.0350761
  0.00924171
     0.03902
   0.0264043
    0.032811
  -0.0252376
 -0.00897331
  0.00209387
   0.0255727
 -0.00748111
 -0.00922534
  -0.0515779
 -0.00547125
-0.000720155
  -0.0415307
   0.0267938
  0.00902658
 -0.00776432
  -0.0771871
  -0.0410006
  -0.0416369
  -0.0536219
   -0.057306
  0.00116995
   0.0170071
   0.0378941
   0.0635633
   0.0430383
   0.0522447
   0.0704601
   0.0375065
   0.0169617
   0.0798499
   0.0248321
  -0.0902606
  -0.0868142
  -0.0657255
  -0.0704928
  -0.0739485
  -0.0567651
   0.0435634
  -0.0162204
  -0.0336636
  -0.0189763
-0.000828601
 -0.00709661
   0.0414503
   0.0375778
  -0.0123755
   -0.029717
   0.0356199
  0.00910266
  0.00408197
  -0.0900558
  -0.0928235
  -0.0389864
  -0.0203076
  -0.0137115
  -0.0404982
   0.0314031
  -0.0207916
  0.00351331
   0.0353221
   0.0267124
   0.0259981
   0.0684262
  0.00984664
   0.0122809
   0.0269858
  0.00314981
  -0.0526726
  -0.0667328
  -0.0737621
  -0.0591252
   -0.055634
  -0.0485666
  -0.0378784
  -0.0415403
  -0.0453069
  -0.0208303
  -0.0177619
  -0.0472544
   -0.061143
  -0.0224872
  -0.0839389
  -0.0446103
 0.000972061
 -0.00961116
  -0.0394119
  -0.0442241
   0.0475619
   0.0388978
  -0.0553022
   -0.068045
   -0.056741
 -0.00424715
   0.0420287
   0.0342211
   0.0508355
 -0.00938668
   -0.101337
  -0.0480652
   0.0456361
    0.028418
   0.0681418
   0.0524267
   0.0253691
    0.069361
   0.0447644
  -0.0112497
  -0.0224406
  -0.0216749
  -0.0182164
   -0.042823
  0.00382344
  -0.0483439
  -0.0749425
 -0.00195105
   0.0852972
    0.125688
   0.0114422
   0.0504821
    0.105912
    0.208673
   0.0935925
   0.0468067
 -0.00215703
 -0.00141186
  0.00647478
   0.0521689
  -0.0637273
  -0.0130205
   0.0218424
   0.0653264
   0.0075619
  -0.0309566
   0.0135508
  -0.0361608
  -0.0401946
  -0.0561182
  -0.0055044
  0.00911972
  -0.0392886
   0.0432362
   0.0419949
   0.0357216
  -0.0120659
   -0.103632
   -0.130481
   -0.111753
  -0.0191202
  -0.0717161
  -0.0063958
   0.0062587
   0.0772479
    0.033882
   0.0458433
  0.00634808
 -0.00109605
   0.0014684
   0.0812469
   0.0564236
    0.131738
   0.0172394
   0.0195037
   0.0257191
  -0.0318169
  -0.0365561
  -0.0247933
  0.00524214
    0.019206
     0.06486
   0.0428199
  0.00567388
   0.0489322
    0.058501
   0.0746051
  -0.0438967
  -0.0782339
  -0.0380991
   0.0313536
   0.0688433
  -0.0213849
  -0.0567755
  -0.0642285
 -0.00635737
   0.0585603
  -0.0385215
  -0.0621986
  -0.0720769
  -0.0550607
   0.0289286
   0.0378334
   0.0985969
   -0.024327
  -0.0386179
  -0.0174638
   0.0848171
    0.082599
  -0.0243167
   -0.112491
   -0.023832
   0.0182102
    0.139616
    -0.33652
   -0.655796
      2.1612
