  -0.0267088
  -0.0582845
  -0.0809785
  -0.0198478
  -0.0377535
  0.00325342
   0.0236458
   0.0109941
  -0.0472765
  -0.0065931
  0.00944826
   0.0241369
    0.054127
 -0.00177513
  -0.0281924
 -0.00837499
  0.00737439
   0.0276548
  0.00618035
  -0.0201425
  -0.0185873
  -0.0128743
  -0.0151337
  0.00137998
 -0.00379684
   -0.040414
  -0.0499797
 -0.00869843
  -0.0553013
  -0.0684207
  -0.0467591
  -0.0111594
   0.0181122
   0.0434439
   0.0515579
   0.0229735
  -0.0423628
  -0.0324513
 -0.00311117
   0.0329863
   0.0646494
   0.0238327
   0.0457117
  0.00769593
   -0.057632
  -0.0567251
 -0.00533808
  0.00677283
   0.0475596
    0.040023
   0.0285311
   0.0517951
   0.0920536
   0.0418648
   0.0565961
   0.0375287
   0.0190484
  -0.0315951
  -0.0211357
  -0.0617044
  -0.0640684
  -0.0241569
   0.0336416
   0.0636964
 -0.00332008
  -0.0110177
   0.0514547
    0.145318
   0.0690099
   0.0421642
   0.0184829
  0.00951404
   0.0281124
   0.0818264
  -0.0252526
  -0.0125204
  0.00245989
    0.073816
   0.0516862
   0.0190783
   0.0339395
  -0.0132524
  -0.0924711
  -0.0847294
  -0.0629034
   0.0130218
  -0.0535506
   -0.032671
  -0.0363827
  -0.0133034
  -0.0212182
  -0.0752698
   -0.106981
    -0.11543
  -0.0295775
   -0.041428
   0.0220276
   0.0537628
   0.0586551
    0.023484
  0.00793928
   0.0223142
    0.029156
  0.00629346
  -0.0135879
   0.0064737
   0.0734735
    0.031485
  0.00249345
   0.0143018
  -0.0356066
   0.0133428
   0.0156556
 0.000189478
  -0.0348088
  0.00924454
   0.0217484
    0.041825
   0.0172078
   0.0328713
    0.035301
  -0.0108269
  -0.0446171
  -0.0493216
  -0.0219523
 0.000310605
  -0.0301505
  -0.0562893
  -0.0139662
   0.0358555
   0.0927051
  -0.0187933
  -0.0355184
  0.00352445
 -0.00506865
  0.00195139
  -0.0202214
   0.0408078
  0.00443658
   0.0053233
  -0.0221987
   0.0280725
   0.0533098
  0.00190352
  -0.0519892
 -0.00120142
-0.000658056
    0.118308
   -0.324632
   -0.652015
     1.04197
