 -0.00516336
 -0.00597708
 -0.00821169
 0.000787736
-0.000677282
  0.00107567
 -0.00297456
   0.0017355
-7.17849e-05
 -0.00084339
   -0.001728
-0.000330876
  0.00205159
  -0.0044844
 -0.00643338
 -0.00571503
 -0.00414011
 -0.00705762
  -0.0136674
 -0.00680199
  0.00145789
  0.00257174
 -0.00443906
-0.000318649
 -0.00448704
-0.000677079
  0.00534218
  0.00821934
  -0.0029883
 -0.00380397
  0.00191756
  0.00617149
  0.00243992
 -0.00310259
 -0.00155795
  0.00132259
 -0.00188692
 -0.00179392
 -0.00110653
-0.000158791
  0.00550188
 0.000563185
  0.00459962
 -0.00374717
 -0.00435031
 -0.00105215
 0.000221638
   0.0044283
 -0.00126857
 -0.00135298
 -0.00514074
 0.000687803
  0.00276922
  0.00734372
  0.00558961
 0.000671679
  0.00705066
 -0.00218893
 0.000913044
-0.000698324
  0.00441976
 -0.00338398
-0.000755891
 -0.00492831
 -0.00263178
 -0.00129253
 -0.00010872
 0.000994239
  0.00466687
 -0.00365173
 -0.00648125
 -0.00163967
-3.38631e-05
  0.00199937
-0.000216938
  0.00233763
 -0.00115145
 -0.00152334
 0.000385128
 -0.00123814
 -0.00042951
 -0.00169789
  0.00188715
   0.0062247
  0.00213263
  0.00315773
  0.00101868
  0.00027496
 -0.00141135
 -0.00207555
 -0.00222101
 -0.00271507
 -0.00191501
 -0.00134964
  0.00483312
 -0.00276967
-7.01335e-06
-0.000214052
  0.00193635
  0.00216568
 -0.00116122
 -0.00131075
 -0.00425006
-0.000944286
 -0.00123342
   0.0029861
  0.00179513
 0.000368408
  -0.0045779
 -0.00439548
 -0.00199083
 -0.00129236
 0.000469117
 9.34691e-06
 0.000360234
  0.00170321
-0.000422692
 -0.00215615
 -0.00254299
 0.000511486
  -0.0017392
  0.00579967
  0.00603743
  0.00185257
  0.00174986
 0.000143172
 -0.00520962
 -0.00897464
 -0.00290613
 0.000141839
 0.000472655
 -0.00116908
 -0.00205763
  -0.0027151
 -0.00436086
 -0.00230296
 -0.00118244
  0.00051027
  0.00889659
  0.00912529
  0.00232546
 -0.00195407
  0.00119599
 0.000134306
 -0.00113724
 -0.00299799
 -0.00577038
   0.0011271
  0.00671378
  0.00303032
-0.000339905
 -0.00120455
  9.8862e-05
  0.00221491
  0.00205612
  0.00318936
  0.00074459
 -0.00325819
 -5.2722e-05
  0.00152188
 -0.00640505
 -0.00220025
  0.00547922
 0.000186053
 -0.00179646
   -0.007293
  0.00013448
  -0.0028489
 0.000918976
    0.000811
  0.00141386
 0.000567077
 -0.00298104
 -0.00427346
 0.000129137
  0.00174884
  0.00336194
  0.00206252
  0.00390697
-0.000919636
  0.00300895
  0.00556685
   0.0090019
  0.00136603
  -0.0015484
 -0.00597007
  0.00730327
  0.00225578
 -0.00486031
 -0.00849968
 -0.00387307
  0.00200429
-0.000360093
-0.000965516
  0.00102149
-0.000787266
  0.00466096
 0.000343206
 -0.00253467
 -0.00569333
 -0.00434744
 -0.00763585
 -0.00165642
 -0.00686591
  0.00433768
  0.00152911
  0.00440875
 -0.00146373
  0.00371755
   0.0055464
  0.00243989
  0.00358231
 -0.00606569
-0.000974586
 0.000829121
  0.00366654
-0.000334963
 -0.00609783
  -0.0120382
 -0.00995663
 -0.00767007
  -0.0041053
 -0.00480437
 -0.00474824
 -0.00238493
  0.00102083
  0.00437273
 -0.00484914
 -0.00227414
 -0.00187494
   0.0012047
  0.00182443
 8.91249e-05
 -0.00217896
-0.000620321
 0.000663587
 -0.00263922
 -0.00142209
   0.0044458
  0.00315524
 0.000762183
   -0.002382
 -0.00197705
 -0.00101098
  0.00327433
  0.00388414
   0.0056094
   0.0035417
 0.000365441
  0.00283666
-0.000387522
 -0.00211244
 -0.00359746
 8.01824e-05
  -0.0010316
 -0.00200361
 -0.00541641
 -0.00208569
  0.00502957
  0.00123895
 4.41098e-05
 -0.00320912
 -0.00169096
 -0.00207523
-0.000613419
  -0.0050465
  -0.0033318
 -0.00095139
  0.00107625
 -0.00183088
-0.000163526
  0.00038629
-0.000387675
-0.000671457
   0.0013057
  0.00280185
  0.00392391
  0.00860041
  0.00946225
  0.00111376
 -0.00257443
 -0.00170701
-0.000653471
    0.002173
 -0.00437914
 -0.00575659
 -0.00589205
 0.000116593
  0.00212742
  0.00313855
 -0.00776682
 -0.00720127
 -0.00537638
  0.00165028
  0.00480701
  0.00014819
-0.000955661
-0.000348951
-0.000845019
-0.000649991
 -0.00220328
 -0.00117291
-0.000714262
  0.00103302
 0.000273226
 -0.00378103
 -0.00475667
 -0.00303363
 -0.00281565
 -0.00113722
  0.00704695
  0.00350721
 0.000472101
-0.000647482
 -0.00300293
 -0.00446175
-0.000732236
  0.00236646
  0.00259472
-0.000678322
 0.000798814
  0.00756901
  0.00790014
  0.00234925
 -0.00193787
  0.00153344
  0.00358753
  0.00623742
  0.00105557
  0.00449032
-0.000640158
-0.000169968
 -0.00581601
 -0.00787841
 -0.00495985
  0.00473126
  0.00654762
  0.00782896
  0.00365346
  0.00275511
  0.00128396
-0.000950205
 -0.00246347
  0.00435245
  0.00630235
  0.00187954
  8.0392e-05
 -0.00268191
-0.000781443
  0.00365452
  0.00194792
 -0.00477391
 -0.00912579
  -0.0071726
  0.00170197
  0.00339391
 -0.00113236
 -0.00201728
 -0.00401562
  -0.0025764
  0.00211901
  0.00542326
  0.00394692
  0.00196552
   0.0018437
 -0.00330685
 -0.00298531
 -0.00202988
 -0.00261783
  0.00510027
  0.00954009
  0.00351047
 -0.00215242
-9.14897e-05
   0.0032536
 0.000298649
  0.00317419
 0.000311321
  0.00291971
  0.00321153
  0.00163413
 -0.00400428
 -0.00897811
  -0.0046721
-6.30403e-05
  0.00316025
 -0.00409334
 -0.00847442
 -0.00451202
  0.00114465
  0.00852807
  0.00274067
  0.00615127
  0.00194957
 -0.00129335
  0.00195095
 0.000838486
  0.00202235
  0.00254942
  0.00339034
  0.00363602
 0.000506651
 -0.00205905
 -0.00612408
 -0.00197709
  0.00524456
  0.00157395
  0.00319456
  0.00808034
  0.00377022
  0.00413527
  0.00116229
-0.000825761
 0.000468321
 0.000249636
 -0.00225456
 -0.00150292
 -0.00250237
  -0.0053652
 -0.00193782
 -0.00164728
 -0.00511817
  0.00448789
  0.00531579
  0.00660896
  0.00381116
  0.00422259
 -0.00324071
 -0.00112062
 -0.00350973
 -0.00119538
  -0.0036699
 -0.00760242
 -0.00326033
 -0.00119612
  0.00621329
  0.00561036
  0.00340786
 -0.00516211
 -0.00115562
 -0.00134274
  0.00396691
 -0.00136842
  -0.0047366
 -0.00362242
 -0.00318702
 -0.00132957
-0.000467276
-0.000988472
 0.000184884
 -0.00118754
  0.00352082
  0.00465534
  0.00151755
   -0.002734
 -0.00181302
 -0.00434293
 -0.00265493
  0.00168522
 -0.00570523
 -0.00672356
-0.000964198
  0.00673956
  0.00201059
 -0.00228678
 -0.00502216
 -0.00704977
 -0.00557202
 0.000266349
 0.000861405
 -0.00102267
 -0.00293575
-0.000402001
 -0.00128045
  0.00207824
 -0.00191508
 -0.00201186
-0.000460565
  0.00269389
  0.00125566
  0.00127308
 -0.00138808
 0.000127219
 -0.00103787
   0.0068131
  0.00536826
   0.0105597
  0.00438582
  0.00687449
  0.00419853
  0.00197272
 0.000334909
   0.0031268
  0.00622994
 -0.00094422
 -0.00437336
 -0.00539397
 0.000925127
  0.00350092
  0.00710648
  0.00401309
  0.00058212
 -0.00166868
-0.000614193
 -0.00355247
 -0.00061412
 -0.00447946
 -0.00160651
 0.000901339
  0.00304507
-0.000392526
 -0.00308655
-7.64606e-06
 -0.00150496
 -0.00416322
  0.00084409
  0.00378665
  0.00263212
-0.000422217
 -0.00601634
 -0.00265106
-9.89879e-05
  0.00532019
 0.000594974
  0.00146846
 0.000619178
  0.00212435
  0.00310528
 -0.00112316
-0.000712187
  -0.0047619
-0.000632311
 0.000682449
  0.00521044
 0.000982996
 -0.00175585
 -0.00273696
  0.00242602
 0.000215731
 6.83152e-05
 -0.00204568
 -0.00557417
 -0.00545848
 -0.00172189
 -0.00242872
  0.00267487
  0.00702299
  0.00748307
  0.00148838
 -0.00760632
 -0.00156204
  0.00378419
  0.00733369
  0.00608137
  0.00116802
 -0.00326041
 -0.00537588
 -0.00563703
  0.00124132
  0.00186501
  0.00301136
 -0.00285071
 -0.00294428
 -0.00824625
 -0.00330022
-0.000771264
-6.54246e-05
 -0.00206192
 -0.00527538
 -0.00168921
  0.00379968
  0.00537845
  0.00184342
-0.000281325
 -0.00214222
 -0.00138321
 0.000335625
 0.000327983
 0.000267671
 0.000814337
  0.00154738
  0.00128338
  0.00244575
   0.0067515
 -0.00208756
 -0.00527342
 0.000982699
  0.00209641
    0.001155
 -0.00504394
-0.000400542
  0.00500275
  0.00430242
 -0.00155904
 -0.00341556
 0.000999684
-7.16088e-05
  0.00186791
 0.000383525
 -0.00270839
 -0.00165419
 -0.00112148
   0.0015592
  0.00750834
  7.0719e-05
 -0.00725097
 -0.00597032
 -0.00993948
 -0.00205957
 -0.00294135
  0.00504328
  0.00511679
 1.87877e-05
-0.000525921
 0.000420244
-0.000727549
 0.000144396
  -0.0030614
 -0.00295138
-0.000760044
 -0.00102082
  0.00295668
  0.00262502
  0.00626395
  0.00174964
 0.000156447
 -0.00247391
-0.000640786
  0.00482098
  0.00509088
  0.00537653
 -0.00409995
 -0.00361504
  0.00196891
  0.00666761
 -0.00110516
 -0.00288971
 -0.00180731
-0.000120383
 6.65136e-06
 0.000798609
 -0.00288766
-0.000169625
  0.00264139
  0.00702165
  0.00125848
 -0.00551776
 -0.00661159
-0.000790688
  0.00163312
  0.00509685
 -0.00477739
 -0.00309943
 0.000254313
  0.00149494
 -0.00134235
 -0.00262223
-0.000537323
-0.000474409
-7.95872e-05
-0.000828162
  0.00502359
  0.00134434
  0.00350718
  0.00322109
   0.0036211
  0.00382416
  0.00579192
 -0.00193139
 -0.00144066
  0.00479631
  0.00543254
-0.000363092
 -0.00547904
 -0.00760349
  0.00107618
  0.00928045
   0.0150498
  0.00197496
 -0.00214011
 0.000273887
  0.00218577
 0.000773057
 -0.00230722
   0.0021247
  0.00119525
  0.00550173
 -0.00121018
  0.00179233
 -0.00318011
 -0.00238911
 -0.00127891
  -0.0017427
 -0.00847687
 -0.00664707
 -0.00424465
  0.00337934
 -0.00189718
 -0.00112085
-0.000814649
  0.00224695
  0.00352418
  0.00241174
 -0.00117487
 -0.00399299
-0.000159404
 0.000425963
  0.00172278
  0.00107933
 -0.00201011
 -0.00192576
  0.00292635
 0.000179078
-0.000594207
 -0.00238947
 -0.00252724
 -0.00637255
-0.000177243
  0.00447722
  0.00694852
  0.00172222
 -0.00299918
-0.000695592
  0.00922944
  0.00485831
 0.000715454
 0.000240805
 -0.00330635
 -0.00556229
  0.00126619
-0.000295997
 -0.00573678
 -0.00436145
  0.00369901
  0.00547713
   0.0073802
   0.0037407
  0.00494352
  0.00392313
  0.00325749
-0.000318187
  0.00306488
  0.00327876
  0.00272676
  0.00303785
 -0.00171244
   0.0049831
  0.00230118
  0.00181936
  0.00143305
 -0.00124542
-0.000795665
-0.000886693
 -0.00116514
 -5.1083e-05
 -0.00304627
 -0.00332001
 -0.00361798
 -0.00079083
-0.000933646
-0.000781922
 -0.00649693
 -0.00404971
 -0.00372357
  0.00453501
  0.00311028
  0.00634804
   0.0111415
   0.0102076
  0.00707856
  0.00790082
  0.00606691
 -0.00109292
-0.000121104
-0.000370904
  0.00432047
  0.00164459
-0.000499008
 -0.00267561
 -0.00506094
  0.00192403
  0.00538718
   0.0071902
  0.00395937
-0.000443117
  -0.0043383
 -0.00695735
  -0.0056851
  -0.0019539
-0.000877454
 -0.00562711
 -0.00583539
 -0.00155132
  0.00536509
   0.0042909
 -0.00137404
 -0.00438038
 -0.00336194
   0.0015906
  0.00789073
  0.00383103
  0.00178759
  0.00160731
  0.00123031
 -0.00328236
 0.000855659
  0.00761362
  0.00507881
 -0.00115458
 -0.00331805
  0.00260137
-0.000689297
  0.00126083
 -0.00103776
  0.00577898
 -0.00112983
 -0.00335537
 -0.00946836
 -0.00212801
 -0.00433081
  -0.0111204
 -0.00704066
 -0.00459742
  0.00222025
   0.0027132
 -0.00018391
 -0.00309465
 -0.00309923
 -0.00281274
 -0.00620082
  0.00188802
 0.000557307
 0.000705577
 -0.00365287
  0.00122711
  0.00319173
 -0.00426911
 -0.00845521
 -0.00669131
 0.000865239
-0.000645158
-0.000500991
  -0.0043477
-0.000531037
 -0.00339352
  0.00327421
  0.00360123
-0.000318594
  -0.0055862
 -0.00107919
 0.000347235
  0.00850462
  0.00515384
-0.000643352
 -0.00339872
  0.00217658
  0.00630772
  0.00451369
  0.00230392
  0.00193692
 -0.00297571
 -0.00393053
 -0.00160023
 -0.00228209
-0.000941025
  0.00128861
  0.00202133
 0.000826324
 -0.00825912
 -0.00642821
 -0.00669103
  0.00126413
   0.0037803
  0.00134212
 -0.00620942
 -0.00272012
  -0.0013138
   0.0030272
 -0.00102079
-0.000470661
  0.00219668
  0.00267645
  -0.0020836
  0.00255613
   0.0127073
  0.00421467
  0.00207361
  -0.0021813
-0.000395952
-0.000226848
  0.00152849
  0.00116058
  0.00242691
  0.00140648
  -0.0031013
 -0.00687591
 -0.00393134
  -0.0058611
 -0.00501895
  0.00043455
   0.0072449
  0.00843979
 1.93111e-05
 0.000440523
 -0.00237869
  0.00106563
 -0.00258146
-0.000407951
-0.000684007
  0.00665002
  0.00171652
 -0.00429292
 -0.00259045
  0.00260153
  0.00397196
  0.00533405
  0.00174972
  -0.0050193
 -0.00354446
 -0.00198461
  0.00106298
   0.0059315
  0.00288071
  0.00037598
   0.0001744
  0.00063905
  0.00249461
-0.000358227
 0.000765878
 -0.00377802
  0.00109405
  0.00188112
  0.00357485
  0.00128696
-0.000210361
  0.00232632
 0.000368028
  0.00353724
-0.000626908
 -0.00126168
  -0.0046371
  0.00300439
  0.00185312
   0.0012694
 -0.00438426
 -0.00618974
 -0.00540253
 -0.00439011
   0.0016864
-0.000324884
 0.000404679
 -0.00359439
  0.00156962
-0.000154385
 -0.00114559
 -0.00385526
  -0.0012598
  0.00330314
  0.00387428
  0.00296822
  0.00483084
  0.00632744
 -0.00153225
 -0.00360173
 -0.00627465
  0.00151733
 0.000841491
  0.00263187
  0.00312401
  0.00185437
 -0.00438594
  0.00310476
  0.00435436
 -0.00238594
  -0.0017834
  0.00577112
-0.000227524
  0.00224506
 -0.00152633
 -0.00274937
 -0.00587214
  -0.0031793
 -0.00326357
  0.00248311
   0.0042716
  0.00541955
 0.000861858
 -0.00147696
  0.00207247
  0.00216688
  0.00121638
 -0.00401464
  0.00217408
-0.000441296
  0.00194304
-8.86778e-05
-0.000183154
 -0.00465897
 -0.00661116
 -0.00239475
 0.000834072
   0.0023998
  0.00294708
  0.00131418
 -0.00319846
  0.00304572
  0.00595673
  0.00229524
-0.000565307
 -0.00627233
 -0.00523585
 -0.00452564
  0.00264385
  0.00767495
  0.00901077
  0.00812087
  0.00209809
  0.00105725
 -0.00620537
 -0.00345865
  0.00262137
  0.00802318
  0.00336813
  0.00465836
-2.27431e-05
  0.00613824
 -0.00199961
-0.000717301
 -0.00374678
 -0.00527406
 -0.00471286
 -0.00428421
 -0.00146101
  0.00335242
  0.00453953
  0.00572484
  0.00236615
 -0.00035981
  0.00157136
  0.00562316
  -0.0014507
  0.00344238
  0.00186893
  0.00411812
 -0.00130377
  0.00331367
 0.000665097
 0.000455847
   0.0027934
   0.0040298
  0.00406479
  0.00594749
  0.00344152
  0.00252868
 -0.00426816
 -0.00667679
  -0.0105399
 5.86052e-05
    0.004491
  0.00098156
  -0.0017152
 -0.00601063
 -0.00402495
  0.00291606
  0.00127921
 -0.00496382
 -0.00251665
 -0.00524702
  -0.0029291
 -0.00628791
 -0.00216839
 -0.00499829
 -0.00403446
-0.000619486
  0.00572058
  0.00346975
   0.0010224
 0.000575037
  0.00209923
  0.00168618
  0.00337062
 -0.00103113
 -0.00859456
-0.000187598
  0.00196117
  0.00679666
  0.00140412
 -0.00140888
  0.00528348
  0.00616458
 0.000294516
 -0.00223071
  0.00193781
  0.00494303
 0.000622621
 -0.00469327
 -0.00245897
-0.000244801
  0.00278108
  0.00459262
  0.00373624
 0.000557626
 -0.00106543
 -0.00107532
   0.0100789
  0.00817554
  0.00518174
-0.000866687
-0.000476979
  0.00179682
  0.00178327
  0.00106472
 0.000741906
  0.00205571
  0.00457937
 0.000592768
-0.000544165
  -0.0025681
  0.00200011
 0.000846643
  0.00028903
  0.00190055
  -0.0011546
  0.00511548
  0.00593982
  0.00223031
 -0.00181414
 -0.00324433
  0.00120006
-0.000425944
  0.00150673
-0.000876637
 0.000884871
  0.00102364
-0.000663679
 -0.00334662
 -0.00671208
 -0.00346599
 3.85879e-05
 -0.00123068
 -0.00397482
 -0.00158593
  0.00233401
 0.000266921
 9.92049e-05
  0.00542246
  0.00284166
  0.00573631
  0.00151031
 -0.00296747
 -0.00276767
 -0.00092291
  0.00640266
  0.00868035
  0.00227076
-1.03587e-05
 -0.00267016
   0.0045432
-0.000919787
 -0.00172979
 -0.00179192
  0.00264144
 0.000320013
  -0.0025179
 -0.00208237
 -0.00445672
 -0.00224212
 4.70625e-05
 -0.00429887
 -0.00350114
  0.00261405
 -0.00121123
 -0.00228394
  0.00111775
  0.00174931
-0.000326051
  0.00188233
  0.00420638
 0.000948619
  0.00284787
 0.000697284
 -0.00260525
 -0.00663744
 -0.00229426
  0.00119448
 -0.00384781
-0.000968942
 -0.00368385
  0.00229622
 -0.00204879
  0.00447191
  0.00374376
  0.00280039
 -0.00413602
 -0.00792788
 -0.00282638
 0.000377885
  0.00224273
  0.00103729
 -0.00301549
-0.000129004
  0.00377847
  0.00328597
  0.00526257
 -0.00445378
 -0.00537483
 -0.00332889
 -0.00156813
-0.000923849
 -0.00141385
   0.0005073
  4.8815e-05
 0.000917001
   0.0024102
  0.00331145
 0.000636504
 -0.00224149
 -0.00194245
 -0.00160023
 -0.00129102
 -0.00310805
 -0.00250458
  -0.0051937
 -0.00578263
 0.000658874
  0.00223898
  0.00514711
  0.00341103
  0.00624845
  0.00629565
  0.00222011
  0.00381379
 -0.00204731
-0.000359929
-0.000310842
  0.00327607
  0.00276944
 -0.00146118
 -0.00422694
 -0.00306486
   0.0013516
  0.00375243
-0.000756135
  0.00189373
 -0.00282081
  -0.0030599
 -0.00110005
 0.000254554
 -0.00310836
 -0.00493025
  0.00328374
  0.00723481
  0.00521242
 -0.00113277
  -0.0017708
 0.000132403
-0.000598866
  -0.0043628
 -0.00523561
 -0.00478905
 -0.00456082
  0.00304805
 -0.00266556
-0.000479414
  0.00572758
  0.00131608
  0.00436533
  0.00233609
  0.00324559
  0.00106352
 0.000801045
  0.00342039
  0.00746516
  0.00278734
  0.00452812
  0.00101175
  0.00210357
 -0.00104592
 -0.00679919
 -0.00204243
 -0.00447229
  0.00163636
  0.00368455
  0.00614905
  0.00338837
 -0.00131354
 -0.00608939
 -0.00321173
-0.000710105
 -0.00137348
  0.00302007
 -0.00147104
-0.000291099
  0.00519762
  0.00273737
-0.000728956
 -0.00325427
  0.00215361
  0.00486198
  0.00185299
  0.00149236
 -0.00190777
 -0.00595692
 0.000416569
 -0.00382461
 0.000973636
 0.000967119
 0.000676381
 -0.00195155
 -0.00129132
 -0.00298806
 -0.00152448
   0.0025968
  0.00430421
  0.00168266
 0.000823088
 -0.00283713
  0.00112662
 -0.00134385
 -0.00449714
  0.00336757
  0.00563479
  0.00582709
  0.00469731
  0.00451293
  0.00579569
 -0.00259187
 -0.00356815
 -0.00351819
  0.00113815
-0.000915835
  -0.0053019
-0.000778095
   0.0101723
  0.00478356
 -0.00609904
 -0.00457684
 -0.00693571
 -0.00118339
  0.00470659
  0.00632611
  0.00163029
  0.00204406
  0.00396331
  0.00692644
 0.000888479
 0.000339777
 -0.00574913
 -0.00180178
  -0.0038291
  -0.0043139
  0.00249747
  0.00204584
 -0.00133216
 -0.00493277
 -0.00176933
   0.0058231
  0.00924474
  0.00503074
 -0.00353271
  -0.0132102
 -0.00803043
-0.000632901
  0.00138539
 -0.00414689
  -0.0039696
 -0.00253853
 0.000884095
  0.00459412
   0.0023331
 -0.00297512
 -0.00507843
 -0.00203856
  0.00490513
  0.00522135
  0.00779177
  0.00321177
  0.00332846
 -0.00402611
 0.000132624
  -0.0016236
 -0.00131413
-0.000366944
  0.00256124
  0.00218187
 -0.00246622
  0.00393345
  0.00133422
 -0.00677783
 -0.00576692
 -0.00230031
   0.0012115
  0.00532931
  0.00612127
-8.82363e-05
  -0.0059719
 -0.00533905
-0.000218028
  0.00168348
  0.00453114
 1.54058e-05
 -0.00507868
-0.000347793
  0.00025226
 1.40739e-05
 -0.00236198
-0.000725487
  0.00113655
-0.000351508
 8.02077e-05
  0.00235169
-0.000166373
  0.00144056
 -0.00128871
  0.00858883
  0.00624964
  0.00977955
  0.00600741
  0.00501052
  0.00750244
  0.00858708
  0.00985046
   0.0016164
  0.00127703
-0.000346442
  0.00153016
  0.00257941
 0.000943835
  0.00016104
 -0.00203552
  0.00166296
 0.000294053
  0.00622895
  0.00309006
  0.00246364
 -0.00979082
 -0.00421766
 -0.00352478
  0.00379232
  0.00322887
-0.000930941
 -0.00162649
-0.000402001
-0.000520887
  0.00679427
  0.00354675
 -0.00583603
 -0.00731351
 -0.00450522
  0.00372402
  0.00781502
   0.0052553
   0.0021313
-8.18477e-05
  0.00548468
  0.00800233
  0.00894108
  0.00250013
  0.00282702
   0.0031754
  0.00860745
  0.00813833
 -0.00296339
 -0.00061894
 -0.00184311
  0.00412328
  0.00385595
  0.00149111
 -0.00247063
 -0.00195579
  0.00197828
  0.00466794
 -0.00254471
  0.00100746
 0.000145097
 0.000773209
  0.00203483
  0.00519575
  0.00112046
 -0.00527083
  -0.0054862
 -0.00269997
  -0.0016246
 -0.00555549
 -0.00455539
  0.00163163
  0.00399167
  0.00385715
  -0.0051183
 -0.00443115
 -0.00319835
  -0.0039374
 -0.00284519
 -0.00654148
 -0.00726469
-0.000127415
 -0.00291658
 -0.00273421
 -0.00375934
 -0.00696749
 -0.00731622
 -0.00426597
 -0.00638067
 -0.00343386
-0.000431935
 0.000333412
  0.00643147
  0.00216573
 0.000771461
 -0.00125232
 -0.00128914
-9.33061e-05
  0.00881777
 -0.00119282
 0.000392692
 -0.00140068
  0.00376489
 -1.6552e-05
 -0.00216381
 6.69765e-05
 0.000980499
  0.00350544
 -0.00222114
  0.00406707
  0.00303041
  0.00115173
-0.000377302
 0.000756641
-0.000214002
-0.000203454
   0.0050555
  0.00147547
 -0.00489281
 -0.00238591
 -0.00132367
  0.00292668
  0.00342558
   0.0046586
 -0.00280908
 -0.00060896
  0.00731186
  0.00877208
  0.00527452
 -0.00033813
  0.00234573
  0.00594074
   0.0027429
 -0.00155135
 -0.00391265
 -0.00355255
-0.000162597
  0.00759353
  0.00436259
  0.00404449
 -0.00269621
 -0.00174437
 -0.00115119
  0.00199531
 -0.00290266
 -0.00157897
  0.00314704
  0.00447935
  0.00387621
-0.000448094
-0.000508086
 0.000812316
 -0.00762941
 -0.00553064
 0.000139462
  0.00683507
  0.00374847
  0.00446825
  0.00227625
  0.00468827
 -0.00185365
 -0.00359813
  0.00213273
   0.0035502
  0.00411937
-0.000496324
 0.000480481
 6.31102e-05
  0.00204662
  0.00339288
-0.000874973
  0.00178244
   0.0013442
  0.00208733
 0.000732113
 -0.00288727
  0.00522889
  0.00187863
  0.00307924
-0.000379638
  0.00252649
  0.00215279
  0.00801297
  0.00526651
  0.00236925
    0.002081
 -0.00369964
  -0.0015383
  -0.0057509
-0.000590894
  -0.0035794
 -0.00529985
 -0.00963084
 -0.00218385
  0.00189222
  0.00810235
 -0.00294069
  -0.0029809
 -0.00418838
  0.00235139
 0.000637088
  0.00764136
  0.00150098
  0.00283107
 0.000598979
  0.00244475
  0.00508298
  0.00720735
  0.00414224
 0.000264332
  0.00188869
  0.00550025
  0.00380505
 -0.00464366
 -0.00333155
 -0.00538954
 -0.00560346
 -0.00703599
 -0.00258101
 -0.00558683
 -0.00197461
  0.00245353
   0.0011884
  0.00114274
   0.0049254
  0.00503107
  0.00111725
 0.000887294
 -0.00244991
  0.00336725
-0.000372975
 -0.00477072
 -0.00148093
  -0.0020528
  0.00607924
  0.00624028
  0.00190199
   0.0052895
  0.00314873
  0.00131853
 -0.00160198
   0.0061095
  0.00314752
  0.00286408
-0.000675487
  0.00560021
  0.00411195
  0.00340127
  0.00404121
  0.00048127
 -0.00430384
 -0.00210841
  0.00274742
  0.00508217
  0.00141956
  0.00683737
  0.00488798
 0.000608708
 -0.00791526
  -0.0087935
  -0.0048399
 0.000989623
  0.00834986
  0.00684874
  0.00271222
-0.000926586
 -0.00294915
 -0.00136348
  0.00296069
  0.00176242
 -0.00451865
 -0.00948313
  -0.0025989
  0.00313463
  0.00110238
 -0.00396285
 0.000835681
 -0.00728992
 -0.00902146
 -0.00720597
  0.00124323
   0.0088132
  0.00852277
 -0.00603861
 -0.00221045
 -0.00292246
 0.000723946
  0.00246291
  0.00116765
 -0.00352422
 -0.00627982
 -0.00306122
-0.000503825
  0.00224411
 -0.00534536
  -0.0055047
  -0.0081774
  0.00079744
  0.00409105
  0.00571577
  0.00612123
  0.00136698
 0.000519862
  0.00839057
  0.00891351
-8.34182e-06
 -0.00331353
 0.000637618
 -0.00127496
  0.00648473
  0.00148436
 0.000989954
 -0.00347598
 -0.00391321
 -0.00708462
 0.000173172
  -0.0020614
  0.00190363
 -0.00239345
 -0.00586237
  -0.0094582
   0.0017525
  0.00739247
  0.00679893
  0.00230398
  0.00237696
 -0.00318671
 -0.00529347
  -0.0067001
 -0.00364666
 -0.00280979
 -0.00312233
 -0.00121744
 -0.00447155
  0.00746275
  0.00126111
-2.85974e-05
 0.000117172
 0.000717871
 0.000752136
 -0.00103589
-0.000504382
 -0.00212013
 -0.00407969
 -0.00285172
  0.00119817
-0.000813617
  0.00337826
  0.00315239
  0.00258983
 -0.00104978
 -0.00488664
 0.000364871
-0.000288643
  0.00157199
-0.000835982
-0.000541319
   0.0009832
-1.97495e-05
 -0.00185172
 -0.00316029
  0.00256154
-0.000355914
   0.0051157
  0.00532726
   0.0085567
  0.00234125
  0.00167823
-0.000202045
  0.00139192
  0.00313122
  0.00265998
-0.000205569
  0.00120527
-0.000352371
 0.000169143
  0.00239595
  0.00550712
  0.00136378
 -0.00291525
  -0.0015584
 0.000314057
  0.00402878
 -0.00106559
 -0.00430386
 -0.00201963
  0.00114297
-0.000170214
 -0.00608767
-0.000528385
  0.00404067
  0.00241215
-0.000242004
 -0.00128333
 -0.00275232
 -0.00134488
 -0.00165115
  0.00204776
   0.0056203
  0.00208787
  0.00161344
-0.000970445
  -0.0029905
  0.00430781
  0.00696546
  0.00655479
 3.47524e-05
  0.00231784
 -0.00887805
 -0.00614572
 -0.00418831
 -0.00107016
  0.00463755
  0.00970623
  0.00326892
 -0.00271427
 -0.00573298
 -0.00429221
 -0.00537567
  0.00185529
 -0.00175139
  -0.0043489
 -0.00851329
 -0.00810003
 -0.00397534
 0.000253623
  0.00517114
  0.00492053
 -0.00227252
 -0.00236476
-0.000119789
 -0.00236487
 -0.00314213
  0.00249952
 0.000479659
  0.00126467
  -0.0034501
 -0.00395707
 -0.00558586
 -0.00325155
 -0.00120052
 -0.00327315
  0.00212231
  0.00403598
  0.00535052
  0.00940277
  0.00744714
  0.00324453
 -0.00090345
-0.000744611
 -0.00110442
 -0.00302301
 -0.00212822
 -0.00247255
 0.000297499
   0.0044959
  0.00488565
  0.00441781
 -0.00149181
 -0.00156234
  0.00390609
 0.000280379
  0.00128529
 -0.00340526
 -0.00586574
 -0.00264883
 -0.00151141
  0.00464898
   0.0022113
  0.00228889
 0.000338183
  0.00692541
  0.00276559
 -0.00166139
 -0.00317668
  0.00620544
  0.00596631
  0.00986126
-0.000224685
-0.000739549
   0.0051408
  0.00993044
  0.00414615
 -0.00871053
 -0.00315884
 -0.00410117
 -0.00044686
 -0.00265517
 0.000622233
 -0.00328485
-0.000679673
  0.00410144
 0.000605259
-9.04763e-05
  0.00201382
 -0.00375969
   0.0004421
-0.000716199
  0.00129994
 8.41468e-06
 -0.00224024
-0.000519174
 -0.00189754
  0.00297344
  0.00442609
  0.00627409
-0.000103928
     0.00825
   0.0101446
  0.00987724
  0.00563106
  0.00288222
  0.00302513
  0.00708802
  0.00195064
  0.00700309
 0.000475237
 -0.00298032
 -0.00232063
 -0.00492224
 -0.00594976
 -0.00716213
-0.000679845
 0.000143276
 -0.00153611
 -0.00235055
 -0.00619334
-0.000134791
  0.00380718
  0.00667042
 -0.00552004
 -0.00862139
 -0.00437573
 -0.00209885
 -0.00226324
  -0.0032712
  0.00148615
   0.0020518
 6.62526e-06
-0.000578282
 1.74818e-05
  0.00554502
 -0.00105399
 -0.00139391
  0.00165987
 6.65877e-05
 -0.00591194
 -0.00764593
-0.000493676
  0.00133801
-0.000988402
 -0.00532954
 0.000369255
 -0.00105246
 -0.00316013
 -0.00528555
 -0.00145555
   -0.002486
 0.000547512
  0.00259993
  0.00912575
  0.00783785
  0.00507916
-0.000551497
 0.000260856
 0.000232157
-0.000825337
 -0.00207036
 -0.00204248
  -0.0010845
  0.00512872
 -0.00184444
 -0.00108385
 0.000786888
 0.000211318
   0.0012049
 -0.00120324
-0.000256283
  0.00700159
  0.00524661
  0.00167135
 -0.00176116
 -0.00129865
 9.95429e-05
 -0.00195297
 -0.00142942
  0.00313582
  0.00473808
 -0.00172944
 -0.00437555
  0.00656431
  0.00535785
  0.00452697
-0.000500496
 0.000113584
  0.00341404
  0.00548091
-0.000727349
 0.000929675
 -0.00283014
-9.28428e-05
 -0.00377446
  0.00186043
-0.000879608
  0.00590294
  0.00123152
  0.00600234
  0.00021771
 0.000771633
 -0.00162784
  0.00398165
   0.0069592
 -0.00180938
  0.00108509
 -0.00485667
 -0.00037117
  -0.0020103
 0.000712304
-4.85028e-05
  0.00395895
  0.00032472
  0.00303805
  0.00825473
   0.0026168
 0.000373552
 -0.00435436
 0.000429317
   0.0043526
   0.0107879
  0.00589767
  0.00254079
  0.00300296
  0.00522441
   0.0072094
 0.000887805
  0.00124082
 -0.00104935
  0.00206294
 -0.00368658
  0.00120598
  0.00798986
  0.00700037
  0.00326388
  0.00509906
  0.00359809
  0.00297036
 -0.00299928
-0.000115403
  0.00609378
   0.0099127
  0.00363678
 0.000863614
 -0.00609264
  0.00094703
  0.00266581
 -0.00229314
 -0.00175988
-0.000898569
  0.00579066
  0.00228592
  0.00558908
 -0.00471661
-0.000508287
  0.00185099
  0.00627214
  0.00327487
  0.00176325
  0.00626025
  0.00254932
  0.00128452
-0.000503015
  0.00290889
-0.000391132
 -0.00856394
 -0.00839391
 -0.00559242
 -0.00207946
 0.000605069
 -0.00201327
  0.00204633
  0.00654512
  0.00392675
-0.000766536
  -0.0010291
 -0.00261176
-0.000777902
 0.000878169
 -0.00604075
 -0.00495331
  -0.0033556
-0.000927932
-0.000411008
 0.000646916
 -0.00876875
 -0.00449468
  0.00049669
 -0.00189729
 -0.00527491
-0.000259399
-0.000451273
 -0.00424742
 -0.00551959
 -0.00626975
  0.00223897
  0.00304615
  0.00410918
 0.000446233
   0.0042442
  0.00165839
 -0.00252525
 -0.00323233
 -0.00561324
 -0.00587201
 0.000277912
-0.000194619
 -0.00170646
  0.00341411
  0.00120311
   0.0067815
  0.00673556
  0.00526583
-0.000728488
  0.00112945
  0.00107637
  0.00286646
  0.00358687
-0.000209908
 -0.00196864
 -0.00278747
  0.00378828
  0.00764636
   0.0148725
  0.00678267
  0.00374085
  0.00262057
  0.00397398
   0.0054083
  0.00142161
  0.00319654
 -0.00222869
 -0.00544114
 -0.00170102
 0.000453979
  0.00179863
 -0.00105318
 -0.00180537
 -0.00160733
 -0.00193909
  0.00153056
 0.000711424
  0.00242778
  0.00355966
   0.0053106
  0.00373467
 -0.00379509
  0.00365793
  0.00814579
   0.0147838
  0.00476139
   0.0038276
  0.00339732
   0.0116317
  0.00334293
  0.00205823
  0.00360773
 0.000853237
 -0.00397023
 -0.00126676
  -0.0016748
 -0.00429937
 -0.00275365
 0.000531148
  0.00336333
-3.15777e-05
   -0.002918
 -0.00206768
 -0.00339741
 0.000148024
  0.00175213
 -0.00116602
-0.000804998
 -0.00178607
 0.000878039
 0.000896092
  0.00177318
  0.00646906
  0.00599979
 0.000411566
 0.000925429
  0.00204854
   0.0103797
   0.0051703
 -0.00146589
 -0.00151392
  -0.0010722
 -0.00135759
 -0.00113146
  0.00238863
-5.54149e-06
  0.00194531
  0.00328275
   0.0103707
  0.00854478
  0.00870994
  0.00341584
 -0.00271251
 -0.00788056
 -0.00685952
 -0.00406978
 -0.00108112
  0.00391898
  0.00384668
  0.00169004
  0.00240993
  0.00193931
 -0.00387535
 -0.00603982
 -0.00255471
  0.00230002
  0.00404206
   0.0025157
-0.000129301
   0.0051289
   0.0039427
 -0.00104237
 -0.00611779
 -0.00333351
 0.000235573
 -0.00231091
-3.39001e-05
-0.000714055
  0.00154886
 0.000396536
  0.00132088
-0.000759182
 -0.00335226
 -0.00454414
 -0.00342453
 -0.00488059
 -0.00740663
 -0.00192398
  0.00854567
   0.0061518
  0.00278801
   0.0013204
 -0.00183026
 0.000419726
 0.000850225
  0.00616248
  0.00595817
  0.00319525
 -0.00199879
  0.00536562
  0.00733969
-0.000264368
 -0.00394335
 -0.00543678
 -0.00196872
 -0.00403658
  0.00192726
-0.000245306
  0.00753933
  0.00388775
  0.00713433
  0.00578674
-0.000789148
 -0.00518242
-0.000569538
 0.000780101
 -0.00855376
  -0.0128512
 -0.00521297
-0.000109441
  0.00162246
   0.0100772
  0.00459017
   0.0032153
   -0.002906
 -0.00418058
 -0.00057046
 0.000984457
  0.00651457
 0.000821872
  0.00103653
-0.000556182
-0.000746785
 -0.00163761
  0.00611433
  0.00780532
  0.00686586
  0.00312225
  0.00504619
  0.00463044
  0.00428091
 0.000908525
 -0.00519734
 -0.00867726
 -0.00111526
 -0.00378301
  0.00115932
-8.59414e-05
-0.000318006
   0.0008627
  0.00296006
  0.00332463
  0.00422641
-0.000700007
 0.000445336
 -0.00173998
  0.00371394
 -0.00214302
 0.000365998
 -0.00307772
  0.00185616
 0.000399743
  0.00117097
 -0.00409046
  0.00228736
  0.00522872
  0.00952491
  0.00676896
   0.0021188
-0.000504958
  0.00419333
  0.00839194
  0.00260396
-0.000353945
 -0.00583826
-0.000283453
 0.000492573
  0.00198238
 -0.00116257
 -0.00125062
 0.000622638
-0.000842915
 -0.00308335
 -0.00338051
  0.00240977
-0.000778055
-0.000848649
-0.000568592
  0.00400778
   0.0020423
 -0.00135183
 -0.00122476
  0.00295736
  0.00146504
  0.00661218
  0.00261659
 0.000282515
 -0.00288864
 -0.00145966
 -0.00096336
  0.00196353
  -0.0025937
 -0.00344021
  0.00044782
 0.000257253
 -0.00048512
-0.000405086
    0.004263
  0.00313468
 -0.00162968
 -0.00540054
 -0.00476978
 -0.00371844
 -0.00141465
 0.000766058
 2.95334e-05
 -0.00546647
  -0.0023041
 -0.00067005
  0.00523655
-0.000678606
 0.000426121
  -0.0013788
 0.000992149
  0.00297618
 -0.00342709
 -0.00489574
-0.000575213
    0.005178
 -0.00125432
 -0.00118441
 -0.00537366
  -0.0065888
 -0.00277229
 -0.00560024
-0.000536072
  0.00151609
 -0.00553023
   -0.013841
 -0.00829637
 -0.00138432
 -0.00265129
  -0.0010362
 -0.00237753
-0.000444509
  0.00306753
  0.00797955
  0.00439468
 -0.00182142
 -0.00330737
 -0.00595279
 -0.00415244
 -0.00412707
  0.00240831
  0.00218837
 -0.00673973
    -0.00603
 -0.00337682
  -0.0014079
  0.00680034
   0.0120893
  0.00460112
 -0.00331236
 -0.00136271
 -0.00275191
  0.00146237
  0.00595818
  0.00824848
 -0.00502873
  -0.0040751
  0.00387253
  0.00390306
  0.00683136
 -0.00192093
 -0.00422702
 -0.00210094
  0.00737709
   0.0109597
  0.00910712
 0.000873447
  -0.0029187
 -0.00848134
 -0.00494727
-0.000461776
   0.0019334
 -0.00678454
 -0.00886249
 -0.00866239
  0.00244164
  0.00936154
  0.00407501
  0.00471707
  0.00514371
   0.0061079
-0.000296996
  -0.0018115
  0.00105192
 -0.00156408
 -0.00214743
 -0.00421241
 0.000659142
 0.000250156
  0.00149805
  0.00794527
   0.0023646
 -0.00373369
 -0.00216081
-5.68022e-05
  0.00517889
 0.000786647
 -0.00222591
 0.000204103
-0.000704037
 -0.00086346
-0.000419049
 0.000661868
 0.000148942
 -0.00470642
 -0.00282765
 0.000340416
  0.00322481
 -0.00305098
 -0.00714387
  0.00160469
  0.00126267
-0.000760244
  0.00171686
  0.00130641
 -0.00380449
 -0.00254411
 -0.00276782
  0.00155074
  0.00140855
  0.00301173
 -0.00107495
 -0.00144764
 -0.00295432
  0.00359718
  0.00594419
  0.00201216
 -0.00202945
  0.00271204
-0.000307301
 -0.00204058
  -0.0055824
 -0.00190178
 -0.00561598
 -0.00572085
 -0.00477094
 -0.00114598
-0.000237582
   0.0037773
 0.000773363
  0.00261837
  0.00767965
  0.00275633
  0.00527665
 -0.00102284
  0.00236858
  -0.0032958
 -0.00617486
 -0.00465812
 -0.00173542
 0.000672969
 -0.00277366
 -0.00807074
 -0.00666326
  -0.0066217
 0.000948248
  0.00791778
   0.0100649
  0.00369827
  0.00079756
-0.000553188
  0.00350265
  0.00468388
  0.00172081
 0.000818391
 -0.00442869
 -0.00571435
 -0.00191314
  0.00499485
  0.00207444
-0.000124749
 0.000707034
 -0.00259799
  -0.0036127
 -0.00285324
 -0.00586365
 -0.00246023
 0.000530769
 -0.00174601
 0.000323383
 -0.00189623
  0.00321671
  0.00529429
  0.00185356
  0.00127135
  0.00246826
-0.000414796
 -0.00369008
 -0.00167668
 -0.00144297
 -0.00229952
 0.000280727
 -0.00144347
 -0.00542313
 -0.00427465
 -0.00505681
 0.000875894
-0.000916746
 0.000914253
 -0.00120979
  0.00250438
  0.00686571
 -0.00230379
 -0.00465464
  -0.0031556
  0.00410598
 0.000319911
-0.000776545
 0.000627249
  0.00225291
  0.00958478
  0.00975866
  0.00620504
 -0.00267125
 -0.00917853
  -0.0117211
 -0.00155144
 -0.00312838
  0.00358311
  0.00539814
  0.00200284
 -0.00397533
 -0.00808653
 -0.00392149
 -0.00264463
  0.00262089
  0.00116102
  0.00270409
 -0.00144221
  0.00120065
  0.00136361
  0.00292964
  0.00582543
  0.00403063
  0.00424383
 -0.00226158
 -0.00293683
  0.00164077
 -0.00105013
  0.00381158
 -0.00127591
 -0.00590444
 -0.00544227
  0.00230808
 -0.00253481
 0.000203956
  0.00173643
 -0.00064816
 -0.00276438
 -0.00103806
 -0.00097878
  0.00120183
-0.000248664
   0.0020113
  0.00125005
   0.0019158
  0.00454274
  0.00236551
   0.0023724
  0.00225205
 0.000146995
  0.00170406
  0.00486415
  0.00822964
  0.00043532
  0.00201864
 0.000495262
 -0.00227685
-0.000662009
  0.00268896
  0.00391226
 -0.00498563
-0.000263779
  0.00102579
  0.00525358
   0.0065618
  0.00308144
 -0.00471052
 -0.00781179
 -0.00389184
 -0.00165034
   0.0040173
  0.00206976
  0.00499358
-0.000983475
 -0.00180682
 -0.00218739
 0.000240836
 -0.00152515
 0.000201835
 0.000817501
 -0.00306303
  0.00034699
-1.55744e-05
  0.00417593
  0.00699633
  0.00342181
  0.00202522
 0.000211182
  0.00087959
 -0.00166653
 -0.00398947
 -0.00355175
  0.00233397
   0.0083947
  0.00262599
 -0.00255482
 -0.00442315
 -0.00260128
  0.00629857
  0.00755106
  0.00448692
 -0.00222609
 -0.00454418
-0.000524899
-7.03612e-05
  0.00462671
  0.00739629
  0.00463171
 -0.00142497
   0.0026541
  0.00664093
  0.00682975
  0.00310836
  0.00213144
-0.000903996
  0.00110913
 -0.00202631
 -0.00701145
  -0.0119235
 -0.00639908
  -0.0110847
 -0.00389642
-0.000809576
-0.000696056
-0.000172332
 -0.00186766
 -0.00721576
 -0.00923677
 -0.00079153
  0.00538315
  0.00832123
 0.000925338
 -0.00446476
 -0.00109431
  0.00251371
  0.00336144
   0.0025259
 0.000413111
 -0.00197516
  0.00289285
  0.00377774
  0.00268934
  0.00557237
  0.00495029
  0.00392943
  0.00228565
-0.000395105
 2.14164e-05
 -0.00020189
   0.0047475
  0.00616987
   0.0051945
  0.00295312
  0.00452581
  0.00129939
  0.00147425
 -0.00402105
 -0.00298447
  -0.0045902
-0.000776046
 0.000879728
  0.00199533
  0.00195155
  0.00212383
  0.00164896
  0.00329301
 -0.00188117
 -0.00395497
-0.000728946
 -0.00199089
 -0.00285526
 -0.00377069
 -0.00127214
 -0.00894867
 -0.00454203
 -0.00435142
 -0.00160051
 -0.00295984
  0.00144266
  0.00160882
 -0.00050717
  -0.0071454
 -0.00295758
  0.00305133
  0.00634752
 0.000586939
 -0.00198622
  0.00426483
   0.0086379
  0.00783026
-0.000866944
 -0.00297109
 -0.00813154
  0.00260523
 -0.00536585
-0.000128932
  -0.0054078
  0.00258814
  0.00643485
   0.0023785
   0.0041254
 -0.00305479
 -0.00278421
 -0.00338937
 0.000512096
 -0.00463765
  -0.0047471
 -0.00225187
 -0.00279309
 -0.00401967
   0.0036276
 -0.00271276
  0.00226692
  0.00121557
  0.00175236
  0.00487421
 -0.00212122
 -0.00535725
 -0.00139178
 -0.00138694
 -0.00119417
 -0.00335602
-0.000200078
  0.00414545
   0.0045481
 -0.00164926
 -0.00596637
 -0.00358621
 -0.00305585
-0.000614607
-0.000569699
-0.000739019
 0.000894134
   0.0039587
  0.00476263
  0.00481175
  0.00330014
   0.0060247
  0.00120807
 0.000266973
 -0.00466327
  -0.0018705
-0.000718488
 0.000896849
 -0.00206938
 -0.00125682
 -0.00406499
 -0.00430615
   0.0020253
  0.00119865
-0.000518128
  0.00127886
 -0.00416193
 -0.00657491
 -0.00574602
 -0.00218527
 0.000840376
  0.00159405
-7.17664e-05
 -0.00258228
-0.000462762
  0.00304868
  0.00437205
  0.00760781
  0.00143488
  0.00178519
  0.00491133
 -0.00196792
-0.000468269
  -0.0053078
 -0.00237964
 -0.00700096
 -0.00230895
 0.000990097
  0.00457093
  0.00131817
 -0.00287097
 -0.00689715
 -0.00168382
-0.000686665
 -0.00204493
-0.000746058
  -0.0031384
  0.00014904
 -0.00248785
 -0.00490542
 -0.00697532
  0.00292784
  0.00141887
   0.0066787
  0.00481612
  0.00128852
  0.00220993
 0.000231621
  0.00212208
 -0.00369614
 -0.00224046
 -0.00272106
-0.000867674
 -0.00280107
-0.000110489
  0.00608874
 0.000198721
 -0.00183596
  0.00374639
  0.00960627
  0.00638312
   0.0044937
 -0.00137212
  -0.0042404
 -0.00762008
 -0.00440719
 -0.00579781
  0.00242919
 -0.00280748
  0.00176176
-0.000725187
  0.00904802
  0.00263082
 -0.00332133
 -0.00402265
   0.0012627
  -0.0019583
 -0.00385559
  0.00137449
  0.00322683
 0.000531711
 -0.00155329
 -0.00352436
  0.00202348
   0.0079197
  0.00662277
  0.00199495
 0.000478294
 0.000711351
-0.000157159
  0.00336745
  0.00704898
  0.00909155
  0.00970712
   0.0061177
  0.00516155
 -6.2744e-07
 -0.00117867
 -0.00266145
-0.000756102
 -0.00203763
  0.00381817
 -0.00238764
 -0.00842461
 -0.00341638
 -0.00122071
 0.000324846
    0.005711
  0.00767117
  0.00459934
  0.00175563
 -0.00466685
 -0.00396429
  0.00417029
  0.00644188
  0.00302314
   0.0046412
 -0.00020247
 -0.00682998
 -0.00413539
 0.000293009
 -0.00130935
 -0.00180681
 -0.00576753
 -0.00408219
 -0.00328741
 -0.00185656
    0.001504
 -0.00290184
 -0.00727943
  0.00171709
  0.00127605
 0.000992358
 -0.00405601
 -0.00236807
  -0.0043204
  0.00400284
  0.00172158
-0.000931975
  0.00140803
 -0.00138834
-0.000502737
 -0.00316519
 -0.00182462
 -0.00223322
 -0.00060034
 0.000832673
  0.00135995
  0.00713439
  0.00526714
 -0.00274243
 -0.00383997
 -0.00482418
-0.000816588
 -0.00343018
 -0.00552871
  -0.0084593
 -0.00420056
 -0.00351264
  0.00106361
 -0.00354657
 -0.00437639
 -0.00103025
  0.00326902
  0.00420576
 -0.00156117
 -0.00680493
  -0.0044688
   0.0027658
  0.00338789
  0.00436138
   0.0034703
 -0.00406355
 -0.00570035
 -0.00158171
 -0.00163304
   0.0073344
  0.00599594
 2.60751e-06
  0.00154506
 0.000210714
  0.00859927
  0.00291025
 0.000279329
 -0.00210549
  0.00742984
  -0.0013914
 -0.00835805
 -0.00579011
 0.000296652
  0.00310884
 -0.00119161
 -0.00654152
 -0.00771596
 0.000159116
 0.000347877
-0.000262554
 -0.00134879
  0.00203677
  0.00819521
  0.00964406
  0.00324519
 0.000904486
 -0.00352516
 -0.00342432
-0.000666952
  0.00352499
 0.000858765
  0.00488099
  0.00294655
  0.00629061
  0.00762823
  0.00771423
 0.000890582
  0.00306877
  0.00404174
   0.0050533
  -0.0018634
 -0.00600268
 -0.00168703
  0.00094296
  0.00351972
 -0.00502785
 -0.00573675
 -0.00968887
 -0.00353089
 -0.00522672
 -0.00121135
 -0.00554305
  0.00218078
  0.00622785
   0.0094524
  0.00121275
  0.00373515
  0.00337547
-0.000531946
 -0.00289128
  -0.0108608
 -0.00862814
 -0.00500963
  0.00357693
  0.00318031
 -0.00271174
 -0.00051964
 -0.00408602
  0.00146184
  0.00366706
  0.00333274
 -0.00272637
 -0.00393524
 0.000486635
  -0.0025887
-0.000916863
 -0.00270686
 -0.00367367
  -0.0032255
 0.000450198
 -0.00527438
 -0.00238643
-0.000843432
 -0.00166067
 -0.00423195
 -0.00138378
 -0.00452217
 -0.00635305
 -0.00207873
 -0.00609635
  -0.0110406
 -0.00554111
 4.63201e-05
  0.00299677
  0.00442163
  0.00472075
 -0.00362539
-4.27099e-05
 -0.00258397
-9.62168e-06
-2.26076e-05
 -0.00241856
-0.000122619
  0.00630898
  0.00547469
-0.000907319
 -0.00258398
 -0.00484585
  0.00766642
  0.00792746
   0.0111175
   0.0070452
 0.000274688
 -0.00368859
 -0.00125605
 -0.00216141
  0.00363496
 -0.00425405
 -0.00526077
 -0.00173472
   0.0096756
  0.00874259
  0.00693202
-0.000798985
 -0.00349377
 -0.00162519
  0.00228475
  0.00799905
  0.00499682
  0.00276474
  0.00392869
  0.00746593
  0.00586822
 0.000457442
  0.00259455
 -0.00209516
  0.00234554
  0.00063319
  0.00239713
 -0.00225392
 -0.00532586
-1.03572e-05
  0.00254938
  0.00531348
  0.00607981
  0.00341527
  0.00251423
 0.000884867
  0.00378323
  0.00272898
  0.00197033
  0.00142228
 -0.00455748
 -0.00819421
 -0.00672045
  0.00406126
  0.00819343
  0.00903111
 0.000942505
 -0.00200221
  -0.0036741
  0.00145118
-0.000285667
  0.00316884
  0.00576683
  0.00299431
-0.000770654
 -0.00351896
 -0.00019724
  0.00693423
   0.0102198
  0.00722955
 -0.00258026
 -0.00106197
 -0.00343147
  0.00240122
  0.00523976
  0.00479508
 -0.00431586
 -0.00341996
   -0.003062
 -0.00276684
  0.00102237
 -0.00129549
 -0.00554331
 -0.00804455
 -0.00368865
 -0.00538935
 -0.00607088
 -0.00754784
 -0.00402262
 0.000286116
  0.00272733
 0.000789028
  0.00603952
  0.00767666
   0.0036844
  0.00156599
  0.00452426
  0.00056805
-0.000530436
  0.00909198
   0.0068955
  0.00729024
   0.0057848
  0.00482737
 -0.00074629
  0.00115824
  0.00798646
  0.00551042
  0.00477243
  0.00557208
 -0.00250117
-0.000692302
  0.00508726
  0.00976272
   0.0024442
  0.00182131
 -0.00329277
 -0.00278493
 -0.00146552
 -0.00376961
 -0.00331964
-0.000488033
 0.000939514
  0.00118467
 -0.00100538
 0.000325384
 -0.00363128
 -0.00312528
 -0.00380112
 -0.00210482
  0.00056313
 0.000755882
 -0.00114803
 -0.00240638
 -0.00157655
 -0.00117048
  0.00163546
  0.00225823
 5.21732e-05
 -0.00350252
 -0.00394812
 -0.00599692
-0.000997862
 -0.00040274
  0.00310037
-0.000254268
 -0.00192101
 0.000770543
  0.00686291
  0.00752584
  0.00105142
 -0.00430039
 -0.00456053
-0.000380566
 -0.00135112
  0.00174272
   0.0011518
 0.000312184
 -0.00137319
  0.00421341
-9.26272e-05
  0.00261732
 -0.00206425
 -0.00547875
 0.000304604
  0.00396541
-0.000303355
 -0.00470119
 -0.00276363
  0.00421552
  0.00155454
 -0.00478909
 -0.00542797
  0.00157055
  0.00250649
 -0.00155851
 -0.00471547
 -0.00707238
 -0.00400804
 -0.00246181
 -0.00174304
 -0.00123709
 0.000388806
  0.00458206
 0.000728658
 -0.00113694
 -0.00350602
 0.000539524
 -0.00203447
-0.000745116
 -0.00285214
  0.00363098
  0.00336346
  0.00487412
   0.0015602
  0.00836612
   0.0129827
   0.0111808
-0.000171359
  0.00021603
 0.000134402
 -0.00416551
 -0.00323957
 -0.00280581
  0.00132794
 9.38012e-06
  -0.0030942
 -0.00289005
 -0.00652864
 -0.00870154
-0.000324744
  0.00220891
  0.00486723
  0.00656563
  0.00835885
  0.00561416
 0.000316441
 -0.00309739
 -0.00749475
 -0.00270819
 -0.00187072
-3.13175e-05
 -0.00481906
 -0.00298945
-0.000257918
 0.000295737
 -0.00297488
 -0.00672752
 -0.00132166
 -0.00391591
 -0.00275739
 -0.00712752
  -0.0044279
  -0.0065445
  0.00360136
-0.000460249
 0.000888208
  0.00276413
 -0.00346005
-0.000905926
  0.00373481
  0.00817555
 -0.00107814
  0.00279979
  0.00661199
  0.00274314
  0.00164802
  0.00427733
  0.00393482
  0.00514511
  0.00335774
-8.16055e-05
 -0.00458345
  -0.0103727
 -0.00723276
 -0.00671559
-0.000484749
  0.00720381
  0.00608348
 0.000856761
 -0.00338689
  0.00386702
  0.00767073
  0.00181324
  0.00214757
 0.000149119
  0.00256234
 -0.00304296
 8.51994e-05
 -0.00117672
  0.00195513
  0.00148807
  0.00383683
 -0.00420171
  0.00428731
  0.00253991
 0.000730941
  0.00175073
  0.00473749
  0.00792283
 0.000398943
 -0.00646206
  -0.0101158
  -0.0100824
 -0.00639574
 -0.00230969
 -0.00138001
 -0.00529469
   0.0010184
   0.0015778
 -0.00164587
 -0.00106581
   0.0021092
 -0.00091038
  0.00121553
  0.00397197
 -0.00426128
 -0.00231083
  0.00655515
  0.00278266
 -0.00462573
 -0.00534865
 -0.00635951
 -0.00305052
 -0.00669131
 -0.00335761
 -0.00572446
  0.00172438
 -0.00347222
 -0.00356206
 -0.00156375
-0.000621142
  0.00679747
  0.00255059
  0.00388107
-0.000208964
 0.000753804
 -0.00594287
 -0.00424379
 -0.00132808
  0.00314734
  0.00543432
  0.00241302
-0.000799807
-0.000157028
 0.000693553
-4.54548e-05
-0.000784791
  0.00164287
  0.00123419
  0.00235122
  0.00155777
  0.00405767
-0.000776633
 -0.00159184
 8.44037e-05
  0.00273279
  0.00077161
 0.000434353
-0.000395857
  -0.0016029
 -0.00223363
 0.000322487
-8.12543e-05
  0.00147266
  0.00217686
  0.00456186
 0.000260135
  0.00503122
  0.00363247
 -0.00286644
 -0.00754651
 -0.00426727
-0.000397397
  0.00647929
  0.00097308
 -0.00249117
 -0.00647702
  0.00350875
  0.00347853
 -0.00482666
  -0.0073998
 -0.00986473
 -0.00369142
  0.00227236
  0.00751465
  0.00298053
 0.000306258
  0.00170798
  -0.0019426
-0.000346614
 1.33416e-05
-0.000102782
  0.00643403
  0.00459357
  0.00353812
 0.000640506
 -0.00131234
 -0.00560898
 -0.00633026
 -0.00080216
 -0.00178723
 0.000381884
 -0.00359434
  -0.0069432
 -0.00126802
  0.00167108
  0.00264322
  0.00346389
  0.00304364
 0.000778554
 -0.00201686
 0.000712947
  0.00522554
  0.00255144
  0.00345814
 -0.00402577
 -0.00106074
 -0.00532689
 -0.00180062
 0.000585041
  0.00478395
  0.00477235
  0.00375443
  0.00668345
-0.000397203
  0.00407216
  0.00319988
   0.0107292
   0.0018185
 -0.00239578
 -0.00148216
  -0.0043125
-0.000844151
 -0.00126839
  0.00153398
 -0.00508499
 -0.00253458
 0.000666991
-0.000646863
-0.000485697
  0.00274868
  0.00308573
  0.00308429
   0.0027693
  0.00024619
-0.000256568
   0.0022072
  0.00709843
  0.00524983
  0.00369448
  0.00534913
  0.00192146
  0.00521386
-0.000562715
  0.00286525
  0.00639904
  0.00543329
  0.00236746
  -0.0029265
  0.00384883
  0.00103719
  0.00129319
 -0.00454794
 -0.00717261
 -0.00718983
 -0.00460924
  0.00635887
  0.00395683
 -0.00226237
 -0.00796081
 -0.00351154
 -0.00183323
  0.00116489
 0.000497853
-0.000278021
-6.72859e-05
  0.00315427
  0.00385819
 -0.00361147
 -0.00717713
-0.000248804
  0.00342296
 0.000248634
  0.00156659
 -0.00239207
 -0.00112704
 -0.00297346
  0.00126243
  0.00464871
  0.00880983
  0.00135968
 -0.00259661
 -0.00279409
  0.00239005
  0.00285952
  -0.0026118
 -0.00393975
 0.000539177
-0.000538819
-0.000873655
 -0.00706107
 -0.00749249
 -0.00817328
 -0.00268964
 -0.00522672
 0.000498943
  0.00192186
  0.00129673
  0.00255688
  0.00537551
  0.00799975
  0.00666528
  0.00511623
 -0.00250199
  0.00107108
-0.000797731
 -0.00150049
 -0.00265358
  0.00255646
  0.00288183
 -0.00271564
 0.000220726
 -0.00183404
 -0.00190897
  -0.0044366
  0.00129471
   0.0011007
-0.000244604
 0.000872953
 0.000218885
 -0.00223807
 -0.00360152
 -0.00098277
  -0.0019317
  0.00337481
  0.00451221
 -0.00326421
 -0.00589993
  0.00600505
  0.00211767
  0.00329157
  0.00656132
  0.00165166
 0.000596702
  0.00463319
  0.00380842
   0.0010903
  0.00493297
  0.00701185
  0.00628474
 -0.00118807
  0.00143456
 -0.00102945
 0.000603199
  0.00126493
 -0.00652178
 -0.00393387
 -0.00554388
 -0.00124933
-0.000278342
 -0.00224233
 7.06474e-05
-0.000479322
-0.000835312
-0.000506285
    8.25e-05
 -0.00193425
 0.000150344
  0.00420802
-0.000932239
  0.00313688
-3.58749e-05
 0.000135978
 -0.00243279
  0.00750215
 -0.00104644
-0.000843326
 -0.00251818
   0.0045453
-0.000947905
-0.000599215
-0.000980638
 -0.00266309
  0.00112109
 0.000955107
  0.00042222
-0.000988222
 -0.00564435
 -0.00233169
 -0.00709693
-6.29901e-05
  0.00782842
  0.00562819
  0.00235673
 -0.00140537
  -0.0014751
 -0.00175694
  0.00313085
-0.000423011
  -0.0039347
 -0.00453401
  0.00413804
  0.00777388
  0.00993815
  0.00175566
  0.00457808
   0.0023193
 0.000902969
 -0.00103757
-0.000483372
  0.00040229
  0.00258499
  0.00384838
  0.00526609
 -0.00127655
 -0.00993587
  -0.0072576
  0.00542935
  0.00732011
   0.0067937
 -0.00483379
 -0.00552008
 -0.00177625
  0.00878401
  0.00641054
   0.0024785
-0.000939752
  0.00220628
  0.00211406
 -0.00449816
 -0.00450333
 -0.00674036
  0.00279295
  0.00126863
 -0.00267401
-0.000775204
 -0.00473465
 -0.00230507
 7.72976e-05
  0.00963166
  0.00615814
  0.00645085
 8.90819e-05
  0.00322998
 -0.00115735
 -0.00533286
 -0.00773088
 -0.00663242
 -0.00460455
 0.000225537
  0.00184971
 -0.00132265
  0.00198832
  0.00776858
  0.00510907
  0.00356611
-0.000492702
  0.00577907
   0.0059684
  0.00283671
 -0.00102661
 -0.00455006
 -0.00580628
 -0.00274345
  0.00338054
  0.00137594
 7.58806e-06
  0.00071513
  0.00168792
 0.000650211
  0.00156554
-7.70765e-05
 -0.00072962
 -0.00410914
 -0.00601626
 -0.00735058
-0.000612253
 0.000113109
  0.00118159
 -0.00293259
 -0.00157169
 -0.00106534
  0.00365378
   0.0015459
  0.00310278
  0.00535404
 -0.00479312
 -0.00415105
 -0.00127498
 -0.00283755
 -0.00389572
 -0.00225575
 0.000407332
 0.000155778
 -0.00116526
 -0.00588979
 -0.00244595
 -0.00657638
 -0.00101643
  0.00147635
  0.00236024
   0.0054571
   0.0053071
  0.00319409
 -0.00103871
  0.00191053
  0.00502281
-0.000154835
-9.65414e-05
 -0.00350126
 -0.00666957
 -0.00178588
  0.00115765
  0.00731992
  0.00567798
  0.00314657
  0.00320962
  0.00133163
  0.00143048
 -0.00203408
 -0.00362776
 -0.00433769
-0.000426945
 0.000181984
 -0.00042825
 -0.00188095
  -0.0016094
  0.00295863
  0.00681433
  0.00153172
-0.000819346
 -0.00488926
 -0.00395217
 -0.00106844
   0.0067918
   0.0079285
  0.00596954
  0.00577499
  0.00213006
 -0.00366316
   -0.012104
 -0.00591825
   0.0045902
  0.00730832
 0.000255121
 -0.00110227
  0.00290076
  0.00115131
  0.00239874
  0.00195751
 -0.00771553
 -0.00876152
 -0.00690871
 -0.00282209
   0.0035725
  0.00194622
 -0.00645371
 -0.00431188
 -0.00328523
  0.00171379
   0.0033913
  0.00197785
  0.00133474
   0.0043789
   0.0064297
 -0.00719472
  -0.0125964
   -0.003279
 0.000124053
 -0.00204631
-0.000660951
  0.00472594
-0.000311004
 0.000329596
  0.00346577
-0.000226551
  -0.0027209
 2.17581e-05
 -0.00301053
 -0.00224703
 6.07904e-05
  0.00204214
  0.00395081
  0.00265481
 0.000656656
  0.00333785
 -0.00415175
 -0.00837014
 -0.00564553
  0.00386575
-0.000855907
  0.00394252
  0.00167181
 0.000369316
  0.00220641
 -0.00025208
 -0.00157715
  0.00270788
  0.00359942
  0.00663479
  0.00435256
-0.000384961
  0.00380364
  0.00217508
  0.00479652
  0.00492098
  0.00576609
 -0.00153241
 -0.00554391
 -0.00765885
  0.00204597
  0.00550862
  0.00835538
 0.000677763
 -0.00353393
 -0.00454287
 -0.00208399
  0.00279079
 -0.00160304
 -0.00290129
  0.00226147
  0.00529496
  0.00320236
 0.000861637
 -0.00128818
 -0.00214201
 -0.00232173
 -0.00339229
  0.00202845
 -0.00119613
 -0.00414522
 -0.00247342
  0.00650586
  0.00971866
  0.00536537
  0.00466788
 -0.00127053
 -0.00525837
   -0.005899
 -0.00197661
  0.00106945
  0.00124976
-0.000757312
 -0.00196549
  0.00157721
 0.000417212
-0.000846552
-0.000998109
 -0.00638174
 -0.00365103
 -0.00148239
 -0.00230945
 -0.00176407
-0.000317305
 -0.00285407
 -0.00495037
 -0.00160955
-0.000383066
-0.000816052
-7.42019e-05
  0.00658867
  0.00137983
  0.00625378
  0.00911845
  0.00575673
 -0.00466156
 -0.00488316
 -0.00442539
 7.60785e-05
  0.00822306
  0.00660332
   0.0024254
 -0.00227249
 -0.00318999
  0.00239746
  0.00748216
 -0.00261574
 -0.00811895
 -0.00514486
  0.00212005
 -0.00158998
 0.000204795
  0.00159713
  0.00177032
 -0.00300481
  0.00704035
  0.00550773
  0.00822729
  0.00453993
  0.00247987
 0.000280574
 -0.00322868
  0.00112877
-2.16127e-05
  0.00373562
 0.000467766
  0.00367671
 -0.00306078
-0.000783633
 -0.00221993
  0.00475037
 -0.00135929
   0.0010237
-0.000784353
 -0.00279989
 0.000471104
 0.000831305
-0.000835834
 -0.00268151
 0.000234797
 8.59178e-05
  0.00531133
  0.00374149
  0.00229768
 0.000828704
 -0.00326963
  0.00112647
  0.00580541
  0.00103042
  0.00157786
  0.00219343
 -0.00192285
 -0.00172935
 -0.00025108
 0.000196747
-5.41441e-05
  0.00321986
-0.000597306
 -0.00190787
 0.000273701
  0.00356061
  0.00716344
 0.000665695
  0.00093206
 -0.00599595
 -0.00400241
 -0.00486289
  0.00334795
 0.000788231
  0.00127789
 0.000782724
  0.00136718
-0.000930943
 -0.00022148
  0.00550667
  0.00221505
  0.00581276
  0.00312464
  0.00406326
  0.00203537
  0.00136212
 0.000210753
  0.00662074
  0.00717163
  0.00645033
  0.00438045
   0.0004542
 -0.00432375
 -0.00222217
 -0.00209793
  0.00485951
  0.00121588
-0.000146829
 -0.00126613
  0.00383093
  0.00243816
  0.00249036
  0.00119591
 -0.00358087
 -0.00879014
 -0.00710797
 -0.00423403
   0.0023946
 0.000797989
  0.00545266
  0.00533737
-0.000402063
 -0.00188442
 0.000957275
  0.00118386
 -0.00644288
 -0.00635012
 -0.00250391
 2.13333e-05
 -0.00223217
  -0.0048987
 -0.00491512
 -0.00280564
 -0.00501683
 -0.00112945
 -0.00716579
 -0.00309237
-0.000343756
  0.00233065
 -0.00255327
 -0.00399114
  1.4302e-07
 -0.00119068
 -0.00155919
 -0.00434682
  0.00322397
  -0.0006963
  0.00308717
  0.00188849
  0.00776454
  0.00712153
  0.00528382
  0.00569858
  0.00479112
  0.00152125
   0.0008543
 0.000188851
 -0.00160958
 -0.00170908
-0.000148799
 -0.00237066
 -0.00749459
  -0.0069575
 -0.00609558
 -0.00915525
 -0.00202739
-0.000934993
 -0.00340497
 -0.00575247
 -0.00444056
-0.000600976
  0.00301901
 -0.00201548
 -0.00157416
 -0.00350639
  0.00292016
 -0.00359886
 -0.00117773
 -0.00349076
 0.000341663
 -0.00202484
-0.000523823
 -0.00184988
     0.00127
-0.000280299
 0.000543189
 -0.00246139
 -0.00308308
 -0.00546358
 -0.00673661
  -0.0043997
 -0.00336945
 -0.00731233
-6.68306e-05
  0.00152173
-0.000944593
 -0.00486147
 -0.00636744
 -0.00473398
  0.00102325
 0.000709757
 -0.00161848
 -0.00277479
 -0.00142958
 -0.00227342
  0.00063439
 0.000789954
  0.00406737
  0.00656124
 -0.00290674
 -0.00159808
  -0.0056218
-0.000634117
 -0.00499326
-0.000599913
  0.00319106
    0.004303
  0.00466981
 -0.00130589
 0.000743428
 -0.00202309
 -0.00184507
  -0.0021456
 0.000434148
  0.00189513
 -0.00152251
 -0.00725554
 -0.00175495
 -0.00398933
 -0.00219623
-0.000344075
 7.43433e-05
 -0.00516321
 -0.00305721
-0.000315078
 -0.00156126
 -0.00278124
  0.00153582
 0.000590512
     0.00557
   0.0123792
  0.00719753
  -0.0055108
 -0.00496241
 -0.00218025
 -0.00591928
 0.000265502
  0.00413434
  0.00468469
 -0.00194991
  0.00259384
 0.000346241
 -0.00340115
 0.000546583
  0.00384428
  0.00695247
  0.00133261
 -5.9694e-05
 -0.00838366
 -0.00753089
 -0.00125834
    0.002104
 -0.00227155
 -0.00438697
 -0.00185421
 -0.00103791
  0.00218171
 0.000979246
  -0.0038628
 -0.00556598
 -0.00370871
 0.000594275
 0.000458059
 -0.00359272
 -0.00363052
 -0.00512588
 -0.00505502
 -0.00456118
  -0.0042787
  0.00187747
 -0.00323662
  0.00102878
  0.00247399
  0.00226721
 -0.00390945
   -0.004412
 -0.00108161
 -0.00546982
 0.000829777
  0.00753414
   0.0044979
 -0.00175901
 -0.00229063
 -0.00417186
-0.000161743
-0.000661867
-0.000276575
 0.000108868
 -0.00469967
-0.000659497
 -0.00149714
  0.00106089
 -0.00412821
 -0.00312037
 -0.00601195
-4.23958e-05
 -0.00209145
 0.000375384
 -0.00481295
 -0.00415016
  0.00147419
  0.00196513
  0.00239675
 -0.00528252
 -0.00523261
  0.00423367
  0.00516791
 -0.00190894
   -0.001198
-0.000224569
 0.000853875
  -0.0011137
 -0.00297078
 -0.00404713
 -0.00032715
  0.00196316
  5.2299e-05
-0.000839097
-0.000200062
  0.00135946
  0.00196934
  0.00259471
 -0.00261762
 -0.00142329
  0.00191682
  0.00205838
-0.000431784
 -0.00276306
 -0.00531397
 0.000514618
  0.00135837
 0.000996873
  0.00278436
  0.00169032
  0.00705956
  0.00624524
  0.00518117
  0.00374516
    0.004277
 -0.00227222
 -0.00449058
 -0.00386861
 1.19203e-05
  0.00647637
  0.00350041
   -0.003803
 -0.00136395
  0.00106216
 0.000443563
  0.00175382
  0.00202595
  0.00393176
 -0.00650966
  0.00316978
 0.000704448
  0.00401842
  -0.0044974
 -0.00336743
 -0.00961558
 -0.00201695
-0.000794968
 0.000452635
   0.0011321
 -0.00243314
 -0.00138319
 -0.00259859
  0.00137186
  0.00391572
  0.00785996
  0.00258905
  0.00050119
 -0.00200049
  0.00376685
  -0.0013402
 0.000563693
 -0.00794136
-0.000690286
   0.0018158
  0.00715756
  0.00717582
  0.00411285
 -0.00617525
  -0.0051456
 -0.00543195
 -0.00491166
 -0.00167091
 0.000233478
  0.00137146
-0.000442609
-0.000389082
-7.75317e-06
  0.00489236
  0.00226693
  -0.0017694
 -0.00188545
 -0.00467616
 -0.00180216
 -0.00197733
 -0.00165741
  0.00297447
  0.00199693
 -0.00393763
 -0.00455869
-0.000808904
 -0.00320841
 -0.00138611
 -0.00227846
 -0.00125763
-0.000587117
   0.0041034
  0.00483826
 -0.00162477
 -0.00366264
 -0.00686245
  0.00211801
  0.00119987
 -0.00232686
 0.000909271
 -0.00711293
 -0.00372751
 0.000476902
  0.00479061
 -0.00307451
 -0.00230651
 -0.00292421
 -0.00532435
  0.00123602
  0.00191246
  0.00104752
  0.00133645
  0.00184388
 -0.00020507
 -0.00375153
 -0.00147473
 -0.00362576
 -0.00461186
 -0.00450189
 -0.00306237
  0.00126747
 0.000614472
   0.0068698
  0.00307444
   0.0102101
  0.00879549
  0.00873849
-0.000669268
 -0.00352959
  0.00351792
 -0.00443676
 -0.00259351
 -0.00814826
 0.000748182
 -0.00412287
  0.00151296
 -0.00359804
 -0.00166623
 -0.00293762
  0.00242773
 -0.00292866
 -0.00196927
  0.00100413
  0.00127235
  0.00176188
  0.00635061
  0.00773904
  0.00306204
  0.00274957
 -0.00596092
 0.000413029
  0.00745094
  0.00826159
-0.000366929
-2.45089e-05
 -0.00242255
 -0.00690265
  -0.0105729
 -0.00848563
 -0.00480863
  0.00069241
-0.000979357
 -0.00350886
 -0.00438697
  0.00730567
  0.00945974
  0.00425954
 -0.00406104
  -0.0015012
 -0.00471866
 0.000303661
  0.00143033
-0.000213648
 -0.00346672
 -0.00260295
 0.000681069
  0.00764551
  0.00371641
 -0.00150434
 -0.00102328
 -0.00427958
 -0.00064706
 -0.00632034
 -0.00240508
  0.00328636
   0.0102002
   0.0118611
   0.0018867
 -0.00267564
 -0.00603442
 -0.00305929
 -0.00655592
  -0.0056522
 -0.00393097
 -0.00149644
  0.00600939
   0.0037128
  0.00291304
  0.00333534
   0.0030484
   0.0028912
 -0.00100802
  -0.0017111
  0.00129649
  0.00107764
-0.000454013
-5.83032e-06
 -0.00264324
 -0.00185179
 0.000489872
  0.00245832
  0.00395367
  0.00210055
  0.00467212
  0.00049317
  0.00145212
  0.00350462
  0.00566842
-0.000997444
 -0.00482504
  -0.0021936
  0.00154786
  0.00767735
  -0.0011337
 -0.00761124
  -0.0080507
 -0.00298417
 -0.00232567
 -0.00150888
 0.000905058
  0.00120094
  0.00378533
  0.00250107
 -0.00664801
 -0.00552382
 -0.00675174
  -0.0019101
 -0.00503577
    0.002472
  0.00434561
     0.00168
 -0.00340311
  -0.0092558
-0.000685778
  0.00370539
  0.00255323
 -0.00737383
  -0.0141922
 -0.00640225
  -0.0049683
  0.00241325
 -0.00636197
 -0.00304931
 -0.00509387
 -0.00593423
 -0.00182354
 -0.00175061
 -0.00620625
 -0.00793678
 -0.00662304
  0.00239548
  0.00714888
  0.00745065
  0.00543582
  0.00389174
  0.00599429
  0.00274013
 -0.00263926
 -0.00282802
-0.000719186
  0.00251196
  0.00158108
  0.00603935
  0.00526711
  0.00513447
 -0.00240275
 -0.00322463
   0.0013223
  0.00388572
 -0.00161091
 -0.00527387
  -0.0120334
  -0.0063156
 -0.00435224
 0.000369619
 -0.00772533
 -0.00199007
 -0.00017159
  0.00331538
  0.00112724
   0.0015367
-0.000802094
-0.000563243
  0.00650686
  0.00499237
   0.0057569
 -0.00190289
 -0.00047204
-0.000297142
  0.00339528
   0.0049988
  0.00114275
 0.000779781
 -0.00242959
 -0.00204268
 -0.00267808
   0.0042138
  0.00409514
  0.00781163
  0.00707063
  0.00401085
 -0.00276208
 -0.00623574
 -0.00519496
 -0.00253819
-0.000837574
 -0.00230963
 -0.00156766
  0.00250131
-0.000623862
 -0.00439853
  -0.0050786
 -0.00127466
 0.000486071
 -0.00294557
 -0.00268939
 -0.00544232
 0.000255606
  0.00407982
  0.00853842
     0.00542
  0.00591208
 -0.00310075
-0.000585642
-3.47787e-05
 -0.00358124
 -0.00640298
-0.000290808
-0.000812625
  0.00191121
 -0.00609332
 -0.00616282
 -0.00309149
  0.00342143
 0.000867404
 0.000978185
-0.000832197
-0.000305393
  0.00149743
  0.00517707
  0.00033508
  -0.0030882
 -0.00337382
 -0.00386255
 -0.00158289
  0.00241791
 0.000823731
 0.000997534
 -0.00224182
 -0.00365781
 -0.00398991
 -0.00775315
 -0.00330597
 -0.00192296
 -0.00168066
  0.00141485
  0.00344662
  0.00351937
 0.000992966
 -0.00208853
 -0.00119696
 -0.00229914
  0.00230289
  0.00462615
   0.0024668
  0.00287387
  0.00463892
  0.00325148
 -0.00202583
  0.00164519
  0.00451027
  0.00166288
  0.00435615
-4.81011e-05
  0.00340358
-0.000300667
  0.00472875
  0.00560861
  0.00583101
  -0.0037594
  0.00113884
  0.00231566
    0.013056
  0.00946928
  0.00627484
  0.00235854
 0.000182919
 -0.00146301
  0.00750372
  0.00649825
 -0.00147006
 -0.00754985
 -0.00177902
  0.00491796
   0.0015111
 0.000294191
 -0.00128612
 -0.00323624
 -0.00180854
  0.00338652
  0.00165493
 0.000237239
 -0.00083681
  0.00251366
 -0.00818173
 -0.00503934
  -0.0052612
 -0.00219226
  0.00122301
 -0.00476242
 -0.00284703
 -0.00599293
 -0.00204152
 -0.00400231
-0.000125656
 -0.00557727
 -0.00370123
  -0.0109726
 -0.00247657
-3.57003e-05
  0.00290024
 -0.00481783
  0.00234863
  0.00309577
  0.00543905
  0.00222794
 0.000267263
 -0.00744672
 -0.00310592
 -0.00546668
-0.000718948
   -0.002256
 0.000911165
 0.000170921
-0.000782699
 -0.00284463
 -0.00265474
 -0.00354869
  0.00106809
 -0.00221406
  0.00182402
  0.00181418
  0.00351072
  0.00589602
  0.00104391
 -0.00115125
  0.00223216
-0.000704877
 0.000453028
 0.000359624
   0.0046166
  0.00070925
   0.0047136
  0.00246047
  0.00651134
  0.00416443
  0.00177221
 0.000681168
  0.00189278
  0.00207835
  0.00153601
   0.0022131
   0.0021919
  0.00165294
 -0.00219973
 -0.00480704
  0.00100058
  0.00334048
  0.00144617
 0.000876395
 -0.00228636
  0.00242474
  0.00542491
  0.00574133
  0.00889185
  0.00970276
 0.000461099
 -0.00424712
 0.000886707
  0.00207751
 0.000657867
 0.000908351
 -0.00306064
 -0.00248327
 0.000499338
 -0.00192915
 -0.00846471
  -0.0069304
 -0.00207349
 -0.00271417
 -0.00886174
 -0.00437704
 -0.00127652
 -0.00172487
 -0.00386143
 -0.00378156
  -0.0020589
 -0.00270752
   0.0031911
 -0.00280004
 -0.00204521
   0.0034912
   0.0101898
  0.00813693
  0.00644571
  0.00352506
 -0.00297693
 -0.00838343
 -0.00660422
 4.43536e-05
  0.00267631
    0.002181
-0.000144248
 0.000158307
 -0.00810101
 -0.00380936
  0.00109081
  0.00213976
 -0.00306887
 -0.00151388
 -0.00393661
  0.00171303
  0.00457926
  0.00654218
  0.00282063
  0.00279648
 -0.00115344
 -0.00208482
 0.000335087
 0.000250719
  0.00495326
  0.00417803
  0.00403884
  0.00269448
-0.000310166
  0.00112352
  0.00401176
 0.000624002
  0.00168073
 -0.00686705
 -0.00432253
  0.00154577
  0.00244596
 -0.00585757
 -0.00332436
  0.00179616
 -0.00084152
 -0.00625843
  -0.0104578
 -0.00368327
 -0.00190769
-6.47143e-05
 -0.00767502
 0.000679771
 0.000895627
  0.00229136
-0.000381311
   0.0016064
-0.000506614
  0.00343327
  0.00402784
  0.00349425
  0.00581225
  0.00911572
  0.00237187
 -0.00167058
 -0.00418364
 -0.00206734
 -0.00182895
 -0.00467491
 -0.00636161
 -0.00625613
  0.00345608
  0.00379848
  0.00216767
 0.000622264
  0.00248431
 -0.00122819
  -0.0066409
 -0.00749324
 -0.00277997
  0.00292782
  0.00130048
-0.000539898
  0.00260019
  0.00158482
-6.30129e-06
 -0.00236871
 -0.00410984
 -0.00216362
 0.000952187
  0.00238284
  0.00256334
  0.00293871
  0.00460944
  0.00790814
  0.00166409
  0.00171668
  0.00321616
  -0.0019964
  -0.0100114
 -0.00677382
-0.000577678
  0.00464858
  0.00270165
  0.00241641
 -0.00433995
 -0.00592804
  -0.0102223
 -0.00602573
  -0.0026141
-0.000300207
 -0.00300487
 -0.00598423
  -0.0017912
  0.00335387
  0.00117413
  -0.0051836
 -0.00175647
 -0.00384191
 -0.00389867
   0.0025383
-2.55601e-05
 0.000681731
 -0.00360561
 -0.00226888
-0.000625023
  0.00517677
-0.000163455
 -0.00165415
 0.000886855
  0.00345184
  0.00231846
-0.000199718
  -0.0078367
 -0.00260166
  0.00413096
  0.00932552
  0.00235558
-0.000224373
 2.75844e-05
  0.00510389
  0.00783756
-0.000511401
-0.000642526
 0.000177197
  0.00506592
 -0.00310186
 -0.00496809
 -0.00519099
 -0.00375182
  -0.0040236
 -0.00297184
  -0.0031315
 -0.00128059
 -0.00117747
  0.00722348
  0.00374975
  0.00696818
   0.0023262
 -0.00235573
 -0.00106218
 0.000943425
-0.000111139
-0.000671815
  -0.0021298
 -0.00263707
  0.00119552
 6.11052e-05
  0.00484125
  0.00211009
  0.00325957
 0.000403293
  0.00107152
 -0.00723056
 -0.00564008
  0.00398294
  0.00141668
 -0.00206539
 -0.00338465
 -0.00186338
 -0.00356292
  0.00149936
 -0.00114784
  0.00264589
  0.00626767
  0.00483424
 0.000589921
  0.00261333
  0.00331279
  0.00171621
 -0.00397225
 -0.00962909
 -0.00360963
  0.00669475
  0.00323474
  0.00657397
 -0.00517814
  -0.0191998
  -0.0301098
  0.00584723
   0.0597208
   0.0720354
  -0.0410366
  -0.0656769
   0.0283764
   0.0461075
    0.137052
   -0.280382
   -0.640974
    0.681416
