  -0.0267064
    -0.05828
  -0.0809733
  -0.0198442
  -0.0377518
   0.0032526
   0.0236446
   0.0109941
  -0.0472756
 -0.00659315
  0.00944634
   0.0241333
   0.0541239
 -0.00177632
  -0.0281919
 -0.00837472
  0.00737346
   0.0276538
  0.00618104
  -0.0201404
  -0.0185854
  -0.0128733
  -0.0151332
  0.00138078
 -0.00379474
  -0.0404109
  -0.0499764
 -0.00869522
  -0.0552975
  -0.0684166
  -0.0467562
  -0.0111586
   0.0181111
   0.0434415
   0.0515561
   0.0229737
  -0.0423609
  -0.0324498
 -0.00311185
   0.0329833
   0.0646456
   0.0238291
   0.0457097
  0.00769652
  -0.0576304
  -0.0567236
  -0.0053375
  0.00677235
   0.0475578
   0.0400202
   0.0285275
   0.0517911
     0.09205
   0.0418621
   0.0565942
    0.037528
   0.0190488
  -0.0315935
  -0.0211329
  -0.0617007
  -0.0640654
  -0.0241563
     0.03364
   0.0636948
 -0.00332006
  -0.0110179
   0.0514522
    0.145314
   0.0690068
   0.0421625
   0.0184821
  0.00951217
   0.0281096
   0.0818241
  -0.0252533
  -0.0125208
  0.00245867
   0.0738137
   0.0516837
   0.0190756
    0.033938
  -0.0132513
  -0.0924675
  -0.0847259
  -0.0629015
   0.0130232
  -0.0535482
  -0.0326685
  -0.0363809
  -0.0133026
  -0.0212169
  -0.0752667
   -0.106976
   -0.115425
  -0.0295743
  -0.0414268
   0.0220267
   0.0537606
   0.0586526
   0.0234823
  0.00793799
   0.0223126
   0.0291545
  0.00629302
  -0.0135878
   0.0064729
   0.0734718
   0.0314829
  0.00249182
   0.0143013
  -0.0356068
   0.0133422
    0.015655
 0.000189677
  -0.0348081
  0.00924458
   0.0217476
   0.0418239
   0.0172065
     0.03287
   0.0353005
  -0.0108257
  -0.0446149
  -0.0493201
   -0.021952
 0.000310783
  -0.0301498
  -0.0562887
  -0.0139668
   0.0358536
   0.0927037
  -0.0187935
  -0.0355181
  0.00352465
  -0.0050688
  0.00195102
  -0.0202221
    0.040807
  0.00443615
  0.00532318
  -0.0221992
   0.0280714
   0.0533093
  0.00190391
  -0.0519884
 -0.00120141
-0.000658322
    0.118311
   -0.324625
   -0.652008
     1.04197
