  -0.0676248
  -0.0247198
    0.174841
   0.0707322
  -0.0254277
   0.0216882
  -0.0156783
   0.0851482
   0.0515415
    0.026742
  -0.0198538
   0.0258046
  0.00672661
  -0.0317728
  -0.0285475
   -0.132611
  -0.0575254
 -0.00851712
   0.0638344
   0.0581099
 -0.00948504
   -0.151153
   -0.116714
   -0.171435
   -0.137416
  -0.0294381
   0.0170013
  -0.0588992
   -0.142455
  -0.0613107
    -0.10746
   -0.148004
    -0.22089
  -0.0386682
-0.000305756
  -0.0454804
   -0.211615
    -0.22423
   -0.140754
  -0.0529901
   0.0123838
   0.0117383
   0.0474065
  -0.0174527
  -0.0927884
  -0.0958735
   -0.102031
   -0.147145
   -0.129667
  -0.0250945
  0.00928674
  -0.0401776
  -0.0773236
  -0.0263777
  -0.0607973
  -0.0650646
  0.00066481
  -0.0350338
  -0.0282416
  -0.0646572
   -0.123637
   -0.241577
   -0.208933
   -0.249251
   -0.170296
   -0.032931
   -0.078952
    -0.11871
   -0.154433
   -0.183042
   -0.112493
  -0.0240037
  -0.0443869
   -0.071182
  -0.0670307
   -0.149191
   -0.214734
   -0.204987
   -0.113379
  -0.0867352
 -0.00876833
  -0.0978276
   -0.130027
   -0.107653
    -0.12353
   -0.134104
   -0.172681
  -0.0843058
  -0.0792825
   -0.115631
   -0.175972
   -0.309009
    -0.30016
   -0.168946
   -0.177636
   -0.179369
  -0.0706923
   -0.125467
   -0.140687
   -0.204761
   -0.169053
     -0.1148
  -0.0530269
   -0.163048
   -0.166478
   -0.168013
   -0.156805
    -0.12372
   -0.175477
    -0.20238
   -0.130114
  -0.0222133
  -0.0790789
   -0.074292
   -0.128457
   -0.127497
  -0.0702645
  -0.0241068
   -0.120981
  -0.0908977
   -0.176907
   -0.112819
  -0.0828678
  -0.0829577
  -0.0277748
    -0.05471
  -0.0754629
    -0.17597
  -0.0604392
  -0.0829274
  -0.0413911
   0.0366965
   0.0524742
   0.0889565
  0.00395527
  -0.0909313
   -0.230311
   -0.146102
  -0.0105031
  -0.0105128
  -0.0943681
  -0.0804158
   -0.126394
  -0.0855048
  -0.0606363
   -0.115412
  -0.0705675
  -0.0811056
   -0.102484
  -0.0922924
   0.0635389
   0.0247525
  -0.0335947
  -0.0287612
  0.00255478
  -0.0547207
  -0.0394139
   -0.121667
  -0.0795624
   0.0224087
  -0.0070801
  -0.0347489
  -0.0734807
  -0.0122217
   0.0224097
   0.0669219
  -0.0123761
  -0.0238787
   0.0301788
    0.118515
    0.112664
   0.0889502
  -0.0319194
  -0.0523618
  -0.0221311
  -0.0709867
  -0.0673672
   -0.119907
   0.0109355
  -0.0585091
   0.0410721
  -0.0543955
   0.0109774
   0.0392317
   0.0058924
   0.0495656
    0.102992
   0.0613253
 -0.00402966
 -0.00957212
   0.0201047
   0.0685022
    0.109162
   0.0202827
   -0.108163
  -0.0481727
  -0.0384238
  -0.0213392
  -0.0260995
  -0.0620801
  -0.0397837
   0.0189411
  0.00345402
  -0.0989633
  -0.0486376
  -0.0587434
 -0.00179816
   0.0100256
   -0.104465
  -0.0560783
  -0.0441161
  -0.0525121
   -0.145916
  -0.0963762
  -0.0775091
   -0.155332
  -0.0968589
   0.0323852
  0.00678809
  -0.0116157
  -0.0131944
   0.0595543
   0.0953772
    0.100474
 -0.00950368
  0.00812033
   0.0856667
   0.0226424
   -0.093103
   -0.117117
  -0.0763053
  -0.0815678
   -0.113045
  -0.0620595
   0.0372209
  -0.0219566
  -0.0446728
  -0.0435831
   0.0275063
  -0.0684234
  -0.0119869
  -0.0196253
  -0.0327753
 -0.00929569
   0.0319788
   0.0123758
   -0.111764
   -0.226825
   -0.208569
  -0.0495288
   0.0313023
  -0.0410777
  -0.0965545
  -0.0214262
   -0.062669
   -0.061775
   -0.016558
    -0.02516
  0.00306154
   0.0212545
  -0.0675585
   -0.140962
  -0.0788781
   -0.136709
   -0.092581
  -0.0609439
   -0.121905
   -0.120941
   -0.113954
   -0.109288
  -0.0839988
  -0.0346965
  -0.0131942
   0.0185559
   0.0137424
  -0.0622634
  -0.0943568
  -0.0458102
  -0.0889374
  -0.0142456
   0.0362143
    0.034533
  -0.0220935
  0.00207365
   0.0412512
   0.0088623
   -0.104839
  -0.0811338
  -0.0121185
   0.0887052
    0.107057
   0.0602352
 0.000650551
  -0.0527029
  -0.0788853
   0.0257579
    0.155542
    0.117871
    0.097293
    0.073961
   0.0352172
   0.0663111
   0.0291468
 -0.00670897
  -0.0628303
  0.00549921
  -0.0516043
  -0.0570778
  -0.0886495
   -0.124045
  -0.0262777
   0.0392598
    0.121824
    0.100219
  -0.0437646
  -0.0279502
    0.136774
    0.212423
    0.108078
   0.0132602
  -0.0176652
    0.027328
   0.0594012
    0.039329
   -0.103202
  -0.0296748
  -0.0126035
   0.0275719
   -0.033738
  -0.0380661
   -0.033686
  -0.0826686
    -0.09696
   -0.108551
  -0.0114464
  -0.0210038
  -0.0493778
    0.037908
   0.0594838
   0.0362793
   -0.086646
   -0.118225
   -0.163224
  -0.0901202
  -0.0515724
  -0.0850371
  -0.0564893
    0.012244
   0.0977895
   0.0104268
 -0.00531363
  -0.0529328
  -0.0272806
    0.048572
   0.0689767
  0.00241842
   0.0254743
  -0.0356309
  -0.0339609
  -0.0333322
   -0.145579
   -0.136503
   -0.096316
 -0.00864478
   0.0385977
   0.0261483
  -0.0583654
   -0.151976
  -0.0722275
  -0.0376248
   0.0755028
   -0.160108
   -0.214334
   -0.165361
  -0.0369215
   -0.011355
    -0.17763
   -0.171841
   -0.139726
   0.0157176
   0.0555586
  -0.0544402
   -0.172662
   -0.270803
   -0.223521
   -0.111256
  0.00987626
  0.00266303
  -0.0896197
    -0.15684
  -0.0906123
  -0.0872099
  -0.0528349
    -0.16843
   -0.217385
   -0.117328
  -0.0673955
   0.0544779
   -0.398531
   -0.703253
     13.0512
