  -0.0213815
   0.0214916
   0.0212502
   0.0113152
  -0.0436469
  -0.0586761
   -0.073969
  -0.0339598
  -0.0902181
  -0.0747463
  -0.0711653
  -0.0142174
  0.00486874
 -0.00380045
  -0.0475397
   -0.102783
  -0.0276556
  0.00410363
  -0.0399412
  -0.0992784
   -0.102892
  -0.0112913
  -0.0238041
   -0.044586
  -0.0188295
  -0.0156668
  -0.0528236
  -0.0794304
  -0.0283673
  -0.0353452
  -0.0409519
   0.0698386
   0.0394847
    0.103399
   0.0287275
  -0.0209992
   -0.121731
  -0.0489189
   0.0423444
   0.0711083
   0.0120812
   0.0303231
  -0.0198208
  -0.0120441
  -0.0135426
  -0.0598915
   -0.066736
  -0.0819966
  -0.0425167
 -0.00175976
    0.092889
   0.0482387
   0.0114688
  -0.0138508
   0.0137735
  -0.0222112
   0.0159035
  -0.0364143
  -0.0202406
 -0.00485766
  0.00977713
  -0.0334152
  -0.0691969
  -0.0275727
 -0.00141736
  0.00784578
  0.00017418
  -0.0218148
   0.0177602
   0.0314331
   0.0726092
   0.0705122
   0.0596418
 -0.00216393
  -0.0665886
  -0.0822805
  -0.0870964
   -0.133461
   -0.049646
  -0.0441666
 -0.00663322
  0.00917683
    0.014497
  -0.0118924
  -0.0356827
   0.0199795
   0.0686573
   0.0922236
   0.0596861
  0.00194717
 -0.00481276
   0.0431326
    0.110412
   0.0583583
   -0.034578
  0.00887826
   0.0363506
   0.0227297
   0.0299014
  -0.0272482
   -0.010914
-0.000755871
   0.0227202
 -0.00862607
  -0.0089867
  -0.0522201
 -0.00748786
  -0.0027641
  -0.0424901
   0.0272936
   0.0113507
 -0.00360663
  -0.0722046
  -0.0366843
  -0.0379735
  -0.0514053
  -0.0575817
 -0.00171777
    0.012779
   0.0336195
   0.0599798
   0.0394716
   0.0475214
   0.0651912
   0.0327518
   0.0133246
   0.0780442
   0.0257143
   -0.087161
  -0.0821362
  -0.0609622
    -0.06607
  -0.0703781
  -0.0540869
   0.0452184
  -0.0149954
  -0.0330843
  -0.0188943
 -0.00106753
  -0.0071763
   0.0415979
   0.0380377
  -0.0118277
   -0.030018
   0.0340399
  0.00724176
  0.00411752
  -0.0879255
  -0.0901171
   -0.037031
  -0.0191285
  -0.0137537
  -0.0424439
   0.0284673
  -0.0231672
  0.00191693
   0.0340072
   0.0243199
   0.0219009
   0.0644371
  0.00723581
   0.0102788
    0.025203
  0.00263498
  -0.0505009
  -0.0623716
  -0.0685423
  -0.0541881
  -0.0515084
  -0.0451796
  -0.0345569
   -0.037667
  -0.0415189
  -0.0178012
  -0.0151562
  -0.0444214
  -0.0580255
  -0.0193983
  -0.0819709
   -0.044253
 0.000582627
 -0.00883767
  -0.0378931
  -0.0441374
   0.0462459
   0.0383167
  -0.0540724
  -0.0652355
  -0.0541127
 -0.00276661
   0.0429639
   0.0347838
   0.0532282
 -0.00443244
  -0.0967814
  -0.0463215
   0.0452863
   0.0273794
    0.067194
   0.0510913
   0.0234481
   0.0683576
   0.0464325
 -0.00740636
    -0.01873
  -0.0190783
  -0.0164956
   -0.041131
  0.00634667
  -0.0450843
  -0.0726476
 -0.00232011
   0.0831296
    0.124055
   0.0105843
   0.0478312
     0.09996
    0.202328
   0.0892153
   0.0448359
 -0.00347379
 -0.00347746
  0.00463164
   0.0524554
  -0.0623833
  -0.0127194
   0.0210106
   0.0651533
  0.00916455
  -0.0279514
   0.0174209
  -0.0323411
    -0.03769
  -0.0556982
 -0.00666626
  0.00809266
  -0.0408745
   0.0407826
   0.0392096
   0.0348586
 -0.00993652
  -0.0995763
   -0.127308
   -0.109813
   -0.016717
  -0.0681968
  -0.0036447
  0.00659922
   0.0755993
   0.0319938
   0.0448556
  0.00598716
 -0.00270304
 -0.00217548
   0.0759132
   0.0507229
    0.127338
   0.0141668
   0.0172852
   0.0253634
  -0.0301885
  -0.0334462
  -0.0222498
  0.00585151
   0.0173118
   0.0624041
   0.0414384
    0.005329
   0.0483587
   0.0566678
   0.0728903
  -0.0445512
  -0.0786148
  -0.0401196
   0.0273791
   0.0645596
  -0.0239081
  -0.0564434
  -0.0621178
 -0.00432231
   0.0606065
  -0.0362463
  -0.0592182
  -0.0690014
  -0.0536061
   0.0283755
   0.0357098
   0.0976721
  -0.0232265
  -0.0367927
  -0.0168305
   0.0840828
   0.0827872
  -0.0225276
   -0.110046
  -0.0218211
   0.0201676
    0.145168
   -0.327971
   -0.647867
     1.99715
