  -0.0216136
   0.0231812
   0.0235569
    0.011682
  -0.0485512
  -0.0673164
  -0.0845999
  -0.0454821
   -0.104883
  -0.0905202
  -0.0843665
  -0.0208999
  0.00205733
 -0.00825163
  -0.0562551
   -0.112062
  -0.0330405
 0.000205472
  -0.0473795
    -0.10997
   -0.111691
  -0.0163937
  -0.0280385
  -0.0492701
  -0.0238578
  -0.0219298
  -0.0611654
  -0.0880487
  -0.0344746
  -0.0375007
  -0.0394899
   0.0756305
   0.0486922
    0.114327
   0.0350433
  -0.0220921
    -0.12837
  -0.0534682
   0.0419647
   0.0724596
   0.0117074
   0.0279604
  -0.0243737
  -0.0189331
  -0.0232383
  -0.0714802
  -0.0783184
   -0.091673
  -0.0478796
 -0.00151182
   0.0973191
   0.0525254
   0.0135975
  -0.0137731
     0.01336
  -0.0225689
   0.0149179
  -0.0393764
  -0.0232199
 -0.00658673
  0.00809223
  -0.0368224
   -0.073113
  -0.0298649
 -0.00199008
  0.00748938
-0.000498508
  -0.0216144
   0.0199563
   0.0357264
   0.0781106
   0.0749614
   0.0595707
 -0.00852497
  -0.0774285
  -0.0951231
  -0.0994726
   -0.143049
  -0.0559108
  -0.0475538
 -0.00793556
  0.00795303
   0.0117968
  -0.0154377
  -0.0379231
   0.0213732
   0.0739283
    0.099572
   0.0656736
  0.00544677
 -0.00198329
    0.047889
    0.115335
   0.0601296
  -0.0351274
  0.00929902
   0.0393572
   0.0268682
   0.0331861
  -0.0249674
 -0.00871168
  0.00246046
   0.0259312
 -0.00732655
 -0.00923146
  -0.0514703
 -0.00519692
-0.000446754
  -0.0413991
   0.0267233
  0.00871736
 -0.00830197
  -0.0778166
  -0.0415431
  -0.0420807
  -0.0538693
  -0.0572368
  0.00155538
   0.0175525
   0.0384422
   0.0640295
   0.0435091
   0.0528575
    0.071139
   0.0381197
   0.0174264
   0.0800703
   0.0247133
  -0.0906511
  -0.0873969
  -0.0663263
  -0.0710539
  -0.0744068
  -0.0571139
   0.0433332
  -0.0163876
  -0.0337413
  -0.0189874
-0.000802348
 -0.00708963
     0.04143
   0.0375254
  -0.0124281
  -0.0296617
   0.0358229
  0.00933487
  0.00408665
  -0.0902976
  -0.0931364
  -0.0392168
  -0.0204405
  -0.0136859
  -0.0402321
   0.0317876
  -0.0204758
  0.00372563
    0.035492
   0.0270074
   0.0264943
   0.0689072
    0.010167
   0.0125264
   0.0271976
  0.00320231
  -0.0529426
  -0.0672678
  -0.0744003
  -0.0597277
  -0.0561379
  -0.0489845
  -0.0382947
  -0.0420266
  -0.0457857
  -0.0212223
   -0.018104
  -0.0476224
  -0.0615459
   -0.022887
  -0.0841957
  -0.0446657
  0.00101041
 -0.00969985
  -0.0395778
  -0.0442172
   0.0477255
   0.0389663
  -0.0554477
  -0.0683781
  -0.0570601
 -0.00444533
   0.0418797
   0.0340983
   0.0504841
  -0.0100377
   -0.101925
  -0.0483061
    0.045654
   0.0285282
   0.0682467
   0.0525804
   0.0255914
   0.0694663
   0.0445484
  -0.0117205
  -0.0228953
  -0.0219999
  -0.0184439
  -0.0430493
  0.00349381
  -0.0487568
  -0.0752335
 -0.00192431
   0.0855384
    0.125873
    0.011557
   0.0508239
     0.10665
    0.209455
   0.0941435
   0.0470741
 -0.00196763
 -0.00114333
  0.00670229
   0.0521304
  -0.0638895
   -0.013061
   0.0219323
   0.0653301
  0.00734777
   -0.031344
   0.0130537
  -0.0366465
  -0.0405123
  -0.0561737
 -0.00536407
   0.0092514
  -0.0390869
   0.0435325
   0.0423172
   0.0358037
  -0.0123446
   -0.104133
   -0.130876
   -0.112003
  -0.0194312
  -0.0721527
 -0.00673455
  0.00621468
   0.0774447
   0.0341128
   0.0459717
  0.00641243
-0.000871422
  0.00194701
   0.0819282
   0.0571481
      0.1323
   0.0176376
   0.0197855
   0.0257643
  -0.0320179
  -0.0369371
  -0.0251074
  0.00516153
    0.019427
   0.0651518
   0.0429877
  0.00572331
   0.0490078
   0.0587261
   0.0748201
  -0.0437937
   -0.078152
  -0.0378207
   0.0318585
   0.0693749
  -0.0210705
  -0.0568111
  -0.0644881
 -0.00662294
   0.0582837
  -0.0388219
  -0.0625746
  -0.0724513
  -0.0552337
   0.0289952
   0.0380823
   0.0986971
  -0.0244663
  -0.0388447
  -0.0175542
   0.0848795
   0.0825506
  -0.0245518
   -0.112804
   -0.024106
   0.0179238
    0.138884
   -0.337595
   -0.656768
     2.18294
