   -0.019887
   0.0173915
   0.0153204
  0.00957181
  -0.0319966
  -0.0394406
   -0.051733
  -0.0122374
  -0.0601744
  -0.0416513
  -0.0432808
 -0.00293835
  0.00660498
  0.00292913
  -0.0281027
  -0.0804027
  -0.0169213
  0.00991651
  -0.0235278
  -0.0721073
  -0.0806445
-0.000392134
  -0.0151817
  -0.0346962
 -0.00906235
 -0.00333572
  -0.0342886
  -0.0590212
  -0.0136125
  -0.0293117
  -0.0422313
    0.057074
   0.0184743
   0.0763588
   0.0140868
  -0.0163287
   -0.101572
  -0.0369695
   0.0405198
    0.063315
  0.00943469
   0.0322778
  -0.0127317
-0.000423534
  0.00449496
  -0.0362502
  -0.0414035
   -0.059049
  -0.0293026
 -0.00292334
   0.0799107
   0.0365243
  0.00607786
  -0.0135684
   0.0144786
  -0.0221549
   0.0167489
  -0.0291526
  -0.0128555
  -0.0014947
   0.0129603
  -0.0240133
  -0.0573336
  -0.0209873
-0.000797859
  0.00761455
  0.00158557
  -0.0218242
   0.0123294
   0.0198971
   0.0561619
   0.0544692
     0.05386
  0.00834324
  -0.0441139
  -0.0536215
  -0.0580049
   -0.109801
  -0.0340422
  -0.0356832
 -0.00441705
   0.0105017
   0.0198751
 -0.00322827
  -0.0292782
   0.0168769
   0.0550678
   0.0728426
   0.0449277
 -0.00477162
 -0.00969483
    0.030712
   0.0954513
   0.0525262
  -0.0326087
  0.00849131
   0.0288594
   0.0127557
   0.0227779
  -0.0311468
  -0.0144968
 -0.00755512
   0.0150562
  -0.0108349
 -0.00638611
  -0.0517557
  -0.0112809
 -0.00689615
  -0.0440778
    0.027838
   0.0160806
  0.00648255
  -0.0586515
  -0.0248958
  -0.0265578
  -0.0426294
  -0.0552558
 -0.00768734
  0.00231362
   0.0225381
   0.0509896
   0.0309693
   0.0354284
   0.0514994
   0.0205538
   0.0035614
   0.0721179
   0.0273883
  -0.0783303
  -0.0680778
  -0.0472916
  -0.0534671
  -0.0604762
  -0.0469624
    0.048291
  -0.0122948
  -0.0313987
  -0.0183168
 -0.00198463
 -0.00792854
   0.0413318
   0.0392308
 -0.00929384
  -0.0295825
   0.0297862
  0.00175365
  0.00494135
  -0.0796959
   -0.080344
  -0.0307575
  -0.0150757
  -0.0124883
  -0.0460909
     0.02162
  -0.0282456
 -0.00163787
   0.0306511
   0.0173237
  0.00920685
   0.0519194
 -0.00032725
   0.0045421
   0.0196033
 0.000612523
  -0.0437386
  -0.0488933
  -0.0524543
  -0.0388845
  -0.0386913
  -0.0349903
  -0.0251741
  -0.0268279
  -0.0311543
  -0.0101598
  -0.0087167
  -0.0369616
  -0.0497409
  -0.0113393
  -0.0767524
  -0.0436588
  -0.0012546
 -0.00600027
  -0.0315888
  -0.0424338
   0.0422588
   0.0361677
  -0.0498988
   -0.055607
   -0.045785
 0.000385545
   0.0431725
   0.0322509
   0.0559091
  0.00743927
   -0.084841
  -0.0428442
   0.0423872
   0.0228639
   0.0632657
   0.0460278
   0.0163204
   0.0634239
   0.0500627
  0.00399183
 -0.00755641
   -0.011635
  -0.0124314
  -0.0372362
   0.0125942
  -0.0359785
  -0.0662105
 -0.00501024
   0.0741266
    0.117204
  0.00827861
   0.0405902
   0.0818485
    0.182708
   0.0765356
   0.0406377
 -0.00520165
 -0.00836519
-0.000684772
   0.0531658
  -0.0577829
  -0.0118457
   0.0176977
   0.0633191
   0.0126483
   -0.020449
   0.0270992
  -0.0222795
  -0.0309053
  -0.0546089
  -0.0102711
  0.00570456
  -0.0446637
   0.0333647
   0.0294492
   0.0304366
  -0.0047574
   -0.087197
   -0.117716
    -0.10464
  -0.0107957
   -0.058112
  0.00427126
  0.00715984
   0.0699086
   0.0259352
   0.0420997
  0.00626391
 -0.00549664
  -0.0107175
   0.0617265
   0.0351835
    0.115449
  0.00644517
   0.0111945
      0.0243
  -0.0254845
  -0.0240985
  -0.0148349
  0.00723214
   0.0107483
    0.054358
   0.0371747
  0.00484282
    0.046873
   0.0509306
   0.0679451
  -0.0446148
  -0.0768523
  -0.0439091
   0.0165334
    0.052002
  -0.0310454
  -0.0548728
  -0.0556738
 0.000516187
   0.0647041
  -0.0309859
  -0.0508986
   -0.059223
  -0.0485672
   0.0267451
   0.0284053
   0.0939281
  -0.0199152
  -0.0311698
  -0.0157758
   0.0795676
   0.0814383
  -0.0179677
   -0.103096
  -0.0175209
   0.0226812
    0.158312
   -0.303447
    -0.62306
     1.61528
