 0.000824725
 -0.00409993
 -0.00358068
 -0.00527123
 -0.00120715
 -0.00439033
 -0.00166927
  -0.0106487
 -0.00399513
 -0.00124963
  0.00389098
 -0.00240197
   0.0033168
  0.00237241
  0.00463476
 0.000668835
 0.000546868
 -0.00702154
 -0.00212741
 -0.00532125
 -0.00199195
   -0.003834
  0.00128912
  0.00128437
 0.000792043
-0.000865138
 -0.00221654
 -0.00235919
  0.00122583
 -0.00164461
  0.00250078
  0.00256074
  0.00395009
  0.00575037
  0.00156529
 -0.00221812
   0.0030843
-0.000704425
 0.000607503
 3.44683e-05
   0.0053549
  0.00160683
  0.00429593
  0.00257504
  0.00625008
  0.00482059
  0.00300981
  0.00149129
  0.00166276
  0.00265359
  0.00301093
  0.00306333
  0.00159224
  0.00145841
 -0.00116742
 -0.00320226
  0.00114628
  0.00430474
  0.00295526
   0.0028379
 0.000725047
  0.00233193
  0.00267165
  0.00340617
  0.00687283
  0.00906561
  0.00102896
 -0.00386803
 0.000415405
  0.00143501
  0.00264081
  0.00277227
 -0.00123748
 -0.00264288
-0.000831741
 -0.00340567
 -0.00753983
 -0.00575003
-0.000414476
 -0.00272713
   -0.008245
 -0.00455859
 -0.00103921
 -0.00136497
 -0.00271722
 -0.00348238
  -0.0017922
  -0.0022088
  0.00197267
 -0.00366101
 -0.00314482
  0.00435852
   0.0104064
  0.00757494
  0.00523805
  0.00399428
 -0.00197318
 -0.00937821
 -0.00730629
 0.000261201
    0.003315
  0.00150975
 -0.00189065
-4.68931e-05
 -0.00849891
 -0.00372694
  0.00247022
  0.00466599
-0.000156058
  0.00055195
 -0.00196519
  0.00227403
  0.00427393
  0.00698456
  0.00366997
  0.00262505
 -0.00108273
 -0.00251122
 -0.00173672
-0.000620536
  0.00790369
   0.0103994
  0.00782276
  0.00452519
 0.000468012
  0.00108281
   0.0034992
  0.00203365
  0.00147564
 -0.00642428
 -0.00427887
  0.00180887
   0.0019519
 -0.00464017
 -0.00245671
  0.00248763
 1.76276e-05
 -0.00442948
 -0.00802157
 -0.00335502
 -0.00121597
-0.000873538
 -0.00667747
  0.00148468
  0.00114031
   0.0025754
-0.000317235
 -6.6108e-05
    -0.00072
  0.00484058
  0.00414554
  0.00271914
  0.00553124
   0.0076864
  0.00225093
 -0.00175259
 -0.00205317
-0.000344713
-0.000574058
 -0.00451161
 -0.00581031
 -0.00502435
  0.00487922
  0.00356459
  0.00125149
 -0.00143219
  0.00181671
 0.000528138
 -0.00449961
  -0.0060174
 -0.00230629
  0.00294373
  0.00154979
   0.0016749
  0.00512257
  0.00275811
 0.000432307
 -0.00224675
 -0.00491832
 -0.00392713
 0.000855562
   0.0024318
  0.00259085
  0.00422168
  0.00605692
   0.0114607
  0.00340466
  0.00197682
  0.00268149
 -0.00209088
 -0.00807997
  -0.0050378
-2.40132e-05
  0.00397831
  0.00158918
  0.00225178
 -0.00341135
  -0.0039208
 -0.00946936
 -0.00799068
 -0.00439646
  0.00026778
-0.000344879
 -0.00454419
 -0.00104479
  0.00316977
  0.00167736
 -0.00376782
 0.000216093
 -0.00230724
 -0.00425951
  0.00319274
-0.000257908
  0.00185258
 -0.00165507
  0.00144656
  0.00211817
   0.0061058
-0.000768856
 -0.00181309
  0.00150165
  0.00465433
  0.00375796
 0.000909375
 -0.00695351
 -0.00205662
  0.00371612
  0.00886782
  0.00119501
 -0.00156893
-0.000484004
  0.00399729
  0.00755116
 -0.00119419
 -0.00111389
 -0.00052833
  0.00528233
 -0.00318511
 -0.00453879
 -0.00581083
 -0.00365172
 -0.00415433
 -0.00366505
 -0.00629172
 -0.00320893
-0.000836741
  0.00817132
   0.0057043
  0.00616756
 0.000787414
 -0.00244976
-0.000202161
  0.00168614
  -0.0002758
 -0.00230352
 -0.00230614
 -0.00328666
  0.00161803
-0.000284934
  0.00442195
  0.00153112
  0.00178195
-0.000133233
  0.00119769
 -0.00536994
 -0.00433231
  0.00354204
  0.00158115
 -0.00149524
 -0.00239851
 0.000517649
 -0.00161442
  0.00195531
 -0.00143177
  0.00138801
  0.00636547
  0.00350372
-0.000281724
  0.00134772
  0.00424755
   0.0016727
 -0.00414439
     -0.0087
 -0.00205676
  0.00749421
  0.00404101
   0.0064175
 -0.00461929
  -0.0199537
  -0.0298569
  0.00488182
   0.0604356
   0.0726848
  -0.0396272
  -0.0634621
   0.0293886
   0.0462709
    0.135712
   -0.279781
   -0.641497
    0.988166
