   0.0010581
  0.00201521
  0.00763431
 1.63052e-05
 -0.00561448
 -0.00604465
 -0.00248884
 -0.00237031
 -0.00132624
  0.00143177
 0.000437888
  0.00267588
  0.00297015
 -0.00506058
 -0.00308771
 -0.00637103
 -0.00227353
 -0.00399169
   0.0042821
  0.00487363
  0.00092928
 -0.00550516
  -0.0103077
 0.000215548
    0.004133
  0.00257248
 -0.00817462
  -0.0137012
  -0.0050601
 -0.00273588
  0.00319584
 -0.00400639
-0.000725195
 -0.00415624
 -0.00686796
 -0.00301615
 -0.00154315
 -0.00530448
 -0.00676748
 -0.00486784
 0.000669367
  0.00565309
  0.00626072
  0.00696001
  0.00338313
  0.00588826
  0.00167189
 -0.00153085
 -0.00106471
-0.000218384
  0.00206943
  0.00179088
  0.00745076
  0.00483785
  0.00408722
 -0.00323648
 -0.00149956
   0.0024649
  0.00479666
 -0.00297957
 -0.00430659
 -0.00901886
 -0.00351835
  -0.0037531
 1.33932e-05
 -0.00692208
 -0.00211485
 0.000304618
  0.00370982
 0.000802572
  0.00130726
 0.000505266
  0.00192022
  0.00691982
  0.00455795
  0.00403051
 -0.00228496
 0.000786587
  0.00129142
   0.0032796
  0.00539811
  0.00286969
  0.00138864
 -0.00203755
 -0.00153911
 -0.00240266
  0.00314981
  0.00269411
  0.00502141
   0.0060302
  0.00488542
-0.000141427
  -0.0051902
 -0.00457361
 -0.00261431
 0.000129767
 -0.00195639
-0.000255153
  0.00130039
 0.000205463
 -0.00392509
 -0.00379835
 -0.00151686
  0.00192432
 -0.00345299
 -0.00159504
 -0.00363522
  0.00185906
  0.00467551
  0.00976923
  0.00504696
  0.00591204
  -0.0013362
  0.00190821
 0.000990027
 -0.00320212
 -0.00506289
-0.000344543
-0.000538942
  0.00213351
 -0.00682561
 -0.00545412
 -0.00370884
  0.00258385
 -0.00204257
 0.000309003
 6.11459e-05
 0.000537346
 5.35417e-05
  0.00327746
  0.00092344
 -0.00236832
 -0.00243464
 -0.00238796
 0.000416197
  0.00150617
 -0.00154776
 -0.00161236
 -0.00231209
 -0.00335393
 -0.00305687
 -0.00705551
 -0.00384512
 -0.00137693
-0.000588314
  0.00118957
  0.00241789
  0.00210741
  0.00149236
 -0.00137955
 -0.00113937
 -0.00297661
  0.00201148
  0.00451808
  0.00358565
  0.00488041
  0.00780072
  0.00539666
-0.000337963
  0.00189754
  0.00521635
  0.00203296
  0.00511624
 0.000143968
  0.00258131
-0.000491154
  0.00591163
  0.00485517
  0.00415077
 -0.00414016
 0.000402627
  0.00198627
   0.0127649
  0.00813852
  0.00629796
   0.0016215
 0.000392569
 -0.00209028
  0.00797232
  0.00526458
 -0.00139996
 -0.00664431
-0.000539619
  0.00542287
    0.002545
 0.000549789
 -0.00343842
 -0.00403979
 -0.00229822
  0.00464173
  0.00226486
  0.00116462
 -0.00167703
  0.00444327
 -0.00545114
 -0.00463547
  -0.0050253
 -0.00263745
  0.00213407
 -0.00307933
 -0.00171889
 -0.00693914
 -0.00289247
 -0.00487214
-0.000632349
   -0.004576
 -0.00217192
  -0.0106017
 -0.00379352
 -0.00107979
  0.00402795
 -0.00222494
  0.00352508
  0.00269621
  0.00516102
  0.00115564
 0.000699552
  -0.0072224
 -0.00201263
  -0.0047653
 -0.00155251
 -0.00355391
   0.0013831
   0.0010599
 0.000649988
 -0.00110631
 -0.00260468
 -0.00253879
  0.00111345
 -0.00150542
  0.00252956
  0.00232588
  0.00354295
  0.00565407
  0.00186613
 -0.00181089
  0.00325486
-0.000830257
 0.000429427
-0.000122312
  0.00538191
  0.00178573
  0.00445311
  0.00247873
  0.00594686
   0.0043704
  0.00308629
  0.00153684
   0.0019912
  0.00234103
   0.0025704
  0.00262571
  0.00145758
  0.00120538
 -0.00149322
   -0.003074
  0.00152704
  0.00438447
  0.00283841
  0.00263918
  0.00024206
  0.00219306
  0.00273376
  0.00389963
  0.00707036
   0.0094053
  0.00106903
 -0.00349759
 0.000934207
  0.00192885
  0.00268742
  0.00278782
  -0.0011249
 -0.00232617
-0.000390759
 -0.00294923
 -0.00719713
 -0.00550984
-0.000396597
 -0.00287172
 -0.00839254
 -0.00483335
 -0.00122435
 -0.00114415
 -0.00252207
 -0.00373159
  -0.0024371
  -0.0027675
  0.00177758
 -0.00352464
 -0.00325187
  0.00435663
   0.0104338
  0.00779528
  0.00545915
   0.0040518
 -0.00240701
 -0.00965762
 -0.00756764
 0.000440979
  0.00363407
   0.0018445
 -0.00229196
-0.000199509
 -0.00870653
 -0.00379677
  0.00233042
  0.00475801
-0.000430783
 0.000124128
 -0.00251569
  0.00226427
  0.00433657
  0.00732118
  0.00381087
  0.00239912
 -0.00140606
 -0.00243618
 -0.00153677
-0.000684724
  0.00763385
   0.0100641
   0.0076505
  0.00465259
 0.000628507
  0.00105034
  0.00318513
  0.00183744
  0.00160468
  -0.0065916
  -0.0042461
  0.00197848
  0.00228186
 -0.00469362
 -0.00285915
  0.00224071
   0.0002884
 -0.00406067
 -0.00788936
 -0.00379815
  -0.0019761
-0.000926924
 -0.00647798
  0.00182088
  0.00111998
  0.00257368
-0.000692178
 0.000194779
-0.000450825
  0.00538579
  0.00415101
   0.0030763
  0.00530427
  0.00806788
  0.00248989
 -0.00132306
 -0.00197074
-0.000498396
-0.000545909
 -0.00423002
 -0.00574233
 -0.00520224
  0.00492724
  0.00351918
 0.000952528
 -0.00186885
  0.00195972
 0.000558781
 -0.00439753
 -0.00595545
 -0.00198862
  0.00311978
   0.0019303
  0.00198091
  0.00554656
  0.00290518
 0.000644119
 -0.00211993
 -0.00477679
 -0.00378032
  0.00107296
  0.00274217
  0.00256365
  0.00422237
  0.00589826
   0.0113871
  0.00334081
  0.00222716
  0.00288858
 -0.00219281
 -0.00826687
 -0.00493116
-3.85977e-05
  0.00392287
  0.00190002
  0.00229097
 -0.00361096
 -0.00428739
 -0.00973693
 -0.00794303
 -0.00426609
 0.000188779
-0.000344268
 -0.00474372
 -0.00126534
  0.00314653
  0.00163593
 -0.00400387
-1.99551e-05
 -0.00276431
 -0.00434965
  0.00303456
-0.000704498
   0.0010451
 -0.00226242
 0.000950132
  0.00200414
  0.00585542
-0.000807793
 -0.00244181
  0.00101636
  0.00433229
  0.00365142
 0.000682668
 -0.00721848
 -0.00224526
  0.00360172
  0.00907217
  0.00125181
   -0.001587
-0.000736181
  0.00396404
  0.00748021
 -0.00128743
 -0.00127765
-0.000479738
  0.00565025
 -0.00298219
 -0.00438543
 -0.00583988
 -0.00356837
 -0.00429193
 -0.00351579
 -0.00612531
 -0.00336308
-0.000804052
  0.00853079
   0.0062711
  0.00667574
  0.00122551
 -0.00255551
-0.000235007
  0.00207284
 0.000430544
 -0.00197623
 -0.00232823
 -0.00345569
  0.00174277
 0.000109868
  0.00477178
  0.00152675
  0.00180582
-0.000217078
  0.00142782
 -0.00528965
 -0.00425221
  0.00359644
  0.00188692
  -0.0012026
 -0.00212232
 0.000710095
 -0.00135166
  0.00214862
 -0.00140171
  0.00149036
  0.00631683
  0.00362526
-0.000407116
  0.00125835
  0.00436831
  0.00187772
 -0.00403493
 -0.00849169
 -0.00197677
  0.00761341
  0.00423704
   0.0065041
 -0.00490239
  -0.0204203
  -0.0301991
  0.00460464
   0.0603381
   0.0722448
   -0.039949
  -0.0638658
   0.0292378
   0.0459292
    0.135656
   -0.279932
   -0.641393
    0.977217
