 -0.00516219
 -0.00597521
 -0.00820978
 0.000788494
-0.000677045
  0.00107563
 -0.00297433
  0.00173557
-7.17672e-05
-0.000843462
  -0.0017281
-0.000330936
   0.0020518
 -0.00448346
 -0.00643209
 -0.00571369
 -0.00413852
 -0.00705512
  -0.0136644
 -0.00680014
  0.00145793
   0.0025711
 -0.00443876
-0.000317667
 -0.00448605
-0.000677491
  0.00534062
  0.00821795
 -0.00298815
  -0.0038034
  0.00191726
  0.00617039
   0.0024393
  -0.0031023
 -0.00155736
  0.00132292
 -0.00188667
 -0.00179357
 -0.00110631
-0.000159015
  0.00550083
 0.000562115
  0.00459901
 -0.00374655
 -0.00434925
 -0.00105164
 0.000221281
  0.00442755
 -0.00126855
 -0.00135229
  -0.0051398
 0.000687808
  0.00276817
    0.007342
  0.00558798
  0.00067059
  0.00704977
 -0.00218908
 0.000912909
-0.000698332
  0.00441952
 -0.00338364
 -0.00075528
 -0.00492719
 -0.00263083
 -0.00129198
-0.000108861
 0.000993785
  0.00466661
 -0.00365097
 -0.00647993
 -0.00163886
-3.38357e-05
  0.00199889
-0.000217268
  0.00233757
 -0.00115116
  -0.0015231
 0.000385222
  -0.0012379
-0.000429116
  -0.0016977
  0.00188665
  0.00622356
  0.00213153
  0.00315689
   0.0010183
 0.000274858
 -0.00141108
 -0.00207494
 -0.00222015
 -0.00271415
 -0.00191453
 -0.00134965
  0.00483272
  -0.0027696
-6.84009e-06
-0.000213969
  0.00193606
  0.00216533
 -0.00116119
 -0.00131026
 -0.00424919
-0.000943789
 -0.00123347
  0.00298541
   0.0017946
 0.000368582
 -0.00457689
 -0.00439436
 -0.00199017
 -0.00129222
 0.000469013
 9.31241e-06
   0.0003602
  0.00170302
-0.000422796
 -0.00215604
 -0.00254269
 0.000511569
 -0.00173947
  0.00579865
  0.00603624
  0.00185172
  0.00174951
 0.000143541
 -0.00520839
 -0.00897304
 -0.00290514
  0.00014214
 0.000472723
 -0.00116883
 -0.00205707
 -0.00271429
  -0.0043599
  -0.0023022
 -0.00118226
 0.000509366
   0.0088946
  0.00912344
  0.00232475
 -0.00195394
  0.00119604
 0.000134253
 -0.00113693
 -0.00299704
  -0.0057694
  0.00112701
  0.00671264
  0.00302924
-0.000340204
  -0.0012044
 9.88357e-05
  0.00221446
   0.0020555
  0.00318888
  0.00074458
 -0.00325791
-5.24526e-05
  0.00152227
 -0.00640434
 -0.00219988
  0.00547895
 0.000186044
 -0.00179594
 -0.00729198
 0.000135169
 -0.00284845
 0.000918871
 0.000810695
   0.0014136
 0.000567266
 -0.00298034
 -0.00427266
 0.000129313
  0.00174831
  0.00336098
  0.00206179
  0.00390651
-0.000919933
  0.00300789
  0.00556516
  0.00900026
  0.00136571
 -0.00154791
 -0.00596968
  0.00730257
  0.00225535
  -0.0048595
   -0.008498
 -0.00387192
  0.00200441
-0.000360372
-0.000965681
  0.00102142
 -0.00078753
  0.00466028
  0.00034284
 -0.00253432
 -0.00569211
 -0.00434594
 -0.00763411
 -0.00165525
 -0.00686528
  0.00433716
  0.00152847
  0.00440821
 -0.00146396
  0.00371675
  0.00554507
  0.00243879
  0.00358202
 -0.00606495
-0.000974107
 0.000828883
  0.00366581
-0.000334838
 -0.00609633
  -0.0120356
 -0.00995417
 -0.00766825
 -0.00410406
 -0.00480323
  -0.0047472
 -0.00238447
  0.00102062
  0.00437236
 -0.00484883
 -0.00227364
 -0.00187459
  0.00120461
  0.00182428
 8.91953e-05
 -0.00217862
-0.000620016
 0.000663816
 -0.00263897
 -0.00142214
  0.00444516
  0.00315451
 0.000761857
 -0.00238172
 -0.00197665
 -0.00101093
  0.00327368
  0.00388308
  0.00560825
  0.00354082
 0.000364912
  0.00283636
-0.000387364
 -0.00211202
 -0.00359701
 8.03953e-05
 -0.00103119
 -0.00200284
 -0.00541558
 -0.00208551
    0.005029
  0.00123846
 4.40754e-05
 -0.00320863
 -0.00169048
 -0.00207478
-0.000612982
 -0.00504573
 -0.00333113
-0.000951086
  0.00107617
 -0.00183093
-0.000163617
 0.000386192
-0.000387773
-0.000671548
  0.00130544
  0.00280125
  0.00392265
  0.00859851
  0.00946053
  0.00111315
  -0.0025741
 -0.00170662
-0.000653494
  0.00217291
 -0.00437839
 -0.00575517
 -0.00589078
 0.000116704
  0.00212687
  0.00313841
 -0.00776557
 -0.00719954
  -0.0053753
  0.00165013
  0.00480632
 0.000147876
-0.000955458
 -0.00034866
-0.000844921
-0.000649961
 -0.00220306
 -0.00117252
-0.000713994
  0.00103296
 0.000273148
 -0.00378063
 -0.00475585
 -0.00303275
 -0.00281517
 -0.00113739
  0.00704609
  0.00350652
 0.000471982
-0.000647038
 -0.00300225
 -0.00446117
-0.000732123
  0.00236627
   0.0025946
-0.000678371
 0.000798268
  0.00756778
  0.00789891
  0.00234871
 -0.00193784
  0.00153319
  0.00358682
  0.00623642
  0.00105489
  0.00448981
-0.000640208
-0.000169612
 -0.00581493
 -0.00787715
 -0.00495915
  0.00473072
  0.00654632
  0.00782745
  0.00365229
  0.00275437
  0.00128383
-0.000949942
 -0.00246342
  0.00435168
   0.0063012
  0.00187894
 8.06439e-05
 -0.00268136
-0.000781483
  0.00365384
  0.00194759
   -0.004773
 -0.00912403
 -0.00717126
  0.00170215
   0.0033935
  -0.0011324
 -0.00201672
 -0.00401481
 -0.00257602
  0.00211858
  0.00542234
   0.0039461
  0.00196506
  0.00184359
 -0.00330649
 -0.00298471
 -0.00202937
 -0.00261787
  0.00509935
   0.0095388
  0.00350973
  -0.0021525
-9.14965e-05
  0.00325331
 0.000298376
  0.00317392
 0.000311038
  0.00291903
  0.00321073
  0.00163391
 -0.00400337
 -0.00897653
 -0.00467104
-6.28887e-05
  0.00316018
 -0.00409262
 -0.00847305
 -0.00451115
  0.00114435
  0.00852681
   0.0027395
  0.00615052
  0.00194938
 -0.00129339
   0.0019507
 0.000838151
  0.00202199
  0.00254897
  0.00338968
  0.00363545
 0.000506562
 -0.00205849
 -0.00612324
 -0.00197677
   0.0052441
  0.00157312
  0.00319353
  0.00807916
  0.00376922
  0.00413455
  0.00116199
-0.000825809
 0.000468321
 0.000249738
 -0.00225418
 -0.00150227
 -0.00250159
  -0.0053645
 -0.00193733
 -0.00164685
 -0.00511778
  0.00448756
   0.0053148
   0.0066076
  0.00381017
  0.00422215
 -0.00324041
 -0.00112021
  -0.0035094
 -0.00119506
  -0.0036691
 -0.00760114
 -0.00325937
 -0.00119609
  0.00621223
  0.00560924
  0.00340745
 -0.00516158
 -0.00115517
 -0.00134278
   0.0039665
 -0.00136833
 -0.00473584
 -0.00362141
 -0.00318628
 -0.00132927
-0.000467239
-0.000988404
 0.000184998
 -0.00118762
  0.00352018
  0.00465454
  0.00151721
 -0.00273367
 -0.00181242
 -0.00434241
 -0.00265469
  0.00168546
 -0.00570443
  -0.0067227
-0.000964124
  0.00673878
     0.00201
  -0.0022865
 -0.00502102
 -0.00704844
 -0.00557123
 0.000266388
 0.000861271
 -0.00102256
  -0.0029354
-0.000401818
 -0.00128046
  0.00207812
  -0.0019149
  -0.0020115
-0.000460348
  0.00269374
  0.00125542
  0.00127295
 -0.00138792
 0.000127364
 -0.00103797
  0.00681233
  0.00536713
   0.0105583
  0.00438451
   0.0068733
  0.00419779
  0.00197237
 0.000334611
  0.00312619
  0.00622926
-0.000944174
  -0.0043726
  -0.0053931
 0.000925141
  0.00350005
  0.00710519
  0.00401228
 0.000581987
 -0.00166834
-0.000613859
 -0.00355212
-0.000613797
 -0.00447896
 -0.00160612
 0.000901469
  0.00304495
-0.000392556
 -0.00308639
-7.29478e-06
 -0.00150437
 -0.00416267
 0.000844076
  0.00378614
  0.00263176
-0.000421961
 -0.00601561
 -0.00265071
-9.93082e-05
  0.00531943
 0.000594574
  0.00146842
  0.00061915
  0.00212401
  0.00310477
 -0.00112318
-0.000711653
 -0.00476108
-0.000632012
 0.000682129
  0.00520975
 0.000982704
  -0.0017557
 -0.00273672
  0.00242592
  0.00021554
 6.82429e-05
 -0.00204536
 -0.00557351
 -0.00545768
 -0.00172132
 -0.00242858
  0.00267425
  0.00702175
    0.007482
  0.00148824
 -0.00760564
 -0.00156166
  0.00378366
   0.0073324
  0.00608019
  0.00116766
 -0.00325981
 -0.00537488
 -0.00563632
  0.00124127
  0.00186456
    0.003011
 -0.00285037
 -0.00294339
 -0.00824512
 -0.00329956
-0.000771089
-6.53198e-05
 -0.00206143
 -0.00527469
 -0.00168892
  0.00379925
  0.00537768
  0.00184289
-0.000281332
 -0.00214188
  -0.0013829
 0.000335648
 0.000327856
 0.000267609
 0.000814362
   0.0015473
  0.00128303
  0.00244513
    0.006751
 -0.00208746
 -0.00527302
 0.000982743
  0.00209624
  0.00115503
 -0.00504358
-0.000400552
  0.00500217
   0.0043018
 -0.00155909
 -0.00341511
  0.00100006
-7.15633e-05
  0.00186769
 0.000383529
 -0.00270799
  -0.0016537
  -0.0011214
   0.0015587
  0.00750769
 7.07255e-05
 -0.00724999
 -0.00596893
  -0.0099382
 -0.00205904
 -0.00294148
  0.00504258
  0.00511613
 1.84352e-05
-0.000526024
 0.000420177
-0.000727589
 0.000144462
 -0.00306114
 -0.00295101
-0.000759754
  -0.0010207
  0.00295639
   0.0026244
  0.00626316
  0.00174925
  0.00015657
 -0.00247354
-0.000640779
  0.00482035
   0.0050901
  0.00537616
 -0.00409963
 -0.00361478
  0.00196861
  0.00666704
 -0.00110523
 -0.00288931
 -0.00180693
-0.000120408
 6.41769e-06
 0.000798535
 -0.00288744
-0.000169708
  0.00264072
  0.00702074
   0.0012583
 -0.00551712
 -0.00661076
-0.000790523
  0.00163282
   0.0050966
 -0.00477698
 -0.00309892
 0.000254508
  0.00149483
 -0.00134233
 -0.00262193
-0.000536941
 -0.00047407
-7.95275e-05
-0.000828382
  0.00502313
  0.00134405
   0.0035069
  0.00322071
  0.00362045
  0.00382346
   0.0057915
  -0.0019313
 -0.00144067
  0.00479574
  0.00543184
-0.000363018
 -0.00547812
 -0.00760257
  0.00107592
  0.00927895
    0.015048
  0.00197429
 -0.00213996
 0.000274065
  0.00218558
 0.000772756
 -0.00230729
  0.00212461
  0.00119509
  0.00550135
 -0.00121037
  0.00179226
 -0.00317991
 -0.00238891
 -0.00127858
 -0.00174204
 -0.00847573
 -0.00664607
 -0.00424413
  0.00337939
 -0.00189697
 -0.00112051
-0.000814436
  0.00224667
  0.00352357
   0.0024113
 -0.00117482
 -0.00399263
-0.000159244
 0.000425823
  0.00172246
  0.00107918
 -0.00201002
 -0.00192563
  0.00292618
  0.00017882
-0.000594305
 -0.00238908
 -0.00252646
 -0.00637177
-0.000177237
  0.00447648
  0.00694763
  0.00172196
 -0.00299902
-0.000695769
  0.00922853
   0.0048574
 0.000715131
 0.000241156
 -0.00330565
  -0.0055617
  0.00126644
-0.000295686
 -0.00573623
 -0.00436106
  0.00369877
   0.0054764
  0.00737925
   0.0037399
  0.00494287
  0.00392268
  0.00325713
-0.000318503
  0.00306444
  0.00327825
  0.00272639
  0.00303762
 -0.00171254
  0.00498281
  0.00230086
  0.00181913
  0.00143305
 -0.00124519
-0.000795352
-0.000886436
 -0.00116502
-5.09745e-05
 -0.00304594
 -0.00331948
 -0.00361744
-0.000790481
-0.000933342
-0.000781534
 -0.00649623
 -0.00404903
 -0.00372322
  0.00453468
  0.00310954
  0.00634695
   0.0111403
   0.0102064
  0.00707737
  0.00789974
  0.00606622
 -0.00109301
-0.000120991
-0.000370933
  0.00432012
  0.00164433
-0.000498886
 -0.00267505
 -0.00506039
  0.00192396
  0.00538644
  0.00718923
  0.00395883
-0.000442949
 -0.00433754
 -0.00695648
 -0.00568454
 -0.00195359
-0.000876963
 -0.00562623
 -0.00583466
 -0.00155134
  0.00536435
   0.0042902
 -0.00137413
 -0.00437998
 -0.00336166
  0.00159028
   0.0078899
  0.00383028
   0.0017872
  0.00160724
  0.00123039
 -0.00328238
 0.000855227
  0.00761293
   0.0050784
 -0.00115456
 -0.00331788
  0.00260129
-0.000689459
  0.00126055
 -0.00103797
  0.00577875
 -0.00112966
 -0.00335485
 -0.00946759
 -0.00212729
 -0.00432992
  -0.0111192
 -0.00703962
 -0.00459684
  0.00222019
  0.00271297
-0.000183914
 -0.00309428
 -0.00309872
 -0.00281242
 -0.00620074
  0.00188781
 0.000557235
 0.000705705
 -0.00365273
  0.00122694
  0.00319162
  -0.0042686
 -0.00845418
  -0.0066904
 0.000865454
-0.000645237
-0.000500918
 -0.00434716
-0.000530508
 -0.00339336
  0.00327374
  0.00360079
-0.000318503
 -0.00558562
 -0.00107885
  0.00034697
  0.00850387
  0.00515337
-0.000643214
 -0.00339833
  0.00217651
   0.0063071
  0.00451295
  0.00230351
  0.00193695
 -0.00297537
 -0.00393017
 -0.00159998
 -0.00228187
-0.000940901
  0.00128848
  0.00202112
 0.000826406
  -0.0082584
 -0.00642728
 -0.00669036
   0.0012641
  0.00377999
  0.00134205
 -0.00620896
 -0.00271961
 -0.00131357
  0.00302708
 -0.00102091
-0.000470732
  0.00219665
  0.00267646
 -0.00208372
  0.00255559
   0.0127064
  0.00421396
  0.00207334
 -0.00218114
-0.000395803
-0.000226907
  0.00152816
  0.00116022
   0.0024267
  0.00140655
 -0.00310094
 -0.00687537
  -0.0039307
 -0.00586034
 -0.00501833
 0.000434533
  0.00724423
  0.00843893
 1.88605e-05
 0.000440403
 -0.00237853
  0.00106576
 -0.00258125
-0.000407883
-0.000684151
  0.00664959
  0.00171633
 -0.00429268
 -0.00259012
  0.00260148
  0.00397145
   0.0053335
  0.00174966
 -0.00501873
 -0.00354377
 -0.00198431
  0.00106271
  0.00593095
  0.00288038
 0.000375988
 0.000174434
 0.000638878
  0.00249427
-0.000358393
 0.000765999
 -0.00377768
  0.00109413
  0.00188088
  0.00357451
  0.00128681
-0.000210335
  0.00232625
 0.000367818
  0.00353692
-0.000626912
 -0.00126144
 -0.00463686
  0.00300421
  0.00185278
  0.00126934
 -0.00438373
 -0.00618886
 -0.00540178
 -0.00438973
   0.0016864
 -0.00032486
 0.000404797
 -0.00359416
  0.00156965
-0.000154397
 -0.00114553
 -0.00385506
 -0.00125973
  0.00330291
  0.00387379
  0.00296755
  0.00483014
  0.00632696
 -0.00153217
 -0.00360129
 -0.00627417
   0.0015174
 0.000841326
  0.00263159
  0.00312385
  0.00185435
 -0.00438592
  0.00310453
  0.00435411
   -0.002386
 -0.00178342
  0.00577087
-0.000227722
  0.00224494
 -0.00152616
 -0.00274897
  -0.0058715
  -0.0031788
 -0.00326336
  0.00248282
  0.00427109
  0.00541915
 0.000861778
 -0.00147695
  0.00207224
  0.00216658
  0.00121627
  -0.0040144
  0.00217423
 -0.00044129
  0.00194281
-8.87605e-05
 -0.00018292
 -0.00465833
 -0.00661053
 -0.00239448
 0.000833926
  0.00239949
  0.00294691
  0.00131424
  -0.0031983
  0.00304559
  0.00595636
  0.00229498
-0.000565194
  -0.0062718
 -0.00523525
 -0.00452532
   0.0026436
  0.00767422
   0.0090098
  0.00812001
  0.00209767
  0.00105729
 -0.00620499
 -0.00345848
  0.00262111
  0.00802254
  0.00336762
  0.00465797
-2.29846e-05
   0.0061379
 -0.00199975
-0.000717251
 -0.00374642
 -0.00527348
 -0.00471223
  -0.0042838
 -0.00146099
  0.00335207
  0.00453901
  0.00572438
  0.00236592
-0.000359945
   0.0015712
  0.00562292
 -0.00145083
  0.00344217
  0.00186876
  0.00411795
 -0.00130383
  0.00331351
 0.000664943
 0.000455658
  0.00279316
  0.00402945
  0.00406431
  0.00594688
    0.003441
  0.00252853
 -0.00426768
 -0.00667594
  -0.0105391
 5.87623e-05
  0.00449076
  0.00098142
 -0.00171498
 -0.00601022
 -0.00402477
  0.00291591
  0.00127906
 -0.00496354
 -0.00251613
 -0.00524641
 -0.00292865
 -0.00628747
   -0.002168
  -0.0049978
 -0.00403413
-0.000619519
  0.00572019
  0.00346941
   0.0010223
 0.000575058
  0.00209916
    0.001686
  0.00337057
 -0.00103088
  -0.0085941
-0.000187469
  0.00196098
  0.00679634
  0.00140397
 -0.00140901
  0.00528319
   0.0061643
 0.000294482
 -0.00223068
  0.00193761
  0.00494272
 0.000622568
 -0.00469294
 -0.00245857
-0.000244763
  0.00278061
  0.00459198
  0.00373591
 0.000557774
 -0.00106525
 -0.00107559
    0.010078
  0.00817468
  0.00518133
-0.000866604
-0.000476883
  0.00179671
  0.00178305
  0.00106459
 0.000741841
  0.00205554
  0.00457908
 0.000592587
-0.000544178
 -0.00256806
  0.00200002
 0.000846499
 0.000289001
  0.00190058
  -0.0011547
  0.00511502
  0.00593927
  0.00223003
 -0.00181405
  -0.0032441
  0.00120014
-0.000425987
  0.00150665
-0.000876646
 0.000884812
  0.00102361
 -0.00066355
 -0.00334622
 -0.00671154
 -0.00346557
 3.88067e-05
 -0.00123051
 -0.00397467
 -0.00158593
  0.00233386
  0.00026675
 9.90681e-05
  0.00542225
  0.00284135
  0.00573588
  0.00151003
 -0.00296746
 -0.00276752
-0.000922955
  0.00640225
   0.0086798
  0.00227047
-1.03628e-05
 -0.00267005
  0.00454318
-0.000919748
 -0.00172975
 -0.00179198
  0.00264124
 0.000319903
 -0.00251779
 -0.00208208
 -0.00445634
 -0.00224184
 4.73198e-05
 -0.00429857
 -0.00350087
  0.00261415
 -0.00121117
 -0.00228396
   0.0011176
  0.00174911
-0.000326203
  0.00188218
  0.00420612
 0.000948316
  0.00284756
 0.000697213
 -0.00260502
 -0.00663705
 -0.00229403
  0.00119452
 -0.00384771
-0.000968755
 -0.00368356
  0.00229632
 -0.00204889
  0.00447147
  0.00374334
  0.00280032
 -0.00413554
 -0.00792719
 -0.00282597
 0.000377861
  0.00224256
  0.00103734
 -0.00301522
-0.000128878
  0.00377817
  0.00328547
  0.00526222
 -0.00445365
 -0.00537445
 -0.00332856
 -0.00156801
-0.000923851
 -0.00141382
 0.000507357
 4.87944e-05
 0.000916769
  0.00240979
  0.00331109
 0.000636397
 -0.00224133
 -0.00194224
 -0.00160006
 -0.00129083
  -0.0031077
 -0.00250409
 -0.00519319
 -0.00578223
 0.000659008
  0.00223889
  0.00514685
  0.00341067
  0.00624798
  0.00629517
  0.00221975
  0.00381357
 -0.00204733
-0.000360001
-0.000311069
  0.00327572
  0.00276922
 -0.00146107
 -0.00422664
 -0.00306469
  0.00135146
  0.00375215
-0.000756198
  0.00189388
 -0.00282055
 -0.00305978
 -0.00110008
 0.000254566
 -0.00310815
 -0.00493008
  0.00328351
  0.00723429
  0.00521202
 -0.00113284
 -0.00177072
 0.000132485
-0.000598728
 -0.00436252
 -0.00523518
 -0.00478862
 -0.00456052
   0.0030481
 -0.00266563
-0.000479621
  0.00572723
  0.00131574
  0.00436496
  0.00233581
  0.00324538
  0.00106345
 0.000800901
  0.00342015
  0.00746482
  0.00278714
  0.00452798
  0.00101164
  0.00210346
 -0.00104583
 -0.00679882
   -0.002042
 -0.00447199
  0.00163626
  0.00368411
  0.00614851
  0.00338814
 -0.00131331
 -0.00608894
 -0.00321143
-0.000710063
 -0.00137349
  0.00302012
 -0.00147091
-0.000291139
  0.00519733
  0.00273707
-0.000729059
 -0.00325427
  0.00215349
  0.00486174
  0.00185275
  0.00149228
 -0.00190763
 -0.00595665
 0.000416826
 -0.00382431
 0.000973828
 0.000967151
 0.000676301
 -0.00195154
 -0.00129118
 -0.00298791
 -0.00152455
  0.00259649
  0.00430384
  0.00168247
 0.000823142
 -0.00283693
  0.00112676
 -0.00134377
 -0.00449713
  0.00336737
  0.00563439
  0.00582655
  0.00469671
  0.00451242
  0.00579543
 -0.00259173
 -0.00356791
 -0.00351805
  0.00113817
-0.000915684
 -0.00530168
-0.000778177
   0.0101718
   0.0047833
 -0.00609869
 -0.00457614
 -0.00693508
 -0.00118324
  0.00470632
  0.00632576
  0.00163011
  0.00204388
  0.00396297
  0.00692598
 0.000888239
 0.000339879
 -0.00574871
  -0.0018013
  -0.0038287
 -0.00431373
  0.00249739
  0.00204576
 -0.00133201
 -0.00493251
 -0.00176937
  0.00582256
  0.00924396
  0.00503036
 -0.00353233
  -0.0132093
 -0.00802975
-0.000632719
  0.00138536
 -0.00414667
 -0.00396919
 -0.00253824
 0.000884035
  0.00459379
   0.0023329
   -0.002975
 -0.00507818
 -0.00203854
  0.00490477
  0.00522077
  0.00779116
  0.00321139
  0.00332841
 -0.00402585
 0.000132894
 -0.00162342
 -0.00131404
-0.000366931
  0.00256127
  0.00218191
 -0.00246624
  0.00393325
  0.00133418
 -0.00677752
 -0.00576643
 -0.00230001
  0.00121138
  0.00532883
  0.00612079
-8.82812e-05
 -0.00597159
 -0.00533878
 -0.00021808
   0.0016832
  0.00453095
 1.55044e-05
 -0.00507843
-0.000347721
 0.000252154
 1.39517e-05
 -0.00236195
-0.000725351
  0.00113667
-0.000351523
 8.00302e-05
  0.00235146
-0.000166458
  0.00144056
 -0.00128879
  0.00858841
  0.00624903
  0.00977895
  0.00600702
  0.00501017
   0.0075019
  0.00858633
  0.00984975
  0.00161606
  0.00127701
-0.000346339
  0.00153013
  0.00257924
  0.00094371
 0.000161073
 -0.00203535
  0.00166299
 0.000293856
  0.00622848
  0.00308975
  0.00246374
 -0.00979024
 -0.00421715
 -0.00352465
  0.00379208
  0.00322874
-0.000930735
 -0.00162611
-0.000401801
-0.000521046
   0.0067939
  0.00354663
 -0.00583561
 -0.00731287
 -0.00450488
  0.00372378
  0.00781449
  0.00525492
  0.00213121
-8.19566e-05
  0.00548417
  0.00800155
  0.00894044
   0.0024999
  0.00282695
  0.00317511
  0.00860687
  0.00813782
 -0.00296347
-0.000618834
 -0.00184311
  0.00412298
  0.00385561
  0.00149101
  -0.0024704
 -0.00195553
  0.00197836
  0.00466783
 -0.00254482
  0.00100738
 0.000145112
 0.000773216
  0.00203475
   0.0051956
  0.00112045
 -0.00527067
 -0.00548599
 -0.00269976
 -0.00162433
  -0.0055552
 -0.00455527
   0.0016314
   0.0039913
  0.00385693
 -0.00511816
 -0.00443088
 -0.00319814
 -0.00393726
   -0.002845
 -0.00654115
 -0.00726437
-0.000127249
 -0.00291647
 -0.00273406
  -0.0037591
 -0.00696715
 -0.00731584
 -0.00426557
 -0.00638026
 -0.00343351
-0.000431779
 0.000333332
  0.00643118
  0.00216547
 0.000771392
 -0.00125217
 -0.00128904
 -9.3423e-05
   0.0088174
 -0.00119307
 0.000392556
 -0.00140069
  0.00376483
-1.65648e-05
 -0.00216382
 6.69314e-05
 0.000980403
   0.0035053
 -0.00222125
  0.00406685
  0.00303018
  0.00115153
-0.000377391
 0.000756639
-0.000213989
 -0.00020349
  0.00505543
  0.00147558
 -0.00489252
 -0.00238566
 -0.00132367
  0.00292641
  0.00342534
  0.00465856
 -0.00280891
-0.000608988
  0.00731145
  0.00877151
  0.00527419
-0.000338185
  0.00234566
  0.00594049
  0.00274263
  -0.0015514
 -0.00391241
 -0.00355226
-0.000162608
  0.00759312
  0.00436206
  0.00404416
 -0.00269623
 -0.00174432
 -0.00115123
   0.0019952
 -0.00290268
 -0.00157896
  0.00314694
  0.00447914
  0.00387597
-0.000448262
-0.000508103
 0.000812501
 -0.00762901
 -0.00553025
 0.000139614
   0.0068349
  0.00374816
   0.0044679
  0.00227603
  0.00468825
 -0.00185348
 -0.00359799
  0.00213258
  0.00354988
  0.00411914
-0.000496341
  0.00048052
 6.30271e-05
  0.00204643
   0.0033927
-0.000875091
  0.00178225
  0.00134395
  0.00208717
 0.000732116
  -0.0028872
  0.00522877
  0.00187844
  0.00307907
-0.000379627
  0.00252646
  0.00215261
  0.00801257
  0.00526614
  0.00236907
   0.0020811
 -0.00369929
 -0.00153791
 -0.00575057
-0.000590698
 -0.00357914
 -0.00529947
 -0.00963038
 -0.00218368
  0.00189207
  0.00810205
 -0.00294072
 -0.00298071
 -0.00418813
  0.00235137
 0.000636835
  0.00764099
  0.00150079
  0.00283103
 0.000598979
  0.00244456
  0.00508258
  0.00720694
  0.00414204
 0.000264268
   0.0018885
  0.00549989
  0.00380478
 -0.00464363
 -0.00333129
 -0.00538914
 -0.00560307
 -0.00703561
 -0.00258068
 -0.00558655
 -0.00197451
   0.0024535
  0.00118828
  0.00114257
  0.00492513
  0.00503079
  0.00111711
 0.000887306
 -0.00244984
  0.00336724
-0.000372979
 -0.00477062
 -0.00148081
 -0.00205281
  0.00607896
  0.00623987
  0.00190162
  0.00528923
  0.00314861
  0.00131849
 -0.00160208
  0.00610922
  0.00314727
  0.00286396
-0.000675487
  0.00560014
  0.00411183
  0.00340111
  0.00404113
 0.000481308
 -0.00430372
 -0.00210839
  0.00274737
  0.00508208
  0.00141945
  0.00683711
  0.00488775
  0.00060874
 -0.00791482
 -0.00879291
 -0.00483954
 0.000989537
  0.00834943
   0.0068483
  0.00271203
-0.000926548
 -0.00294908
 -0.00136357
  0.00296049
  0.00176236
 -0.00451841
 -0.00948276
 -0.00259872
   0.0031346
   0.0011023
 -0.00396277
 0.000835965
 -0.00728938
 -0.00902087
 -0.00720556
  0.00124323
  0.00881288
  0.00852244
 -0.00603861
 -0.00221028
 -0.00292228
 0.000723927
  0.00246276
  0.00116755
 -0.00352407
 -0.00627958
 -0.00306115
-0.000503923
  0.00224404
 -0.00534515
 -0.00550431
 -0.00817703
 0.000797436
  0.00409074
  0.00571534
  0.00612094
  0.00136679
 0.000519579
   0.0083901
  0.00891313
-8.37785e-06
 -0.00331329
 0.000637806
 -0.00127492
   0.0064846
  0.00148432
 0.000990035
 -0.00347574
 -0.00391295
 -0.00708437
 0.000173269
 -0.00206138
  0.00190359
 -0.00239329
 -0.00586198
 -0.00945778
  0.00175251
  0.00739205
  0.00679838
  0.00230364
   0.0023769
 -0.00318649
 -0.00529316
 -0.00669984
 -0.00364647
 -0.00280961
 -0.00312209
 -0.00121722
 -0.00447143
  0.00746259
  0.00126088
-2.87597e-05
 0.000117172
 0.000717931
 0.000752209
 -0.00103583
-0.000504332
    -0.00212
 -0.00407949
 -0.00285158
  0.00119811
-0.000813802
  0.00337803
  0.00315223
   0.0025898
 -0.00104967
  -0.0048865
  0.00036492
-0.000288642
  0.00157202
-0.000835895
-0.000541249
 0.000983177
-1.97968e-05
 -0.00185176
 -0.00316026
  0.00256154
-0.000355944
  0.00511545
  0.00532688
  0.00855626
  0.00234099
  0.00167816
-0.000201985
  0.00139195
  0.00313116
  0.00265992
 -0.00020555
  0.00120535
-0.000352312
 0.000169085
  0.00239578
  0.00550696
  0.00136373
 -0.00291524
 -0.00155847
 0.000313897
  0.00402869
 -0.00106551
 -0.00430369
 -0.00201954
  0.00114299
 -0.00017012
 -0.00608749
-0.000528339
  0.00404053
  0.00241194
-0.000242125
 -0.00128332
  -0.0027522
 -0.00134478
 -0.00165117
  0.00204761
   0.0056201
  0.00208772
   0.0016134
-0.000970361
 -0.00299039
  0.00430775
  0.00696527
   0.0065546
  3.4725e-05
  0.00231797
 -0.00887775
 -0.00614542
 -0.00418811
 -0.00107017
  0.00463727
   0.0097058
  0.00326864
 -0.00271422
 -0.00573268
 -0.00429192
 -0.00537553
  0.00185521
 -0.00175143
 -0.00434876
 -0.00851295
 -0.00809974
 -0.00397527
 0.000253453
  0.00517087
  0.00492036
 -0.00227252
  -0.0023647
-0.000119702
 -0.00236476
 -0.00314203
   0.0024995
 0.000479629
  0.00126476
 -0.00344983
 -0.00395677
 -0.00558567
 -0.00325153
 -0.00120053
  -0.0032731
  0.00212231
  0.00403577
  0.00535003
  0.00940213
  0.00744663
  0.00324433
 -0.00090345
-0.000744566
 -0.00110438
 -0.00302288
 -0.00212799
 -0.00247231
 0.000297543
  0.00449569
  0.00488532
  0.00441761
 -0.00149179
 -0.00156223
   0.0039061
 0.000280297
  0.00128523
 -0.00340513
 -0.00586552
  -0.0026487
 -0.00151144
  0.00464885
   0.0022112
  0.00228882
 0.000338099
  0.00692525
  0.00276551
 -0.00166136
 -0.00317669
  0.00620523
  0.00596598
  0.00986095
-0.000224838
-0.000739725
  0.00514043
  0.00993006
  0.00414605
 -0.00871026
 -0.00315854
   -0.004101
-0.000446859
 -0.00265518
 0.000622269
 -0.00328478
-0.000679698
  0.00410132
 0.000605141
-9.05239e-05
  0.00201386
 -0.00375958
 0.000442149
-0.000716213
  0.00129995
 8.55063e-06
 -0.00223998
-0.000518961
 -0.00189749
  0.00297325
  0.00442582
  0.00627383
-0.000104145
  0.00824965
   0.0101442
  0.00987685
  0.00563084
  0.00288207
  0.00302494
  0.00708773
  0.00195038
  0.00700293
 0.000475293
 -0.00298013
 -0.00232039
 -0.00492194
 -0.00594945
 -0.00716191
-0.000679819
 0.000143233
 -0.00153609
  -0.0023504
 -0.00619315
-0.000134712
  0.00380715
  0.00667039
 -0.00551988
 -0.00862114
 -0.00437552
 -0.00209873
 -0.00226319
 -0.00327123
  0.00148601
  0.00205163
 6.54952e-06
 -0.00057827
 1.74108e-05
  0.00554484
 -0.00105419
 -0.00139404
  0.00165986
 6.67321e-05
 -0.00591169
 -0.00764567
 -0.00049351
  0.00133811
-0.000988302
 -0.00532941
 0.000369357
 -0.00105232
 -0.00315996
 -0.00528534
 -0.00145539
 -0.00248587
 0.000547485
  0.00259971
  0.00912539
  0.00783751
  0.00507898
-0.000551575
 0.000260759
 0.000232021
 -0.00082541
 -0.00207031
 -0.00204239
 -0.00108445
   0.0051287
 -0.00184442
 -0.00108379
  0.00078696
 0.000211347
  0.00120486
 -0.00120332
-0.000256439
  0.00700135
  0.00524636
  0.00167117
 -0.00176123
 -0.00129856
 9.97363e-05
 -0.00195281
 -0.00142944
  0.00313563
  0.00473791
 -0.00172945
 -0.00437549
  0.00656423
  0.00535768
  0.00452684
-0.000500515
 0.000113527
  0.00341387
  0.00548068
-0.000727445
 0.000929719
 -0.00282998
-9.27258e-05
 -0.00377433
   0.0018605
 -0.00087955
  0.00590286
  0.00123139
  0.00600215
 0.000217598
 0.000771587
 -0.00162786
  0.00398154
  0.00695905
 -0.00180942
  0.00108517
 -0.00485645
-0.000370998
 -0.00201022
 0.000712284
-4.84819e-05
  0.00395904
 0.000324833
  0.00303798
  0.00825442
  0.00261652
 0.000373514
 -0.00435418
 0.000429428
  0.00435243
   0.0107875
  0.00589727
  0.00254065
  0.00300297
  0.00522439
  0.00720926
 0.000887688
  0.00124076
 -0.00104931
    0.002063
 -0.00368656
  0.00120582
  0.00798958
  0.00700011
  0.00326372
  0.00509893
    0.003598
  0.00297033
 -0.00299921
-0.000115412
  0.00609362
  0.00991243
  0.00363657
 0.000863517
 -0.00609264
 0.000947007
  0.00266582
 -0.00229301
 -0.00175977
-0.000898625
  0.00579039
  0.00228564
   0.0055889
 -0.00471665
-0.000508374
  0.00185078
  0.00627188
  0.00327465
  0.00176307
  0.00626003
  0.00254909
  0.00128431
-0.000503161
  0.00290876
-0.000391205
 -0.00856386
 -0.00839374
 -0.00559224
 -0.00207938
 0.000605106
 -0.00201333
  0.00204617
  0.00654491
  0.00392663
-0.000766523
 -0.00102895
 -0.00261159
-0.000777807
 0.000878234
 -0.00604058
 -0.00495306
 -0.00335538
 -0.00092783
-0.000410973
 0.000647004
 -0.00876856
  -0.0044945
 0.000496821
 -0.00189717
 -0.00527481
-0.000259342
-0.000451181
 -0.00424723
 -0.00551939
 -0.00626962
  0.00223894
  0.00304604
  0.00410904
 0.000446101
  0.00424406
  0.00165831
 -0.00252516
 -0.00323206
 -0.00561288
 -0.00587174
  0.00027804
-0.000194587
  -0.0017064
  0.00341417
  0.00120318
  0.00678145
  0.00673542
  0.00526569
-0.000728539
  0.00112946
  0.00107637
   0.0028664
  0.00358675
-0.000209961
 -0.00196859
  -0.0027874
  0.00378813
    0.007646
   0.0148721
  0.00678235
  0.00374066
  0.00262039
  0.00397373
  0.00540804
  0.00142144
  0.00319646
 -0.00222863
 -0.00544102
 -0.00170092
 0.000453986
  0.00179862
  -0.0010531
 -0.00180519
 -0.00160712
 -0.00193894
  0.00153063
 0.000711427
  0.00242769
  0.00355945
  0.00531039
  0.00373458
  -0.0037951
  0.00365781
  0.00814548
   0.0147835
  0.00476116
  0.00382746
  0.00339715
   0.0116314
  0.00334266
  0.00205805
  0.00360767
 0.000853296
 -0.00397012
 -0.00126675
 -0.00167486
 -0.00429942
 -0.00275363
 0.000531187
  0.00336337
-3.15781e-05
 -0.00291798
 -0.00206761
 -0.00339728
 0.000148163
  0.00175224
 -0.00116591
-0.000804906
 -0.00178597
 0.000878057
 0.000896011
  0.00177298
  0.00646886
   0.0059997
   0.0004116
 0.000925389
  0.00204832
   0.0103793
  0.00517004
 -0.00146594
 -0.00151385
 -0.00107209
 -0.00135752
 -0.00113146
  0.00238855
-5.60819e-06
  0.00194524
  0.00328262
   0.0103704
  0.00854445
  0.00870971
  0.00341587
 -0.00271223
  -0.0078802
 -0.00685929
  -0.0040697
 -0.00108108
  0.00391905
  0.00384677
   0.0016901
  0.00240993
  0.00193934
 -0.00387524
 -0.00603965
  -0.0025546
  0.00230002
  0.00404197
  0.00251558
-0.000129444
   0.0051287
   0.0039425
 -0.00104242
 -0.00611768
 -0.00333338
 0.000235581
   -0.002311
 -3.4016e-05
-0.000714118
  0.00154885
 0.000396553
  0.00132086
-0.000759185
 -0.00335218
 -0.00454398
  -0.0034243
 -0.00488032
 -0.00740643
 -0.00192396
  0.00854551
  0.00615162
  0.00278791
  0.00132044
 -0.00183016
 0.000419827
 0.000850229
  0.00616235
  0.00595803
  0.00319518
 -0.00199883
  0.00536547
  0.00733948
-0.000264497
 -0.00394329
 -0.00543657
  -0.0019685
 -0.00403647
  0.00192719
-0.000245487
  0.00753906
  0.00388749
  0.00713412
   0.0057866
-0.000789228
 -0.00518245
-0.000569507
 0.000780262
 -0.00855346
  -0.0128509
 -0.00521278
 -0.00010943
  0.00162229
   0.0100769
  0.00458989
  0.00321518
 -0.00290594
 -0.00418044
-0.000570388
 0.000984383
  0.00651438
 0.000821726
  0.00103645
-0.000556143
-0.000746692
 -0.00163759
  0.00611415
  0.00780503
  0.00686558
  0.00312205
  0.00504605
  0.00463031
  0.00428079
 0.000908514
 -0.00519719
 -0.00867701
 -0.00111506
 -0.00378287
  0.00115938
-8.58961e-05
-0.000317994
 0.000862657
  0.00295994
  0.00332441
  0.00422617
-0.000700149
 0.000445317
 -0.00173996
  0.00371393
 -0.00214303
 0.000366021
 -0.00307764
  0.00185623
 0.000399783
  0.00117101
 -0.00409041
   0.0022873
  0.00522849
  0.00952455
  0.00676862
  0.00211859
 -0.00050512
   0.0041931
  0.00839164
  0.00260377
-0.000353928
 -0.00583811
-0.000283327
 0.000492599
  0.00198233
 -0.00116262
 -0.00125064
 0.000622633
-0.000842891
 -0.00308329
  -0.0033804
   0.0024099
-0.000777841
-0.000848496
-0.000568553
  0.00400774
  0.00204237
  -0.0013517
 -0.00122465
  0.00295728
  0.00146486
  0.00661201
  0.00261664
 0.000282675
 -0.00288852
 -0.00145975
-0.000963547
  0.00196339
 -0.00259367
  -0.0034401
 0.000447877
 0.000257242
-0.000485171
-0.000405157
  0.00426289
  0.00313463
 -0.00162966
 -0.00540042
 -0.00476964
 -0.00371832
 -0.00141461
 0.000766069
 2.95483e-05
  -0.0054664
 -0.00230406
 -0.00067007
  0.00523643
-0.000678709
 0.000426058
 -0.00137879
 0.000992194
  0.00297627
 -0.00342698
 -0.00489569
-0.000575282
  0.00517786
 -0.00125442
 -0.00118445
 -0.00537362
 -0.00658871
 -0.00277219
 -0.00560017
-0.000536029
  0.00151619
 -0.00552999
  -0.0138406
  -0.0082961
 -0.00138419
 -0.00265124
 -0.00103618
 -0.00237747
-0.000444505
  0.00306744
  0.00797941
  0.00439464
 -0.00182131
 -0.00330717
 -0.00595258
 -0.00415227
 -0.00412698
  0.00240831
  0.00218838
 -0.00673964
 -0.00602987
 -0.00337672
 -0.00140795
  0.00680006
   0.0120889
  0.00460085
 -0.00331245
 -0.00136272
 -0.00275195
   0.0014622
  0.00595797
  0.00824838
 -0.00502863
 -0.00407502
  0.00387249
  0.00390294
  0.00683134
 -0.00192078
 -0.00422682
 -0.00210088
   0.0073769
   0.0109594
  0.00910685
 0.000873392
 -0.00291854
 -0.00848107
 -0.00494708
-0.000461728
  0.00193341
  -0.0067844
  -0.0088622
 -0.00866208
  0.00244173
  0.00936136
   0.0040747
  0.00471671
  0.00514343
  0.00610777
-0.000296951
  -0.0018114
  0.00105197
 -0.00156407
 -0.00214741
 -0.00421232
  0.00065926
 0.000250262
  0.00149804
  0.00794521
  0.00236464
 -0.00373353
 -0.00216069
-5.68566e-05
  0.00517872
 0.000786531
 -0.00222588
  0.00020422
-0.000704003
-0.000863578
-0.000419241
   0.0006618
  0.00014902
 -0.00470626
  -0.0028276
 0.000340373
  0.00322477
 -0.00305087
 -0.00714371
  0.00160475
   0.0012626
-0.000760312
  0.00171686
   0.0013065
 -0.00380438
 -0.00254404
 -0.00276778
  0.00155072
  0.00140847
  0.00301165
 -0.00107491
 -0.00144751
  -0.0029542
  0.00359718
  0.00594415
  0.00201216
 -0.00202939
  0.00271207
-0.000307291
 -0.00204058
 -0.00558234
 -0.00190166
 -0.00561578
 -0.00572066
 -0.00477083
   -0.001146
-0.000237625
  0.00377729
 0.000773361
  0.00261826
  0.00767943
  0.00275612
  0.00527654
 -0.00102283
  0.00236862
 -0.00329578
 -0.00617491
 -0.00465818
 -0.00173546
  0.00067299
 -0.00277355
 -0.00807055
 -0.00666308
  -0.0066216
 0.000948183
  0.00791754
   0.0100646
  0.00369803
 0.000797504
-0.000553119
  0.00350274
  0.00468391
   0.0017208
 0.000818396
 -0.00442861
 -0.00571424
 -0.00191309
  0.00499481
  0.00207435
-0.000124792
 0.000707047
 -0.00259791
 -0.00361258
  -0.0028531
 -0.00586354
  -0.0024602
 0.000530707
 -0.00174608
 0.000323379
 -0.00189622
  0.00321664
  0.00529418
  0.00185347
  0.00127131
  0.00246822
-0.000414843
 -0.00369013
 -0.00167665
 -0.00144288
 -0.00229943
 0.000280743
  -0.0014435
 -0.00542313
 -0.00427462
 -0.00505673
 0.000875983
-0.000916699
 0.000914179
 -0.00120992
  0.00250426
  0.00686568
 -0.00230368
 -0.00465449
 -0.00315552
  0.00410597
  0.00031989
-0.000776538
 0.000627238
  0.00225282
  0.00958456
  0.00975845
  0.00620498
 -0.00267105
 -0.00917816
  -0.0117207
 -0.00155118
 -0.00312829
  0.00358306
  0.00539811
  0.00200291
 -0.00397516
 -0.00808638
 -0.00392141
 -0.00264461
  0.00262082
  0.00116093
    0.002704
 -0.00144225
  0.00120058
   0.0013635
  0.00292949
  0.00582528
  0.00403052
  0.00424379
 -0.00226152
 -0.00293674
  0.00164089
 -0.00105004
  0.00381164
 -0.00127585
 -0.00590433
 -0.00544214
   0.0023082
 -0.00253473
 0.000203953
  0.00173641
 -0.00064812
 -0.00276426
 -0.00103802
 -0.00097884
   0.0012017
-0.000248704
  0.00201135
  0.00125012
  0.00191575
  0.00454255
  0.00236534
  0.00237235
  0.00225205
 0.000146979
  0.00170397
    0.004864
  0.00822949
 0.000435253
  0.00201862
 0.000495284
 -0.00227681
-0.000662006
  0.00268888
  0.00391212
 -0.00498572
-0.000263836
  0.00102576
   0.0052535
  0.00656171
   0.0030814
 -0.00471043
 -0.00781162
 -0.00389169
 -0.00165028
  0.00401724
  0.00206964
  0.00499349
-0.000983452
 -0.00180675
 -0.00218733
 0.000240852
 -0.00152513
 0.000201828
 0.000817517
 -0.00306297
 0.000347069
-1.55809e-05
  0.00417582
  0.00699614
  0.00342163
  0.00202506
 0.000211053
 0.000879472
 -0.00166659
  -0.0039895
  -0.0035518
  0.00233382
  0.00839449
  0.00262588
 -0.00255473
 -0.00442297
 -0.00260123
   0.0062984
  0.00755083
  0.00448682
   -0.002226
   -0.004544
 -0.00052476
-7.03794e-05
  0.00462657
  0.00739611
   0.0046316
 -0.00142504
    0.002654
  0.00664077
  0.00682959
  0.00310829
  0.00213145
-0.000903956
  0.00110918
 -0.00202623
 -0.00701129
  -0.0119233
 -0.00639881
  -0.0110845
 -0.00389635
-0.000809676
-0.000696216
-0.000172397
 -0.00186755
 -0.00721554
  -0.0092366
-0.000791526
  0.00538305
  0.00832119
 0.000925385
 -0.00446469
 -0.00109428
  0.00251366
  0.00336135
  0.00252581
 0.000413085
 -0.00197512
  0.00289292
  0.00377777
  0.00268929
  0.00557226
   0.0049502
  0.00392943
  0.00228574
-0.000394955
 2.15197e-05
-0.000201941
  0.00474729
   0.0061696
  0.00519424
  0.00295295
  0.00452573
  0.00129937
  0.00147427
 -0.00402094
 -0.00298428
 -0.00459003
 -0.00077594
 0.000879741
  0.00199532
  0.00195153
  0.00212379
  0.00164891
  0.00329298
 -0.00188113
  -0.0039549
-0.000728863
 -0.00199087
 -0.00285528
 -0.00377069
 -0.00127206
 -0.00894851
 -0.00454184
 -0.00435126
 -0.00160044
 -0.00295986
  0.00144258
   0.0016088
-0.000507114
 -0.00714534
 -0.00295766
   0.0030511
  0.00634723
  0.00058678
 -0.00198627
  0.00426481
  0.00863783
  0.00783016
-0.000866995
 -0.00297107
 -0.00813147
  0.00260524
 -0.00536585
-0.000128908
 -0.00540773
  0.00258812
  0.00643474
  0.00237837
  0.00412534
 -0.00305476
 -0.00278417
 -0.00338931
 0.000512189
 -0.00463753
 -0.00474701
 -0.00225182
 -0.00279307
 -0.00401966
  0.00362758
 -0.00271282
  0.00226677
   0.0012154
  0.00175222
  0.00487418
 -0.00212117
 -0.00535718
  -0.0013918
 -0.00138697
 -0.00119415
 -0.00335595
-0.000200059
  0.00414537
  0.00454803
  -0.0016492
 -0.00596618
 -0.00358598
 -0.00305566
-0.000614525
-0.000569676
 -0.00073898
  0.00089419
  0.00395869
  0.00476253
  0.00481158
  0.00329992
  0.00602445
  0.00120789
 0.000266906
 -0.00466325
 -0.00187049
-0.000718515
 0.000896829
 -0.00206933
  -0.0012567
 -0.00406483
 -0.00430607
  0.00202525
  0.00119853
-0.000518183
  0.00127892
 -0.00416175
 -0.00657479
 -0.00574605
 -0.00218541
 0.000840311
  0.00159416
-7.15425e-05
 -0.00258212
-0.000462776
  0.00304853
   0.0043719
  0.00760774
  0.00143484
  0.00178513
  0.00491123
 -0.00196798
-0.000468277
 -0.00530769
  -0.0023795
 -0.00700086
   -0.002309
 0.000989926
  0.00457071
    0.001318
 -0.00287105
 -0.00689717
 -0.00168379
-0.000686611
 -0.00204489
 -0.00074608
 -0.00313841
 0.000149083
 -0.00248769
 -0.00490524
 -0.00697522
  0.00292781
   0.0014188
  0.00667867
  0.00481614
  0.00128854
   0.0022099
 0.000231556
  0.00212209
 -0.00369599
 -0.00224024
 -0.00272088
-0.000867575
 -0.00280103
 -0.00011048
  0.00608875
 0.000198704
 -0.00183609
  0.00374618
  0.00960607
  0.00638299
  0.00449361
 -0.00137215
 -0.00424035
 -0.00761992
   -0.004407
 -0.00579766
  0.00242925
 -0.00280746
  0.00176177
-0.000725142
  0.00904806
  0.00263084
 -0.00332135
 -0.00402273
  0.00126263
 -0.00195826
 -0.00385549
  0.00137454
   0.0032268
  0.00053167
 -0.00155332
  -0.0035244
   0.0020234
  0.00791958
   0.0066226
  0.00199477
 0.000478107
 0.000711231
-0.000157226
  0.00336738
  0.00704886
  0.00909136
  0.00970689
  0.00611748
  0.00516144
-5.73069e-07
 -0.00117848
 -0.00266125
 -0.00075601
 -0.00203766
  0.00381812
 -0.00238759
  -0.0084245
 -0.00341635
 -0.00122078
 0.000324698
  0.00571082
  0.00767102
  0.00459925
  0.00175566
 -0.00466673
 -0.00396416
  0.00417028
  0.00644174
  0.00302296
  0.00464111
-0.000202478
 -0.00682998
 -0.00413547
 0.000292838
 -0.00130954
 -0.00180694
 -0.00576756
 -0.00408213
 -0.00328734
 -0.00185654
  0.00150399
 -0.00290181
 -0.00727934
  0.00171718
  0.00127613
 0.000992426
 -0.00405595
 -0.00236807
 -0.00432044
  0.00400275
  0.00172149
-0.000932046
    0.001408
 -0.00138831
-0.000502621
 -0.00316501
 -0.00182445
  -0.0022331
-0.000600275
 0.000832668
  0.00135987
  0.00713427
  0.00526707
 -0.00274242
 -0.00383994
 -0.00482417
 -0.00081656
 -0.00343008
 -0.00552859
 -0.00845925
 -0.00420062
 -0.00351276
  0.00106349
 -0.00354662
  -0.0043764
 -0.00103029
  0.00326895
  0.00420574
 -0.00156109
 -0.00680481
 -0.00446869
  0.00276587
  0.00338788
   0.0043613
  0.00347022
  -0.0040635
 -0.00570018
 -0.00158158
 -0.00163309
  0.00733423
  0.00599578
 2.57391e-06
  0.00154504
 0.000210598
  0.00859906
   0.0029101
  0.00027929
 -0.00210545
  0.00742986
  -0.0013914
 -0.00835807
 -0.00579016
 0.000296503
   0.0031087
 -0.00119164
  -0.0065414
 -0.00771582
 0.000159207
 0.000347909
-0.000262468
 -0.00134867
  0.00203686
  0.00819519
  0.00964397
  0.00324512
 0.000904494
 -0.00352508
 -0.00342423
-0.000666898
  0.00352498
 0.000858733
   0.0048809
  0.00294646
  0.00629049
  0.00762811
  0.00771409
 0.000890445
  0.00306861
  0.00404164
  0.00505324
 -0.00186339
 -0.00600268
 -0.00168707
 0.000942858
  0.00351964
 -0.00502777
 -0.00573652
 -0.00968858
 -0.00353073
 -0.00522663
 -0.00121129
 -0.00554294
  0.00218087
  0.00622788
  0.00945233
  0.00121263
  0.00373507
  0.00337549
-0.000531837
 -0.00289115
  -0.0108607
   -0.008628
 -0.00500951
  0.00357699
  0.00318034
 -0.00271174
-0.000519652
 -0.00408608
   0.0014617
   0.0036669
   0.0033326
 -0.00272647
 -0.00393533
 0.000486526
 -0.00258882
 -0.00091699
 -0.00270694
 -0.00367368
 -0.00322549
 0.000450187
 -0.00527441
 -0.00238646
-0.000843441
 -0.00166066
 -0.00423196
 -0.00138378
 -0.00452214
 -0.00635293
 -0.00207851
 -0.00609604
  -0.0110403
 -0.00554095
 4.63474e-05
  0.00299672
  0.00442161
  0.00472076
 -0.00362532
 -4.2596e-05
 -0.00258383
-9.51655e-06
-2.25961e-05
 -0.00241864
-0.000122756
  0.00630885
  0.00547461
-0.000907329
 -0.00258398
 -0.00484591
  0.00766624
  0.00792724
   0.0111173
  0.00704509
 0.000274622
 -0.00368861
 -0.00125604
 -0.00216137
  0.00363505
  -0.0042539
 -0.00526059
 -0.00173461
  0.00967557
  0.00874247
  0.00693185
-0.000799078
 -0.00349381
 -0.00162524
  0.00228458
  0.00799878
  0.00499656
  0.00276461
  0.00392869
  0.00746597
   0.0058682
  0.00045735
  0.00259446
 -0.00209517
  0.00234557
 0.000633214
  0.00239709
 -0.00225394
 -0.00532586
 -1.0338e-05
  0.00254938
  0.00531347
  0.00607982
  0.00341529
  0.00251429
  0.00088491
  0.00378327
  0.00272902
  0.00197041
  0.00142239
 -0.00455734
 -0.00819411
 -0.00672043
  0.00406115
  0.00819326
  0.00903097
 0.000942426
 -0.00200225
 -0.00367415
  0.00145112
-0.000285729
  0.00316879
  0.00576679
  0.00299429
 -0.00077063
 -0.00351892
-0.000197193
  0.00693422
   0.0102198
  0.00722951
 -0.00258024
 -0.00106197
 -0.00343147
  0.00240116
  0.00523972
  0.00479511
 -0.00431572
  -0.0034198
 -0.00306186
 -0.00276673
  0.00102245
 -0.00129538
 -0.00554314
 -0.00804437
 -0.00368853
 -0.00538931
 -0.00607085
 -0.00754781
 -0.00402264
 0.000286048
  0.00272724
 0.000788937
   0.0060394
  0.00767654
  0.00368427
  0.00156587
  0.00452414
 0.000567964
-0.000530471
  0.00909194
  0.00689541
  0.00729003
  0.00578459
  0.00482727
-0.000746287
  0.00115819
  0.00798631
  0.00551024
  0.00477236
  0.00557214
 -0.00250105
-0.000692283
  0.00508715
  0.00976258
  0.00244416
  0.00182138
 -0.00329264
 -0.00278481
 -0.00146545
 -0.00376959
 -0.00331967
-0.000488095
 0.000939428
  0.00118461
 -0.00100544
 0.000325308
 -0.00363134
 -0.00312526
 -0.00380104
 -0.00210476
 0.000563122
 0.000755864
 -0.00114806
 -0.00240641
 -0.00157657
 -0.00117051
  0.00163545
  0.00225822
 5.21493e-05
 -0.00350251
 -0.00394803
 -0.00599676
-0.000997734
 -0.00040271
  0.00310033
-0.000254263
 -0.00192091
 0.000770661
  0.00686294
  0.00752579
   0.0010514
 -0.00430033
 -0.00456044
-0.000380552
 -0.00135115
  0.00174268
  0.00115183
 0.000312277
 -0.00137305
  0.00421353
-9.25912e-05
  0.00261731
 -0.00206423
 -0.00547869
 0.000304647
  0.00396542
-0.000303362
 -0.00470117
 -0.00276359
  0.00421555
  0.00155457
 -0.00478907
 -0.00542794
   0.0015706
  0.00250658
 -0.00155841
 -0.00471542
 -0.00707237
 -0.00400798
 -0.00246172
 -0.00174298
 -0.00123715
 0.000388673
  0.00458188
 0.000728512
 -0.00113702
 -0.00350603
  0.00053956
 -0.00203443
-0.000745086
 -0.00285216
  0.00363096
   0.0033635
  0.00487421
   0.0015602
  0.00836598
   0.0129825
   0.0111806
-0.000171376
 0.000216113
  0.00013447
 -0.00416548
 -0.00323956
 -0.00280573
  0.00132807
 9.52505e-06
 -0.00309407
  -0.0028899
  -0.0065285
 -0.00870147
-0.000324809
  0.00220879
  0.00486712
  0.00656555
  0.00835873
  0.00561401
 0.000316299
 -0.00309741
 -0.00749466
   -0.002708
 -0.00187053
-3.11764e-05
 -0.00481903
 -0.00298952
-0.000258062
 0.000295646
 -0.00297484
 -0.00672737
 -0.00132153
 -0.00391585
 -0.00275737
 -0.00712749
 -0.00442786
 -0.00654448
  0.00360136
 -0.00046026
 0.000888214
   0.0027642
  -0.0034599
 -0.00090582
  0.00373481
  0.00817545
 -0.00107826
  0.00279968
  0.00661189
  0.00274303
  0.00164791
  0.00427724
  0.00393476
  0.00514509
  0.00335777
-8.15199e-05
 -0.00458335
  -0.0103727
 -0.00723265
 -0.00671545
-0.000484682
  0.00720375
  0.00608336
 0.000856715
 -0.00338689
  0.00386702
  0.00767072
  0.00181318
  0.00214748
 0.000149023
   0.0025623
 -0.00304294
  8.5257e-05
 -0.00117661
  0.00195527
  0.00148822
  0.00383692
 -0.00420171
   0.0042872
  0.00253974
 0.000730757
  0.00175055
  0.00473734
  0.00792268
 0.000398855
 -0.00646203
  -0.0101156
  -0.0100822
 -0.00639562
 -0.00230962
 -0.00137994
  -0.0052946
  0.00101849
  0.00157791
 -0.00164573
 -0.00106572
  0.00210918
-0.000910497
  0.00121544
  0.00397196
 -0.00426122
 -0.00231081
  0.00655518
  0.00278273
 -0.00462558
 -0.00534849
 -0.00635936
 -0.00305043
 -0.00669128
 -0.00335765
 -0.00572457
  0.00172429
 -0.00347226
 -0.00356204
 -0.00156378
-0.000621241
  0.00679732
  0.00255051
  0.00388106
-0.000208924
 0.000753863
 -0.00594277
 -0.00424368
   -0.001328
  0.00314738
  0.00543432
  0.00241298
-0.000799904
-0.000157142
 0.000693485
-4.54534e-05
-0.000784741
   0.0016429
  0.00123419
  0.00235121
  0.00155776
  0.00405766
-0.000776666
 -0.00159186
 8.44307e-05
  0.00273285
 0.000771678
 0.000434369
-0.000395893
 -0.00160297
 -0.00223366
 0.000322485
-8.12415e-05
  0.00147265
  0.00217689
  0.00456194
 0.000260188
  0.00503119
  0.00363242
  -0.0028664
 -0.00754639
 -0.00426714
-0.000397336
  0.00647927
  0.00097305
 -0.00249118
 -0.00647704
  0.00350868
  0.00347846
 -0.00482667
  -0.0073997
 -0.00986458
 -0.00369134
  0.00227234
  0.00751453
   0.0029804
  0.00030618
  0.00170797
 -0.00194254
-0.000346586
 1.33127e-05
-0.000102868
  0.00643399
  0.00459359
  0.00353816
 0.000640522
 -0.00131235
 -0.00560898
 -0.00633021
-0.000802068
 -0.00178711
 0.000382047
 -0.00359418
 -0.00694307
 -0.00126798
   0.0016711
  0.00264322
  0.00346387
  0.00304357
 0.000778477
 -0.00201689
 0.000712997
  0.00522563
  0.00255151
  0.00345813
 -0.00402579
 -0.00106069
 -0.00532674
 -0.00180049
 0.000585096
  0.00478393
  0.00477231
  0.00375438
  0.00668341
-0.000397242
  0.00407208
  0.00319979
   0.0107291
  0.00181849
 -0.00239571
 -0.00148203
 -0.00431234
-0.000844028
 -0.00126833
  0.00153402
 -0.00508492
 -0.00253446
 0.000667082
-0.000646867
-0.000485773
  0.00274862
  0.00308571
  0.00308429
  0.00276925
 0.000246137
-0.000256603
  0.00220721
  0.00709844
  0.00524978
  0.00369434
  0.00534897
  0.00192136
   0.0052138
-0.000562773
  0.00286512
   0.0063989
  0.00543315
  0.00236739
 -0.00292654
  0.00384877
  0.00103708
  0.00129309
 -0.00454798
 -0.00717258
 -0.00718981
 -0.00460931
  0.00635876
   0.0039568
 -0.00226225
 -0.00796063
 -0.00351143
 -0.00183322
  0.00116489
 0.000497894
-0.000277998
-6.73874e-05
  0.00315406
  0.00385799
 -0.00361154
 -0.00717706
-0.000248706
    0.003423
 0.000248612
  0.00156658
 -0.00239201
 -0.00112702
 -0.00297357
  0.00126219
  0.00464852
  0.00880977
  0.00135975
 -0.00259655
 -0.00279406
  0.00239003
  0.00285954
 -0.00261177
 -0.00393968
 0.000539211
-0.000538752
-0.000873559
 -0.00706092
 -0.00749234
 -0.00817317
  -0.0026896
  -0.0052267
 0.000498912
  0.00192176
   0.0012966
  0.00255679
   0.0053755
   0.0079998
  0.00666533
  0.00511622
 -0.00250202
  0.00107107
-0.000797686
 -0.00150047
 -0.00265364
  0.00255634
  0.00288178
 -0.00271557
 0.000220791
 -0.00183406
 -0.00190902
 -0.00443659
   0.0012948
  0.00110082
-0.000244527
 0.000872962
 0.000218928
 -0.00223798
 -0.00360139
-0.000982672
 -0.00193167
  0.00337481
  0.00451224
 -0.00326412
 -0.00589986
  0.00600507
  0.00211761
  0.00329148
  0.00656124
  0.00165164
 0.000596702
  0.00463316
  0.00380835
  0.00109021
  0.00493282
  0.00701166
  0.00628458
 -0.00118815
   0.0014345
 -0.00102954
   0.0006031
  0.00126489
 -0.00652173
 -0.00393376
 -0.00554378
  -0.0012493
-0.000278407
 -0.00224244
 7.05862e-05
-0.000479262
-0.000835171
-0.000506149
 8.25544e-05
 -0.00193425
 0.000150314
  0.00420802
-0.000932228
   0.0031369
-3.58625e-05
 0.000135956
 -0.00243286
  0.00750207
 -0.00104646
 -0.00084333
  -0.0025182
  0.00454521
-0.000947983
-0.000599245
-0.000980609
 -0.00266308
  0.00112107
 0.000955064
 0.000422194
-0.000988208
 -0.00564429
 -0.00233161
 -0.00709685
-6.29557e-05
  0.00782839
  0.00562815
  0.00235671
 -0.00140542
  -0.0014752
 -0.00175709
  0.00313072
-0.000423076
  -0.0039347
   -0.004534
  0.00413801
  0.00777384
  0.00993814
  0.00175571
  0.00457808
  0.00231926
 0.000902925
 -0.00103755
 -0.00048333
 0.000402339
  0.00258501
  0.00384838
   0.0052661
 -0.00127648
 -0.00993574
 -0.00725751
  0.00542928
  0.00731995
  0.00679363
 -0.00483371
 -0.00551995
 -0.00177619
  0.00878403
  0.00641056
  0.00247857
-0.000939715
  0.00220632
  0.00211412
 -0.00449803
 -0.00450321
 -0.00674026
  0.00279299
  0.00126867
 -0.00267393
 -0.00077505
 -0.00473452
 -0.00230504
 7.72252e-05
  0.00963155
  0.00615813
  0.00645089
 8.91386e-05
  0.00322999
 -0.00115733
 -0.00533283
 -0.00773087
 -0.00663245
  -0.0046046
 0.000225504
  0.00184971
 -0.00132266
  0.00198823
  0.00776842
  0.00510894
   0.0035661
-0.000492632
  0.00577913
  0.00596843
  0.00283673
 -0.00102655
 -0.00454996
 -0.00580616
 -0.00274338
  0.00338055
  0.00137592
 7.57887e-06
 0.000715147
  0.00168795
 0.000650189
  0.00156545
 -7.7154e-05
-0.000729593
 -0.00410898
 -0.00601611
 -0.00735054
-0.000612297
 0.000113097
  0.00118164
  -0.0029326
 -0.00157185
 -0.00106557
  0.00365364
  0.00154587
  0.00310282
  0.00535408
 -0.00479306
 -0.00415095
 -0.00127485
 -0.00283747
 -0.00389575
 -0.00225583
 0.000407275
 0.000155829
 -0.00116518
 -0.00588974
 -0.00244598
 -0.00657641
 -0.00101644
  0.00147635
  0.00236018
  0.00545699
    0.005307
  0.00319403
 -0.00103874
  0.00191047
  0.00502272
-0.000154933
-9.65961e-05
 -0.00350128
 -0.00666954
 -0.00178585
  0.00115769
   0.0073199
  0.00567791
  0.00314649
   0.0032096
  0.00133169
   0.0014306
 -0.00203395
 -0.00362766
 -0.00433766
-0.000426975
 0.000181945
-0.000428216
 -0.00188086
 -0.00160933
   0.0029586
  0.00681426
  0.00153166
-0.000819311
 -0.00488918
 -0.00395212
 -0.00106846
  0.00679177
  0.00792847
  0.00596948
  0.00577486
  0.00212993
 -0.00366318
  -0.0121038
 -0.00591808
  0.00459029
  0.00730833
 0.000255084
 -0.00110228
  0.00290069
  0.00115118
  0.00239857
  0.00195744
 -0.00771549
 -0.00876142
 -0.00690859
 -0.00282199
  0.00357259
  0.00194634
 -0.00645357
 -0.00431178
 -0.00328518
  0.00171385
   0.0033914
  0.00197792
   0.0013347
  0.00437874
  0.00642957
 -0.00719471
  -0.0125963
 -0.00327887
 0.000124116
 -0.00204634
-0.000661014
   0.0047259
-0.000311008
 0.000329601
  0.00346581
-0.000226497
 -0.00272084
 2.18137e-05
 -0.00301047
   -0.002247
 6.08104e-05
  0.00204215
   0.0039508
  0.00265479
 0.000656651
  0.00333792
 -0.00415159
 -0.00836998
 -0.00564545
  0.00386576
-0.000855896
  0.00394254
  0.00167179
 0.000369213
  0.00220629
-0.000252181
 -0.00157721
  0.00270785
  0.00359942
  0.00663476
  0.00435246
-0.000385119
  0.00380352
  0.00217501
  0.00479651
  0.00492094
  0.00576603
 -0.00153244
 -0.00554386
 -0.00765875
  0.00204604
  0.00550862
  0.00835537
 0.000677808
 -0.00353387
 -0.00454284
 -0.00208399
  0.00279076
  -0.0016031
  -0.0029014
  0.00226133
  0.00529484
  0.00320229
 0.000861624
 -0.00128813
 -0.00214196
 -0.00232168
 -0.00339229
  0.00202844
 -0.00119616
 -0.00414522
 -0.00247342
  0.00650583
  0.00971857
  0.00536524
  0.00466778
 -0.00127055
 -0.00525832
 -0.00589893
 -0.00197658
  0.00106941
  0.00124973
-0.000757299
 -0.00196541
   0.0015773
 0.000417235
-0.000846591
-0.000998148
 -0.00638171
 -0.00365096
  -0.0014823
 -0.00230939
 -0.00176405
-0.000317287
   -0.002854
 -0.00495022
 -0.00160936
-0.000382898
-0.000815976
-7.42035e-05
  0.00658864
  0.00137978
  0.00625373
  0.00911842
  0.00575677
 -0.00466142
 -0.00488301
 -0.00442531
 7.60392e-05
  0.00822294
   0.0066032
  0.00242534
 -0.00227251
 -0.00319001
  0.00239741
  0.00748212
 -0.00261571
 -0.00811885
 -0.00514479
   0.0021201
 -0.00158997
 0.000204815
  0.00159715
  0.00177038
 -0.00300476
  0.00704034
  0.00550766
  0.00822725
  0.00453997
  0.00247995
 0.000280602
 -0.00322873
  0.00112868
 -2.1684e-05
  0.00373556
  0.00046772
  0.00367669
 -0.00306072
-0.000783552
 -0.00221989
   0.0047503
 -0.00135942
  0.00102358
-0.000784401
 -0.00279991
 0.000471054
 0.000831277
-0.000835758
 -0.00268133
  0.00023494
 8.59372e-05
  0.00531126
  0.00374142
  0.00229762
 0.000828608
 -0.00326976
  0.00112636
  0.00580538
  0.00103042
  0.00157785
  0.00219343
 -0.00192283
 -0.00172931
-0.000251046
 0.000196718
-5.42313e-05
  0.00321981
-0.000597306
 -0.00190785
 0.000273666
  0.00356056
   0.0071634
 0.000665695
 0.000932113
 -0.00599585
 -0.00400231
 -0.00486281
    0.003348
 0.000788259
  0.00127789
 0.000782727
  0.00136718
-0.000930909
-0.000221488
  0.00550662
  0.00221492
  0.00581258
  0.00312449
  0.00406323
  0.00203543
  0.00136215
 0.000210704
  0.00662066
  0.00717161
  0.00645035
  0.00438046
 0.000454163
 -0.00432379
  -0.0022222
 -0.00209795
  0.00485948
  0.00121584
-0.000146896
 -0.00126617
  0.00383092
  0.00243819
  0.00249037
  0.00119592
 -0.00358081
    -0.00879
 -0.00710781
  -0.0042339
  0.00239469
 0.000798058
  0.00545271
  0.00533739
-0.000402081
 -0.00188448
 0.000957212
  0.00118382
 -0.00644285
 -0.00635006
 -0.00250383
 2.13938e-05
 -0.00223213
 -0.00489867
  -0.0049151
 -0.00280562
 -0.00501679
  -0.0011294
 -0.00716576
 -0.00309238
-0.000343813
  0.00233059
  -0.0025533
 -0.00399112
 1.98512e-07
 -0.00119062
 -0.00155912
 -0.00434673
  0.00322408
-0.000696188
  0.00308725
  0.00188851
  0.00776447
  0.00712141
  0.00528373
  0.00569856
  0.00479116
   0.0015213
 0.000854298
 0.000188803
 -0.00160963
  -0.0017091
-0.000148845
 -0.00237075
 -0.00749468
  -0.0069575
 -0.00609549
 -0.00915511
 -0.00202729
-0.000934923
 -0.00340491
 -0.00575244
 -0.00444057
-0.000601021
  0.00301899
 -0.00201543
 -0.00157402
 -0.00350624
  0.00292024
 -0.00359881
 -0.00117769
 -0.00349069
 0.000341732
 -0.00202477
-0.000523801
 -0.00184989
  0.00126995
-0.000280343
  0.00054311
 -0.00246148
 -0.00308315
 -0.00546361
 -0.00673663
 -0.00439975
  -0.0033695
 -0.00731237
-6.68024e-05
  0.00152182
-0.000944469
 -0.00486139
 -0.00636742
 -0.00473402
  0.00102323
 0.000709815
 -0.00161834
 -0.00277467
 -0.00142951
 -0.00227341
 0.000634403
 0.000789963
  0.00406735
  0.00656116
 -0.00290681
 -0.00159809
 -0.00562171
   -0.000634
 -0.00499325
-0.000600006
  0.00319096
    0.004303
  0.00466986
 -0.00130585
 0.000743436
 -0.00202308
 -0.00184506
 -0.00214563
 0.000434063
  0.00189504
 -0.00152256
 -0.00725551
 -0.00175492
 -0.00398933
 -0.00219624
 -0.00034405
 7.44045e-05
 -0.00516323
 -0.00305736
-0.000315272
 -0.00156132
 -0.00278117
  0.00153593
 0.000590496
  0.00556987
   0.0123791
  0.00719756
 -0.00551066
 -0.00496225
 -0.00218009
 -0.00591918
 0.000265534
  0.00413434
  0.00468468
 -0.00194994
  0.00259381
 0.000346214
 -0.00340117
  0.00054654
   0.0038442
  0.00695241
  0.00133261
-5.96213e-05
  -0.0083836
 -0.00753089
 -0.00125838
  0.00210399
 -0.00227155
 -0.00438696
 -0.00185421
 -0.00103792
  0.00218168
 0.000979257
 -0.00386275
 -0.00556586
 -0.00370859
 0.000594405
 0.000458188
 -0.00359259
 -0.00363043
 -0.00512582
 -0.00505499
 -0.00456119
 -0.00427871
  0.00187748
  -0.0032366
  0.00102874
  0.00247391
  0.00226715
 -0.00390942
  -0.0044119
 -0.00108151
 -0.00546981
 0.000829677
  0.00753399
  0.00449775
 -0.00175909
 -0.00229067
 -0.00417185
-0.000161695
 -0.00066183
-0.000276558
 0.000108824
 -0.00469974
-0.000659557
 -0.00149709
  0.00106098
 -0.00412812
 -0.00312031
 -0.00601189
-4.23064e-05
 -0.00209136
 0.000375488
 -0.00481283
 -0.00415002
  0.00147427
  0.00196513
   0.0023967
 -0.00528258
 -0.00523272
   0.0042335
  0.00516774
   -0.001909
 -0.00119797
-0.000224501
 0.000853917
 -0.00111372
 -0.00297084
 -0.00404722
-0.000327231
  0.00196309
 5.22418e-05
-0.000839176
-0.000200131
  0.00135942
  0.00196932
  0.00259471
 -0.00261756
 -0.00142318
  0.00191696
  0.00205849
-0.000431678
 -0.00276295
 -0.00531388
 0.000514687
  0.00135838
 0.000996815
  0.00278426
  0.00169023
  0.00705955
  0.00624521
  0.00518108
  0.00374501
   0.0042769
 -0.00227228
 -0.00449057
 -0.00386856
 1.19917e-05
  0.00647642
  0.00350043
 -0.00380298
 -0.00136388
  0.00106226
 0.000443637
   0.0017538
  0.00202588
  0.00393172
 -0.00650962
  0.00316985
 0.000704455
  0.00401837
 -0.00449736
 -0.00336726
 -0.00961539
 -0.00201682
-0.000794912
 0.000452668
  0.00113214
 -0.00243309
 -0.00138318
 -0.00259861
  0.00137179
  0.00391565
  0.00785988
    0.002589
 0.000501129
 -0.00200057
  0.00376676
 -0.00134023
 0.000563691
 -0.00794134
-0.000690285
   0.0018158
  0.00715748
   0.0071757
  0.00411278
  -0.0061752
 -0.00514546
 -0.00543182
 -0.00491162
 -0.00167092
 0.000233526
  0.00137157
-0.000442525
-0.000389135
-7.89702e-06
  0.00489225
  0.00226694
 -0.00176932
 -0.00188539
 -0.00467618
 -0.00180223
 -0.00197738
 -0.00165744
  0.00297447
  0.00199697
 -0.00393761
 -0.00455873
-0.000809022
 -0.00320853
 -0.00138615
 -0.00227841
 -0.00125757
-0.000587104
  0.00410336
  0.00483826
 -0.00162472
 -0.00366254
 -0.00686237
  0.00211808
  0.00119993
 -0.00232681
 0.000909306
 -0.00711288
 -0.00372747
  0.00047694
  0.00479064
 -0.00307448
 -0.00230645
 -0.00292414
  -0.0053243
    0.001236
  0.00191242
  0.00104749
  0.00133648
  0.00184395
-0.000204996
 -0.00375148
 -0.00147467
 -0.00362569
 -0.00461177
 -0.00450183
 -0.00306233
  0.00126757
 0.000614645
  0.00686992
  0.00307443
     0.01021
  0.00879539
  0.00873847
-0.000669267
 -0.00352962
  0.00351786
 -0.00443677
 -0.00259343
  -0.0081481
 0.000748302
 -0.00412282
  0.00151293
  -0.0035981
 -0.00166631
 -0.00293771
  0.00242764
 -0.00292877
 -0.00196938
  0.00100414
  0.00127245
  0.00176197
  0.00635059
  0.00773897
  0.00306199
  0.00274958
 -0.00596093
 0.000412954
  0.00745083
  0.00826152
-0.000366937
-2.44687e-05
 -0.00242246
 -0.00690253
  -0.0105728
 -0.00848551
 -0.00480857
 0.000692428
 -0.00097936
 -0.00350884
 -0.00438694
  0.00730568
  0.00945969
  0.00425947
 -0.00406105
 -0.00150116
 -0.00471863
 0.000303655
  0.00143032
-0.000213673
 -0.00346676
   -0.002603
 0.000681017
  0.00764546
  0.00371637
 -0.00150439
 -0.00102332
  -0.0042796
-0.000647006
 -0.00632025
   -0.002405
  0.00328637
   0.0102002
    0.011861
  0.00188665
 -0.00267565
 -0.00603438
 -0.00305917
 -0.00655576
 -0.00565206
 -0.00393091
 -0.00149643
   0.0060094
  0.00371286
  0.00291307
  0.00333531
  0.00304833
  0.00289116
 -0.00100805
 -0.00171111
  0.00129646
  0.00107759
-0.000454052
-5.86473e-06
 -0.00264328
 -0.00185186
 0.000489783
  0.00245824
  0.00395359
  0.00210052
  0.00467214
  0.00049322
   0.0014521
  0.00350456
  0.00566837
 -0.00099742
 -0.00482501
  -0.0021936
  0.00154783
  0.00767737
 -0.00113361
 -0.00761114
 -0.00805064
 -0.00298416
 -0.00232562
 -0.00150875
 0.000905198
    0.001201
  0.00378531
  0.00250105
 -0.00664796
 -0.00552373
 -0.00675171
 -0.00191017
 -0.00503589
  0.00247191
  0.00434555
  0.00167994
 -0.00340316
 -0.00925587
-0.000685845
  0.00370529
  0.00255318
 -0.00737382
  -0.0141921
 -0.00640215
 -0.00496829
  0.00241321
 -0.00636197
 -0.00304922
 -0.00509376
 -0.00593419
 -0.00182358
 -0.00175061
 -0.00620614
 -0.00793664
 -0.00662299
  0.00239542
  0.00714877
  0.00745055
  0.00543577
   0.0038917
  0.00599428
  0.00274011
  -0.0026393
  -0.0028281
-0.000719264
  0.00251194
  0.00158112
  0.00603939
  0.00526708
  0.00513442
 -0.00240276
 -0.00322457
  0.00132237
   0.0038858
 -0.00161087
  -0.0052738
  -0.0120333
 -0.00631548
 -0.00435217
 0.000369623
 -0.00772533
 -0.00199001
-0.000171476
  0.00331549
  0.00112729
  0.00153672
-0.000802083
-0.000563257
   0.0065068
  0.00499232
  0.00575688
 -0.00190287
-0.000472026
 -0.00029713
  0.00339527
  0.00499877
  0.00114267
 0.000779681
 -0.00242962
 -0.00204262
 -0.00267798
  0.00421381
  0.00409502
  0.00781147
  0.00707055
  0.00401092
 -0.00276196
 -0.00623569
 -0.00519498
 -0.00253819
-0.000837513
 -0.00230953
 -0.00156761
  0.00250128
-0.000623881
 -0.00439848
 -0.00507848
 -0.00127454
 0.000486148
 -0.00294558
 -0.00268942
 -0.00544237
 0.000255527
  0.00407969
  0.00853829
  0.00541989
  0.00591203
 -0.00310078
-0.000585668
-3.47465e-05
 -0.00358114
 -0.00640288
-0.000290778
-0.000812645
  0.00191119
 -0.00609332
  -0.0061628
 -0.00309149
  0.00342139
  0.00086734
 0.000978192
-0.000832147
-0.000305355
  0.00149741
  0.00517704
 0.000335094
 -0.00308812
 -0.00337371
 -0.00386246
 -0.00158284
  0.00241793
 0.000823767
 0.000997603
 -0.00224178
 -0.00365785
 -0.00399001
 -0.00775322
 -0.00330596
 -0.00192284
 -0.00168056
  0.00141484
  0.00344652
  0.00351927
 0.000992976
 -0.00208842
 -0.00119691
 -0.00229921
   0.0023028
  0.00462617
  0.00246693
  0.00287399
  0.00463895
  0.00325149
 -0.00202575
  0.00164535
  0.00451044
  0.00166296
  0.00435615
-4.81635e-05
  0.00340352
-0.000300713
  0.00472874
  0.00560859
  0.00583104
 -0.00375935
  0.00113887
  0.00231559
   0.0130559
  0.00946911
  0.00627474
  0.00235853
 0.000182961
 -0.00146303
  0.00750359
  0.00649808
 -0.00147012
 -0.00754982
 -0.00177899
  0.00491792
  0.00151107
 0.000294241
 -0.00128601
 -0.00323614
 -0.00180853
  0.00338648
   0.0016549
 0.000237258
-0.000836728
  0.00251379
 -0.00818162
 -0.00503929
  -0.0052612
  -0.0021923
  0.00122301
 -0.00476237
 -0.00284694
 -0.00599286
 -0.00204151
 -0.00400239
 -0.00012571
 -0.00557724
 -0.00370113
  -0.0109726
 -0.00247662
  -3.579e-05
  0.00290017
 -0.00481784
  0.00234867
  0.00309579
    0.005439
  0.00222788
 0.000267281
 -0.00744666
 -0.00310584
 -0.00546667
 -0.00071899
 -0.00225607
 0.000911165
 0.000171002
-0.000782598
 -0.00284459
 -0.00265476
 -0.00354868
  0.00106815
 -0.00221395
   0.0018241
  0.00181421
  0.00351068
  0.00589597
  0.00104387
 -0.00115131
  0.00223207
-0.000704972
 0.000452965
 0.000359605
   0.0046166
 0.000709218
  0.00471354
  0.00246044
  0.00651139
  0.00416457
  0.00177235
 0.000681251
  0.00189281
  0.00207836
  0.00153605
  0.00221317
  0.00219195
  0.00165294
 -0.00219975
 -0.00480704
  0.00100064
  0.00334059
  0.00144632
 0.000876504
 -0.00228629
  0.00242476
  0.00542489
  0.00574129
  0.00889178
  0.00970268
 0.000461016
 -0.00424717
 0.000886666
   0.0020775
 0.000657853
 0.000908326
  -0.0030607
 -0.00248335
 0.000499309
 -0.00192908
 -0.00846454
 -0.00693022
 -0.00207337
 -0.00271412
 -0.00886172
 -0.00437703
 -0.00127652
 -0.00172486
 -0.00386136
 -0.00378147
 -0.00205884
 -0.00270753
  0.00319105
 -0.00280011
 -0.00204529
  0.00349113
   0.0101897
  0.00813681
   0.0064456
  0.00352501
  -0.0029769
 -0.00838335
 -0.00660415
 4.43862e-05
  0.00267632
  0.00218101
-0.000144235
 0.000158332
 -0.00810102
  -0.0038094
  0.00109075
  0.00213977
 -0.00306881
 -0.00151377
 -0.00393649
  0.00171313
  0.00457929
  0.00654215
  0.00282059
  0.00279649
 -0.00115336
 -0.00208478
 0.000335051
 0.000250648
  0.00495324
  0.00417807
  0.00403886
  0.00269445
-0.000310219
  0.00112348
  0.00401174
 0.000623979
   0.0016807
  -0.0068671
  -0.0043226
  0.00154571
  0.00244595
 -0.00585754
 -0.00332433
  0.00179619
-0.000841468
 -0.00625839
  -0.0104578
 -0.00368325
 -0.00190768
-6.47297e-05
 -0.00767509
 0.000679748
 0.000895689
  0.00229151
-0.000381234
  0.00160641
-0.000506654
  0.00343326
  0.00402785
  0.00349426
  0.00581223
  0.00911567
  0.00237184
 -0.00167059
 -0.00418363
  -0.0020673
 -0.00182889
 -0.00467482
 -0.00636152
 -0.00625608
  0.00345608
  0.00379845
  0.00216761
 0.000622178
  0.00248427
 -0.00122812
 -0.00664075
  -0.0074931
  -0.0027799
  0.00292786
  0.00130052
-0.000539836
  0.00260026
  0.00158488
-6.22931e-06
 -0.00236864
 -0.00410984
 -0.00216373
 0.000952074
  0.00238276
  0.00256333
  0.00293872
  0.00460946
  0.00790815
  0.00166412
  0.00171671
   0.0032162
 -0.00199634
  -0.0100113
 -0.00677375
 -0.00057767
  0.00464848
  0.00270149
  0.00241629
 -0.00433997
 -0.00592796
  -0.0102223
 -0.00602571
  -0.0026141
 -0.00030016
 -0.00300476
 -0.00598414
 -0.00179121
  0.00335379
   0.0011741
  -0.0051835
 -0.00175628
 -0.00384176
 -0.00389868
  0.00253825
-2.55693e-05
 0.000681798
 -0.00360553
 -0.00226883
-0.000625009
  0.00517677
-0.000163447
 -0.00165417
 0.000886819
  0.00345177
  0.00231839
-0.000199767
 -0.00783671
 -0.00260166
  0.00413095
  0.00932549
  0.00235552
-0.000224456
 2.75547e-05
  0.00510391
   0.0078376
-0.000511413
-0.000642554
 0.000177227
  0.00506605
 -0.00310173
 -0.00496809
  -0.0051911
 -0.00375191
 -0.00402359
 -0.00297177
 -0.00313151
 -0.00128071
 -0.00117759
  0.00722347
  0.00374978
  0.00696816
  0.00232612
 -0.00235578
 -0.00106214
 0.000943493
-0.000111115
-0.000671864
 -0.00212986
  -0.0026371
  0.00119551
 6.10798e-05
  0.00484121
  0.00211004
  0.00325951
 0.000403228
  0.00107147
 -0.00723054
    -0.00564
  0.00398305
  0.00141677
 -0.00206533
 -0.00338459
  -0.0018633
 -0.00356283
  0.00149943
 -0.00114782
  0.00264588
  0.00626765
  0.00483419
 0.000589803
   0.0026132
  0.00331269
  0.00171616
 -0.00397227
 -0.00962907
 -0.00360957
  0.00669477
  0.00323466
  0.00657384
 -0.00517814
  -0.0191997
  -0.0301097
  0.00584701
   0.0597205
   0.0720353
  -0.0410364
  -0.0656767
   0.0283763
   0.0461071
    0.137052
   -0.280381
   -0.640973
    0.681426
