-0.00170045
 -0.0204416
 -0.0361323
 -0.0359852
 -0.0140963
 -0.0542262
 -0.0414203
 -0.0479227
 -0.0345359
  0.0301238
  0.0112688
  0.0146195
 -0.0426511
-0.00913092
 0.00604102
 -0.0563508
 -0.0803766
 -0.0492645
 -0.0502507
 -0.0119684
  0.0186464
  0.0318021
  0.0393968
  0.0578826
 0.00900685
  0.0024614
  0.0474028
  0.0140707
 -0.0707178
 -0.0349512
-0.00874256
 -0.0672624
 -0.0839053
 -0.0279621
  0.0601604
  0.0281754
 -0.0375339
 -0.0328601
 -0.0298181
    0.00724
  0.0524023
  0.0847183
 0.00320609
 -0.0284457
  0.0162782
 0.00219744
-0.00274466
 -0.0759792
  -0.103171
 -0.0255034
 -0.0192855
-0.00459849
 -0.0675874
 -0.0107304
 -0.0293997
  0.0154417
  0.0456244
  0.0104455
  -0.031822
   0.011431
   0.012009
  0.0163653
  0.0235107
-0.00523797
 -0.0186915
 -0.0245963
-0.00399297
  0.0058866
  0.0107483
 -0.0195216
 -0.0143254
 -0.0227835
 -0.0346654
 -0.0152901
   -0.03708
 -0.0503275
 -0.0650563
 -0.0138442
 -0.0471111
  -0.066121
 -0.0313952
-0.00974141
 -0.0203087
-0.00214152
   0.043034
  0.0344647
 -0.0569115
 -0.0148689
-0.00596433
  0.0522561
  0.0768672
  0.0426386
  0.0475067
  0.0097861
 -0.0664965
 -0.0616482
 0.00131506
 0.00387593
  0.0583176
  0.0662472
  0.0423744
  0.0797415
  0.0989521
  0.0308386
  0.0474679
  0.0136106
 0.00414697
 -0.0386939
 0.00247448
 -0.0464166
 -0.0553681
 -0.0072033
  0.0569517
  0.0894596
  0.0204079
  0.0216309
  0.0699192
   0.134054
  0.0615091
  0.0417159
  0.0284438
 -0.0213009
 -0.0111278
  0.0542947
 -0.0444612
 0.00766094
  0.0210329
  0.0769902
  0.0418172
 0.00581684
   0.043849
-0.00738598
  -0.063805
 -0.0760465
 -0.0590974
 0.00181576
 -0.0744711
 -0.0372101
 -0.0489903
 -0.0200013
 -0.0365977
 -0.0797351
  -0.112841
  -0.127731
 -0.0106695
 -0.0357876
  0.0396563
  0.0602611
  0.0683201
  0.0227398
-0.00290819
   0.020448
  0.0203721
 0.00713208
  0.0120634
  0.0194324
   0.081059
  0.0151534
  0.0152077
  0.0286179
 -0.0493914
0.000737055
0.000922721
  0.0124038
 -0.0288445
  0.0323832
  0.0173931
 0.00192702
  0.0230812
  0.0359683
  0.0510552
-0.00159342
 -0.0471239
 -0.0529821
 -0.0185603
   0.040517
 -0.0266236
 -0.0464905
 -0.0234434
 0.00340406
  0.0893297
 -0.0174207
 -0.0153439
 -0.0152597
 -0.0250657
 -0.0142414
 -0.0252937
  0.0421095
  -0.035583
 0.00317265
 -0.0107692
  0.0483588
   0.073267
-0.00932384
 -0.0510239
 -0.0156332
 -0.0102471
   0.111501
  -0.304921
  -0.638958
    1.39027
